pns_91,pns_92,trueState,pns_90,pns_95,ll_89,pns_96,pns_93,pns_94,pns_99,pns_97,pns_98,ll_90,ll_91,ll_96,ll_97,ll_98,ll_99,datasize,ll_92,ll_93,ll_94,ll_95,pns_80,pns_81,pns_84,ll_78,pns_85,ll_79,pns_82,pns_83,pns_88,pns_89,pns_86,pns_87,ll_80,ll_85,ll_86,ll_87,ll_88,ll_81,ll_82,ll_83,ll_84,pns_70,pns_73,pns_74,pns_71,pns_72,pns_77,pns_78,pns_75,pns_76,pns_79,ll_max,pns_62,pns_63,pns_60,pns_61,pns_66,pns_67,pns_64,pns_65,pns_68,pns_69,exactPath,stop_criteria,ll_1,ll_2,ll_0,ll_5,ll_6,ll_3,ll_4,pns_11,ll_9,pns_12,ll_7,pns_10,ll_8,pns_15,pns_16,pns_13,pns_14,pns_19,pns_17,pns_18,time_learn,iter_9,iter_8,iter_7,iter_6,iter_5,iter_4,iter_3,iter_2,iter_1,iter_0,pns_51,pns_52,pns_50,pns_55,pns_56,pns_53,pns_54,pns_59,pns_57,pns_58,pns_40,pns_41,pns_44,pns_45,pns_42,pns_43,pns_48,pns_49,pns_46,pns_47,pns_30,iter_max,pns_33,pns_34,cause,pns_31,pns_32,pns_37,pns_38,pns_35,pns_36,pns_39,pns_22,pns_23,pns_20,pns_21,pns_26,pns_27,pns_24,pns_25,time_pns,pns_28,pns_29,ratio_62,ratio_63,ratio_64,ratio_65,ratio_66,ratio_67,ratio_68,ratio_69,ratio_60,ratio_61,ratio_51,ratio_52,ratio_53,ratio_54,ratio_55,ratio_56,ratio_57,ratio_58,ratio_59,ratio_50,ratio_40,ratio_41,ratio_42,ratio_43,ratio_44,ratio_45,ratio_46,ratio_47,ratio_48,ratio_49,ratio_0,ratio_1,ratio_2,ratio_3,ratio_30,ratio_31,ratio_32,ratio_33,ratio_34,ratio_35,ratio_36,ratio_37,ratio_38,ratio_39,iter_10,iter_11,iter_16,iter_17,iter_18,iter_19,iter_12,iter_13,iter_14,iter_15,ratio_95,ratio_96,ratio_97,ratio_98,ratio_99,pns_u,ratio_90,ratio_91,pns_l,ratio_92,ratio_93,ratio_94,iter_30,ratio_84,iter_31,ratio_85,iter_32,ratio_86,iter_33,ratio_87,ratio_88,ratio_89,modelPath,iter_38,iter_39,iter_34,iter_35,iter_36,iter_37,ratio_80,ratio_81,ratio_82,ratio_83,ratio_73,iter_20,ratio_74,iter_21,ratio_75,iter_22,ratio_76,ratio_77,ratio_78,ratio_79,iter_27,iter_28,iter_29,iter_23,iter_24,iter_25,iter_26,pns_8,pns_9,pns_6,pns_7,pns_4,pns_5,pns_2,pns_3,pns_0,pns_1,ratio_70,ratio_71,ratio_72,iter_52,iter_53,iter_54,iter_55,iter_50,iter_51,iter_56,iter_57,iter_58,iter_59,ll_10,ll_11,iter_41,iter_42,iter_43,iter_44,method,modelID,iter_40,iter_49,iter_45,iter_46,iter_47,iter_48,exact,iter_74,ll_27,iter_75,ll_28,iter_76,ll_29,iter_77,iter_70,ll_23,iter_71,ll_24,iter_72,ll_25,iter_73,ll_26,iter_78,iter_79,ll_30,ll_31,ll_32,iter_80,ll_33,iter_63,ll_16,iter_64,ll_17,iter_65,ll_18,iter_66,ll_19,ll_12,iter_60,ll_13,iter_61,ll_14,iter_62,ll_15,infoPath,iter_67,iter_68,iter_69,ll_20,ll_21,ll_22,iter_96,ll_49,iter_97,iter_98,ratio_20,iter_99,ratio_21,iter_92,ratio_22,ll_45,iter_93,ratio_23,ll_46,iter_94,ratio_24,ll_47,iter_95,ratio_25,ll_48,ratio_26,ratio_27,ratio_28,threshold,ratio_29,falseState,ll_52,ll_53,ll_54,ll_55,ll_50,ll_51,iter_85,ratio_4,ll_38,iter_86,ratio_5,ll_39,iter_87,ratio_6,iter_88,ratio_7,ratio_10,iter_81,ratio_8,ratio_11,ll_34,iter_82,ratio_9,ratio_12,ll_35,iter_83,ratio_13,ll_36,iter_84,ratio_14,ll_37,ratio_15,ratio_16,ratio_17,ratio_18,iter_89,ratio_19,effect,ll_41,ll_42,iter_90,ll_43,iter_91,ll_44,ll_40,ll_67,ll_68,ll_69,ll_74,ll_75,ll_76,ll_77,ll_70,ll_71,ll_72,ll_73,ll_56,ll_57,ll_58,ll_59,ll_63,ll_64,ll_65,ll_66,ll_60,ll_61,ll_62
0.09775149895765775,0.06790871541483759,0,0.10175910864074916,0.09729943033473029,-8597.439639872055,0.033644587648906536,0.09096046233089222,0.10313635788254548,0.10968202730181091,0.10392765815547331,0.07422642152289084,-8597.077266576965,-8597.13686534651,-8597.05956562308,-8597.060824179414,-8597.061469368477,-8603.48722637325,1000,-8597.061651602344,-8597.21477392469,-8597.133015756473,-8597.059193508292,0.06831555278975436,0.09671017796333525,0.09019828852064882,-8597.058064793822,0.06359583643413463,-8597.28080524171,0.09348604408747932,0.080078150154862,0.08396262159335158,0.08014193159018056,0.10116444210177525,0.0916891860610662,-8597.072276518134,-8597.074715578176,-8597.107721040904,-8597.064834030558,-8597.06198635373,-8597.052124932557,-8597.24291841681,-8597.242364364534,-8597.069305343766,0.06263297097422117,0.0875989346091928,0.096472333269333,0.11097830125921587,0.11793075017013177,0.10314587699338784,0.07689646571100935,0.10144343212424323,0.07745120516924582,0.09669209253022523,-8597.031480329188,0.07757099062623452,0.09354058868365472,0.08559645605444094,0.08685160864080213,0.114708941754105,0.08662021905674885,0.07585055620700108,0.08674072780247433,0.08776887901242819,0.08237536640555289,/mnt/beegfs/rcabanas/dev/credici/papers/journalEM/output/synthetic/s1/random_mc2_n8_mid3_d1000_05_mr098_r10_57_uai_ccve.csv,KL,-8600.230472639327,-8597.515689836735,-8597.057656712617,-8597.06435622826,-8597.079374161225,-8597.27857019747,-8597.056986008407,0.09172756699355464,-8597.056208465154,0.09863782827116334,-8597.106620377837,0.13981591934559173,-8597.139228362947,0.09753780127934804,0.0781641733866765,0.08787639319443095,0.09388791355426622,0.09173265860709728,0.09179063370540666,0.07726953731515555,556744,156,397,500,283,218,127,144,500,500,171,0.08292174909262646,0.08129952025651492,0.07146750816678084,0.042484253052890365,0.07212158740264958,0.06335158085470587,0.09830439794801224,0.08733042678329934,0.07458711161854958,0.05564497532851038,0.07382390991547973,0.09611519415480724,0.10368118709190943,0.10547732058638334,0.05853363803631228,0.11750954419633841,0.08849588183750312,0.08270679281953722,0.08012449279882194,0.09444367394340489,0.08871579489887138,500,0.07103158687646183,0.09330829991055387,2,0.07538791450084087,0.10490725799773101,0.0894890619576883,0.10410047953200816,0.12315978240759355,0.09148723984488047,0.06663883718501981,0.0866025421115948,0.07807173221587038,0.03339438999243912,0.09906579335748958,0.09439311840220993,0.06769671585376164,0.07766177102151511,0.08717408066906901,413,0.09260039658571298,0.08364077372969791,0.9999931835946835,0.999987506798294,0.9999965619313514,0.9999818487407615,0.9999854700672365,0.9997782338847002,0.9999388722892333,0.9998963875058802,0.9998108140842489,0.9999340319603218,0.999998006407329,0.9999916686930428,0.9999386977140496,0.9999961533383666,0.9999917894920626,0.9999961059237443,0.9999873051398184,0.9999920252620402,0.9999938927083415,0.9999184031437209,0.9999967456828743,0.9999976870431847,0.9999971918288508,0.9999930844589328,0.9999909954255407,0.9999881139975576,0.9999964062352706,0.9999968385968643,0.9999959325676444,0.9999944492062075,0.9999969551927563,0.9996280341183513,0.999943680299634,0.9999712595251783,0.9999958125751355,0.9999961385941913,0.9999965576353724,0.9999939371001229,0.99999143757704,0.9999887726600903,0.9999948906450812,0.999998182847709,0.9999962082738572,0.9999841350489579,141,232,242,142,167,172,300,363,500,182,0.999996776435002,0.9999967331511809,0.9999965867578668,0.9999965117104962,0.9992496361214704,0.13981591934559173,0.9999946742077153,0.9999877418472018,0.03339438999243912,0.9999964905133432,0.9999786798864142,0.9999881896177369,282,0.9999956002431488,146,0.9999949709348335,255,0.9999911318184921,240,0.9999961203385096,0.9999964515755975,0.9999525254540932,/mnt/beegfs/rcabanas/dev/credici/papers/journalEM/models/synthetic/s1/random_mc2_n8_mid3_d1000_05_mr098_r10_57.uai,225,326,262,395,281,111,0.9999952546416231,0.9999975986415963,0.9999754062913392,0.9999754707351023,0.9999369209110521,207,0.9999890035491045,152,0.9999971401166142,126,0.9999955757340814,0.9999796320032736,0.9999969077253599,0.9999709995615862,114,154,313,204,146,153,386,0.0976016925529582,0.11260869643944091,0.09153624976936138,0.07987734178435316,0.08381357851268119,0.08238275260547182,0.09694213000515783,0.08529039943312541,0.07158089165419855,0.08890357277287086,0.9999943655720995,0.9999879427582625,0.9999920023261475,255,261,215,266,297,131,167,500,259,320,-8597.129289223967,-8597.057024273752,103,133,209,326,EMCC,random_mc2_n8_mid3_d1000_05_mr098_r10_57_uai,130,322,240,196,212,221,false,395,-8597.076898664152,97,-8597.081158071125,178,-8597.091293468602,388,148,-8597.065520705213,294,-8597.058803947277,294,-8597.07448627278,500,-8597.117117296146,113,292,-8597.067479903317,-8597.06467708467,-8597.061074548134,150,-8597.083603586312,380,-8597.085363232742,198,-8597.05893267405,471,-8597.062404348806,138,-8597.500396664635,-8597.156763435556,154,-8597.086148045979,411,-8597.400804553818,242,-8597.066697568169,/mnt/beegfs/rcabanas/dev/credici/papers/journalEM/models/synthetic/s1/random_mc2_n8_mid3_d1000_05_mr098_r10_57_info.csv,500,500,500,-8597.098762659527,-8597.159991178492,-8597.101349947905,117,-8597.079200943052,171,122,0.9999921738330344,332,0.999985051941637,167,0.9999918728864681,-8597.13366588094,500,0.999996040465675,-8597.062376148733,201,0.9999968217481453,-8597.05865909739,221,0.9999949976071906,-8597.066448315423,0.9999900388739865,0.9999947170025928,0.999994221557175,1.0E-7,0.9999930426306562,1,-8597.103105434104,-8597.55853032069,-8597.064550327555,-8597.102066903948,-8597.733028315426,-8597.048619342308,220,0.9999970332080781,-8597.064078041805,180,0.999996175915672,-8597.167873976612,200,0.9999944290578289,116,0.9999912598445073,0.9999886230750421,152,0.9999874669897864,0.9999970287571094,-8597.10509237922,500,0.9999971236507749,0.9999854273790958,-8597.12800320753,315,0.9999936411342344,-8597.0754058387,237,0.9999570423395368,-8597.047102473027,0.999995903574996,0.9999937324219459,0.999996806774843,0.9999964029550834,421,0.999945458992287,7,-8597.051364937735,-8597.055622332755,178,-8597.0909338646,265,-8597.108893636356,-8597.059457887013,-8598.938433501291,-8597.557029308577,-8597.92233250631,-8597.126018203291,-8597.056066907002,-8597.069516050848,-8597.206588204834,-8597.079919956153,-8597.1351380658,-8597.100237132963,-8597.573807452125,-8597.064957955712,-8597.14061982732,-8597.100039949222,-8597.083985228499,-8597.13888611939,-8597.061037615213,-8597.187530108771,-8597.156396433587,-8598.658225359784,-8597.598647057875,-8597.090081579727
