CAUSAL 
39 
2 2 2 2 2 2 2 2 2 2 2 2 2 2 2 2 2 2 2 2 9 17 3 5 5 5 5 5 5 5 5 5 5 5 5 5 5 5 5 
39 
2	22 0 
3	23 0 1 
3	24 0 2 
3	25 2 3 
3	26 2 4 
3	27 4 5 
3	28 4 6 
3	29 6 7 
3	30 6 8 
3	31 8 9 
3	32 8 10 
3	33 10 11 
4	21 20 10 12 
3	34 12 13 
3	20 12 14 
3	35 14 15 
3	21 14 16 
3	36 16 17 
3	37 16 18 
3	38 18 19 
1	20 
1	21 
1	22 
1	23 
1	24 
1	25 
1	26 
1	27 
1	28 
1	29 
1	30 
1	31 
1	32 
1	33 
1	34 
1	35 
1	36 
1	37 
1	38 

3	0 1 1 
10	1 0 1 1 1 0 0 1 1 1 
10	1 0 1 1 0 1 1 0 1 0 
10	0 1 0 0 1 0 0 1 0 0 
10	0 0 1 1 0 1 1 0 1 0 
10	0 0 1 1 1 0 1 0 0 1 
10	0 1 1 1 0 0 1 0 0 1 
10	1 1 1 0 1 1 0 1 0 0 
10	0 0 0 1 0 0 1 1 1 0 
10	0 1 1 1 0 1 0 1 1 1 
10	1 0 0 0 0 0 0 1 0 1 
10	0 0 0 0 0 1 0 0 0 1 
306	0 1 0 0 0 0 1 0 1 1 1 1 1 1 0 1 0 1 1 1 0 1 0 1 1 0 0 1 1 0 1 0 1 0 0 1 0 1 0 1 0 1 0 0 0 0 1 1 1 1 0 0 1 1 1 1 1 1 1 1 0 0 0 1 1 1 1 0 1 0 0 1 0 0 1 1 1 0 1 1 0 0 1 1 1 1 0 0 1 1 0 1 1 0 0 0 1 1 0 1 0 1 0 1 0 0 0 1 0 1 0 0 0 0 0 1 0 0 0 0 0 1 1 1 0 0 0 0 1 1 1 0 1 0 1 0 1 0 0 1 0 0 0 1 0 1 0 1 1 0 0 0 0 0 0 1 1 0 1 0 1 1 1 1 1 1 1 1 0 0 0 0 1 0 1 1 0 1 1 1 1 1 0 1 1 0 0 0 1 0 1 1 1 1 1 1 1 1 0 0 1 0 1 0 1 0 0 0 0 1 0 1 0 0 0 0 0 1 1 0 0 0 0 1 1 1 0 1 0 1 0 0 0 1 1 0 0 0 0 0 0 0 1 1 0 1 0 1 1 0 0 1 1 1 0 1 1 0 0 0 1 1 0 1 1 0 0 0 1 0 1 1 0 0 0 1 0 1 1 1 0 0 0 1 0 1 1 0 0 0 1 1 1 0 0 0 1 0 1 1 0 0 0 0 1 1 
10	0 1 0 1 1 1 0 0 0 0 
18	1 0 1 0 1 0 1 0 0 1 1 0 1 0 0 0 0 1 
10	1 0 0 1 1 1 1 0 1 1 
34	1 0 0 1 1 1 1 0 0 1 0 1 0 1 0 1 0 0 1 0 0 0 1 1 1 0 1 1 0 0 0 0 1 1 
10	0 0 1 1 0 0 0 1 0 0 
10	1 1 0 0 1 0 1 1 0 1 
10	0 0 1 1 0 1 0 0 1 1 
9	0.006 0.087 0.004 0.195 0.002 0.001 0.67 0.026 0.009 
17	0.003 0.025 0.047 0.001 0.001 0.003 0.632 0.001 0.148 0.001 0.001 0.09 0.037 0.001 0.002 0.006 0.001 
3	0.944 0.03 0.026 
5	0.352 0.001 0.636 0.002 0.009 
5	0.049 0.245 0.513 0.104 0.089 
5	0.596 0.152 0.093 0.025 0.134 
5	0.106 0.264 0.003 0.026 0.601 
5	0.023 0.047 0.119 0.77 0.041 
5	0.076 0.112 0.129 0.55 0.133 
5	0.033 0.003 0.026 0.069 0.869 
5	0.043 0.263 0.311 0.006 0.377 
5	0.109 0.011 0.016 0.572 0.292 
5	0.078 0.072 0.008 0.671 0.171 
5	0.635 0.108 0.038 0.102 0.117 
5	0.479 0.002 0.058 0.276 0.185 
5	0.341 0.008 0.531 0.065 0.055 
5	0.053 0.027 0.157 0.006 0.757 
5	0.054 0.149 0.378 0.331 0.088 
5	0.16 0.129 0.524 0.046 0.141 
