CAUSAL 
35 
2 2 2 2 2 2 2 2 2 2 2 2 2 2 2 2 2 2 2 2 9 9 9 9 9 9 5 5 5 5 5 5 5 5 5 
35 
2	21 0 
3	26 0 1 
3	24 0 2 
3	21 2 3 
4	25 24 2 4 
3	27 4 5 
3	25 4 6 
3	28 6 7 
3	22 6 8 
3	29 8 9 
3	22 8 10 
3	20 10 11 
3	20 10 12 
3	23 12 13 
3	23 12 14 
3	30 14 15 
3	31 14 16 
3	32 16 17 
3	33 16 18 
3	34 18 19 
1	20 
1	21 
1	22 
1	23 
1	24 
1	25 
1	26 
1	27 
1	28 
1	29 
1	30 
1	31 
1	32 
1	33 
1	34 

9	0 0 1 1 1 1 1 1 0 
10	0 1 0 1 1 0 1 0 0 1 
18	1 0 0 1 1 0 1 0 1 0 1 0 0 1 0 0 1 1 
18	1 1 1 0 1 0 0 0 1 0 1 1 1 0 0 1 1 0 
162	0 1 0 0 1 1 1 1 0 1 1 1 0 1 0 0 0 0 1 1 1 0 0 1 1 0 1 0 1 0 0 1 0 1 0 1 0 0 1 1 0 0 1 1 0 1 1 1 1 1 0 0 1 0 0 0 1 0 0 0 0 0 0 0 1 1 0 0 1 0 0 0 0 0 1 1 0 1 0 1 0 1 0 0 0 0 1 0 1 1 1 0 0 0 1 0 1 1 1 1 0 1 0 0 0 1 0 0 0 1 1 1 1 0 0 1 1 0 1 1 0 1 0 1 0 1 0 0 1 1 0 1 0 1 1 0 0 1 1 1 1 1 0 1 0 1 0 1 0 0 0 1 0 0 1 0 0 0 0 0 1 0 
10	1 0 1 1 1 0 0 1 0 1 
18	0 1 1 1 1 0 1 0 0 0 1 0 1 1 0 0 0 1 
10	1 0 0 0 0 1 1 0 1 0 
18	1 0 1 1 0 1 0 1 0 1 1 0 1 0 1 1 1 1 
10	1 1 1 1 0 1 1 1 1 0 
18	0 1 1 1 0 0 1 0 1 0 0 0 0 1 0 1 1 0 
18	1 0 1 1 1 1 0 0 0 1 1 1 0 1 1 0 0 1 
18	1 0 1 0 1 0 1 0 1 0 0 1 0 0 1 0 1 1 
18	0 0 0 0 0 0 1 0 1 1 0 0 0 0 0 1 1 1 
18	0 0 1 0 1 1 1 0 1 0 1 0 0 1 0 0 0 0 
10	1 0 1 1 0 0 1 0 1 1 
10	1 1 0 1 0 0 1 0 1 0 
10	1 1 1 0 1 1 0 1 0 0 
10	0 1 1 0 0 0 0 0 1 0 
10	0 0 1 1 0 0 1 1 0 1 
9	0.005 0.002 0.001 0.004 0.048 0.003 0.001 0.826 0.11 
9	0.17 0.003 0.188 0.01 0.004 0.469 0.001 0.002 0.153 
9	0.148 0.153 0.011 0.056 0.056 0.276 0.292 0.002 0.006 
9	0.005 0.005 0.768 0.093 0.055 0.007 0.012 0.047 0.008 
9	0.89 0.08 0.009 0.001 0.001 0.013 0.002 0.002 0.002 
9	0.021 0.002 0.001 0.429 0.314 0.002 0.216 0.005 0.01 
5	0.642 0.003 0.013 0.07 0.272 
5	0.418 0.171 0.177 0.026 0.208 
5	0.024 0.085 0.011 0.659 0.221 
5	0.807 0.016 0.022 0.103 0.052 
5	0.276 0.031 0.009 0.68 0.004 
5	0.05 0.325 0.129 0.313 0.183 
5	0.287 0.002 0.694 0.009 0.008 
5	0.158 0.006 0.009 0.795 0.032 
5	0.063 0.095 0.127 0.027 0.688 
