CAUSAL 
36 
2 2 2 2 2 2 2 2 2 2 2 2 2 2 2 2 2 2 2 2 9 9 9 9 9 3 5 5 5 5 5 5 5 5 5 5 
36 
2	25 0 
3	26 0 1 
3	27 0 2 
3	28 2 3 
3	29 2 4 
3	30 4 5 
3	23 4 6 
3	23 6 7 
3	21 6 8 
3	22 8 9 
4	22 21 8 10 
3	31 10 11 
3	24 10 12 
3	24 12 13 
3	20 12 14 
3	32 14 15 
3	20 14 16 
3	33 16 17 
3	34 16 18 
3	35 18 19 
1	20 
1	21 
1	22 
1	23 
1	24 
1	25 
1	26 
1	27 
1	28 
1	29 
1	30 
1	31 
1	32 
1	33 
1	34 
1	35 

3	1 0 1 
10	1 0 0 1 1 0 0 0 1 0 
10	1 1 0 1 0 1 0 1 1 0 
10	0 1 0 1 1 0 0 1 0 0 
10	1 1 0 1 0 0 0 1 0 1 
10	0 0 1 1 0 1 0 0 0 1 
18	1 1 0 0 1 1 1 0 1 1 1 1 0 1 1 1 1 0 
18	1 1 1 1 0 1 1 0 0 1 0 1 1 0 0 0 0 1 
18	1 0 0 1 1 1 0 1 1 0 1 0 1 0 0 0 1 1 
18	1 1 1 0 1 0 0 1 0 1 1 0 0 1 1 0 1 0 
162	0 0 0 1 0 1 0 1 1 1 1 1 1 0 0 0 1 0 1 1 0 1 0 1 0 1 1 1 1 1 1 1 0 0 0 0 1 1 0 1 0 1 0 0 0 0 0 0 0 0 1 0 0 0 1 0 0 0 0 1 1 0 0 1 1 1 0 1 1 0 1 0 1 0 0 1 0 0 0 1 1 1 1 0 1 0 0 0 0 1 0 1 0 0 1 1 1 1 0 0 0 0 0 1 0 0 0 1 0 0 1 0 0 1 0 0 0 1 0 1 0 0 0 1 0 1 1 1 0 1 0 0 1 1 0 0 0 0 0 0 0 0 1 0 1 1 1 0 0 1 0 0 1 0 1 1 1 1 0 0 0 1 
10	0 0 1 0 1 1 1 1 1 1 
18	0 1 1 1 0 1 1 1 0 0 0 0 0 1 0 1 0 0 
18	0 1 1 0 1 0 0 1 1 0 1 1 1 0 1 0 0 0 
18	1 0 1 0 0 0 0 1 1 0 0 1 1 1 0 0 0 1 
10	1 1 0 0 1 1 0 1 1 1 
18	1 1 1 1 1 0 1 1 0 1 1 1 0 0 0 1 1 0 
10	1 1 1 0 1 0 0 1 0 0 
10	0 1 0 1 1 1 0 1 0 0 
10	0 1 0 1 1 1 1 0 1 1 
9	0.143 0.006 0.002 0.001 0.001 0.782 0.002 0.004 0.059 
9	0.015 0.918 0.026 0.003 0.003 0.002 0.005 0.008 0.02 
9	0.001 0.001 0.033 0.005 0.133 0.796 0.003 0.006 0.022 
9	0.006 0.19 0.077 0.061 0.001 0.002 0.656 0.001 0.006 
9	0.055 0.374 0.007 0.049 0.05 0.006 0.009 0.01 0.44 
3	0.314 0.537 0.149 
5	0.323 0.13 0.154 0.005 0.388 
5	0.045 0.281 0.086 0.153 0.435 
5	0.179 0.059 0.095 0.039 0.628 
5	0.014 0.013 0.862 0.016 0.095 
5	0.013 0.006 0.016 0.005 0.96 
5	0.412 0.127 0.047 0.376 0.038 
5	0.016 0.007 0.03 0.569 0.378 
5	0.917 0.004 0.028 0.037 0.014 
5	0.555 0.263 0.127 0.034 0.021 
5	0.065 0.369 0.002 0.312 0.252 
