CAUSAL 
37 
2 2 2 2 2 2 2 2 2 2 2 2 2 2 2 2 2 2 2 2 9 9 9 9 5 5 5 5 5 5 5 5 5 5 5 5 5 
37 
2	24 0 
3	20 0 1 
4	24 20 0 2 
3	25 2 3 
3	21 2 4 
4	22 21 4 5 
3	22 4 6 
3	26 6 7 
3	27 6 8 
3	28 8 9 
3	23 8 10 
3	23 10 11 
3	29 10 12 
3	30 12 13 
3	31 12 14 
3	32 14 15 
3	33 14 16 
3	34 16 17 
3	35 16 18 
3	36 18 19 
1	20 
1	21 
1	22 
1	23 
1	24 
1	25 
1	26 
1	27 
1	28 
1	29 
1	30 
1	31 
1	32 
1	33 
1	34 
1	35 
1	36 

5	1 1 0 0 0 
18	1 0 1 1 0 1 1 0 1 0 1 0 0 0 1 0 0 0 
90	1 1 0 0 1 1 0 0 1 0 1 0 0 0 1 1 0 0 0 0 0 1 1 0 0 1 1 0 1 0 0 0 0 1 1 0 1 1 0 1 1 1 0 1 0 1 0 0 1 0 1 1 1 0 0 1 1 1 0 0 0 0 0 0 1 1 0 0 1 0 0 0 0 0 1 0 1 0 1 1 1 0 0 0 1 0 0 0 1 1 
10	0 0 1 1 0 1 1 1 1 1 
18	1 0 0 1 0 0 0 1 1 1 0 1 1 1 0 1 0 0 
162	1 1 1 0 1 1 1 0 0 1 0 1 0 0 0 1 1 1 1 0 1 1 0 0 0 1 1 0 1 1 0 0 0 0 1 0 0 1 1 1 0 1 0 0 0 1 0 0 1 1 1 1 0 1 1 1 1 0 0 1 0 1 0 1 0 1 1 1 0 1 0 0 1 0 1 1 1 1 1 0 0 0 1 0 1 1 0 0 1 1 1 0 1 0 0 0 0 1 0 0 0 1 0 1 0 1 1 1 1 0 0 1 0 0 0 0 1 1 1 0 1 0 0 0 1 1 1 0 0 1 1 0 0 0 0 0 0 1 0 0 0 1 0 1 1 0 0 0 0 0 1 0 0 0 0 1 0 1 0 1 0 0 
18	1 1 1 1 1 0 0 1 0 1 1 0 1 1 0 0 1 0 
10	0 0 0 0 1 0 0 1 0 1 
10	1 1 0 1 1 0 0 1 1 1 
10	1 0 0 0 0 0 1 0 1 0 
18	1 0 1 1 1 0 0 1 1 0 0 0 0 1 1 1 0 0 
18	1 1 0 0 0 1 0 0 0 1 1 0 1 0 0 0 1 1 
10	0 0 0 1 1 1 1 1 1 1 
10	1 1 0 1 1 1 0 1 1 0 
10	0 0 0 0 0 1 1 0 0 0 
10	0 0 1 1 0 0 1 1 1 1 
10	0 1 0 0 1 0 0 0 1 1 
10	1 1 0 1 0 0 1 0 0 0 
10	0 0 1 1 0 1 0 0 1 0 
10	0 0 0 1 1 0 1 1 0 0 
9	0.002 0.007 0.002 0.001 0.001 0.635 0.214 0.137 0.001 
9	0.001 0.622 0.001 0.001 0.006 0.002 0.344 0.002 0.021 
9	0.001 0.599 0.125 0.035 0.002 0.059 0.176 0.001 0.002 
9	0.002 0.013 0.394 0.299 0.042 0.167 0.073 0.001 0.009 
5	0.09 0.098 0.348 0.454 0.01 
5	0.019 0.027 0.048 0.738 0.168 
5	0.018 0.01 0.519 0.12 0.333 
5	0.241 0.131 0.287 0.238 0.103 
5	0.53 0.006 0.018 0.015 0.431 
5	0.049 0.418 0.149 0.201 0.183 
5	0.021 0.113 0.023 0.643 0.2 
5	0.1 0.191 0.236 0.054 0.419 
5	0.015 0.018 0.015 0.928 0.024 
5	0.546 0.033 0.002 0.01 0.409 
5	0.035 0.376 0.002 0.444 0.143 
5	0.232 0.184 0.255 0.287 0.042 
5	0.062 0.013 0.75 0.101 0.074 
