CAUSAL 
38 
2 2 2 2 2 2 2 2 2 2 2 2 2 2 2 2 2 2 2 2 9 9 17 3 5 5 5 5 5 5 5 5 5 5 5 5 5 5 
38 
2	23 0 
3	24 0 1 
3	25 0 2 
3	21 2 3 
4	21 20 2 4 
3	26 4 5 
3	20 4 6 
3	27 6 7 
3	28 6 8 
3	29 8 9 
3	30 8 10 
3	31 10 11 
3	32 10 12 
3	33 12 13 
3	34 12 14 
3	35 14 15 
3	22 14 16 
3	36 16 17 
3	37 16 18 
3	22 18 19 
1	20 
1	21 
1	22 
1	23 
1	24 
1	25 
1	26 
1	27 
1	28 
1	29 
1	30 
1	31 
1	32 
1	33 
1	34 
1	35 
1	36 
1	37 

3	1 0 0 
10	0 0 1 1 0 1 0 1 1 0 
10	0 1 1 1 1 1 0 0 1 1 
18	0 1 1 1 0 1 0 1 1 1 1 1 0 1 1 1 1 0 
162	1 0 1 1 1 1 0 0 1 0 0 0 0 1 0 1 1 0 1 1 1 0 0 0 1 0 0 0 1 1 1 0 1 0 1 0 0 0 1 0 0 1 1 1 1 1 1 1 1 0 0 0 0 1 1 1 0 0 1 0 0 1 0 0 1 0 0 1 1 0 1 0 1 1 0 1 0 1 1 1 0 1 1 1 1 0 0 1 0 0 1 0 1 0 1 1 0 1 0 1 0 0 0 0 1 0 0 0 1 1 1 0 1 0 1 0 1 1 1 1 0 1 1 1 0 1 0 1 1 0 1 1 1 0 1 0 1 1 1 1 0 1 0 1 0 1 0 0 0 0 0 0 1 1 0 1 1 1 1 1 1 0 
10	0 1 1 0 1 1 0 1 1 1 
18	1 0 0 0 0 0 1 1 1 1 1 1 0 0 1 0 0 0 
10	1 0 1 1 0 0 1 1 1 0 
10	1 0 0 0 0 1 1 0 1 0 
10	0 1 0 0 1 0 1 1 0 0 
10	1 0 0 0 1 1 1 0 1 0 
10	1 0 1 0 0 0 1 0 0 0 
10	1 1 0 1 0 0 0 0 1 0 
10	0 1 1 1 1 0 1 0 0 0 
10	0 0 0 0 1 1 1 1 1 1 
10	0 0 0 1 0 1 1 0 1 1 
34	0 1 1 1 1 0 1 1 1 1 0 0 1 0 1 1 1 1 0 0 1 1 1 1 0 0 1 1 0 0 1 1 0 0 
10	1 1 0 1 0 0 1 1 0 0 
10	0 1 1 1 1 1 1 0 0 0 
34	0 0 1 0 0 1 0 1 1 1 0 0 1 1 1 1 0 1 1 0 1 1 0 0 1 0 0 1 0 0 0 1 1 1 
9	0.025 0.018 0.136 0.52 0.087 0.002 0.082 0.012 0.118 
9	0.002 0.002 0.002 0.039 0.002 0.002 0.003 0.936 0.012 
17	0.126 0.001 0.001 0.024 0.002 0.001 0.001 0.002 0.001 0.001 0.382 0.001 0.064 0.001 0.001 0.39 0.001 
3	0.026 0.964 0.01 
5	0.597 0.214 0.039 0.072 0.078 
5	0.114 0.49 0.225 0.048 0.123 
5	0.003 0.068 0.194 0.131 0.604 
5	0.021 0.096 0.095 0.066 0.722 
5	0.012 0.583 0.039 0.342 0.024 
5	0.387 0.154 0.206 0.028 0.225 
5	0.783 0.009 0.009 0.042 0.157 
5	0.111 0.075 0.494 0.077 0.243 
5	0.168 0.745 0.015 0.062 0.01 
5	0.008 0.696 0.087 0.082 0.127 
5	0.719 0.075 0.025 0.096 0.085 
5	0.334 0.056 0.091 0.492 0.027 
5	0.006 0.243 0.567 0.024 0.16 
5	0.001 0.503 0.02 0.051 0.425 
