CAUSAL 
30 
2 2 2 2 2 4 8 8 8 8 2 2 2 2 2 4 4 4 4 4 2 2 2 2 2 4 4 4 4 4 
30 
2	5 0 
3	6 0 1 
3	7 1 2 
3	8 2 3 
3	9 3 4 
1	5 
1	6 
1	7 
1	8 
1	9 
3	15 4 10 
3	16 10 11 
3	17 11 12 
3	18 12 13 
3	19 13 14 
1	15 
1	16 
1	17 
1	18 
1	19 
3	25 14 20 
3	26 20 21 
3	27 21 22 
3	28 22 23 
3	29 23 24 
1	25 
1	26 
1	27 
1	28 
1	29 

4	0 0 1 0 
16	1 1 0 1 0 0 0 0 0 0 0 1 1 0 1 1 
16	1 1 1 0 1 0 0 1 0 1 1 0 0 0 1 1 
16	0 1 1 0 0 1 0 0 1 0 0 0 0 1 0 1 
16	0 0 0 1 0 1 1 0 1 1 1 1 0 1 1 1 
4	0.684 0.007 0.027 0.282 
8	0.359 0.257 0.001 0.182 0.002 0.002 0.172 0.025 
8	0.906 0.004 0.002 0.002 0.036 0.002 0.023 0.025 
8	0.094 0.502 0.029 0.159 0.126 0.023 0.064 0.003 
8	0.028 0.316 0.484 0.152 0.006 0.002 0.005 0.007 
8	0 1 0 0 1 0 1 1 
8	1 1 0 0 0 0 1 0 
8	0 0 1 0 1 0 1 1 
8	0 1 0 0 0 1 1 1 
8	1 1 0 1 0 1 0 0 
4	0.35328 0.05131 0.03951 0.5559 
4	0.00326 0.00184 0.0092 0.9857 
4	0.36335 0.3274 0.22019 0.08906 
4	0.36547 0.10941 0.20388 0.32124 
4	0.29172 0.21414 0.0282 0.46594 
8	1 1 0 0 0 0 0 1 
8	0 1 1 1 1 1 1 0 
8	1 1 1 0 1 1 0 0 
8	0 0 1 0 0 0 1 0 
8	1 1 0 1 0 1 0 0 
4	0.21074 0.2066 0.56315 0.01951 
4	0.03886 0.5361 0.37367 0.05137 
4	0.34268 0.02201 0.62623 0.00908 
4	0.02422 0.00481 0.94602 0.02495 
4	0.0029 0.90008 0.04802 0.049 
