CAUSAL 
30 
2 2 2 2 2 4 8 8 8 8 2 2 2 2 2 4 4 4 4 4 2 2 2 2 2 4 4 4 4 4 
30 
2	5 0 
3	6 0 1 
3	7 1 2 
3	8 2 3 
3	9 3 4 
1	5 
1	6 
1	7 
1	8 
1	9 
3	15 4 10 
3	16 10 11 
3	17 11 12 
3	18 12 13 
3	19 13 14 
1	15 
1	16 
1	17 
1	18 
1	19 
3	25 14 20 
3	26 20 21 
3	27 21 22 
3	28 22 23 
3	29 23 24 
1	25 
1	26 
1	27 
1	28 
1	29 

4	1 0 0 0 
16	0 0 0 0 1 1 0 1 1 1 0 1 0 1 1 0 
16	0 0 0 0 1 1 1 1 0 0 1 0 0 0 0 0 
16	1 1 0 1 1 1 1 1 0 1 1 1 0 1 0 1 
16	0 1 1 1 1 0 0 1 0 0 0 0 0 1 1 1 
4	0.252 0.018 0.096 0.634 
8	0.003 0.002 0.003 0.621 0.22 0.102 0.043 0.006 
8	0.08 0.153 0.016 0.042 0.092 0.012 0.012 0.593 
8	0.002 0.001 0.011 0.109 0.001 0.01 0.865 0.001 
8	0.16 0.01 0.012 0.002 0.012 0.004 0.792 0.008 
8	1 0 1 1 1 0 1 0 
8	0 0 1 1 0 0 1 0 
8	0 0 1 1 1 0 1 1 
8	0 1 0 1 1 1 1 0 
8	1 1 0 1 0 0 0 1 
4	0.16673 0.65947 0.1262 0.0476 
4	0.09077 0.21552 0.07104 0.62267 
4	0.09448 0.88032 0.02452 6.8E-4 
4	0.11994 0.72599 0.12214 0.03193 
4	0.04845 0.02385 0.51944 0.40826 
8	0 0 0 1 1 0 1 1 
8	1 1 1 1 0 0 0 1 
8	1 1 1 1 0 1 1 0 
8	1 1 0 0 1 1 1 0 
8	0 1 1 1 0 0 1 0 
4	0.03267 0.03348 0.30492 0.62893 
4	0.05471 0.71646 0.0201 0.20873 
4	0.08642 0.03955 0.76654 0.10749 
4	0.34496 0.25812 0.03937 0.35755 
4	0.52049 0.25651 0.11787 0.10513 
