CAUSAL 
30 
2 2 2 2 2 4 8 8 8 8 2 2 2 2 2 4 4 4 4 4 2 2 2 2 2 4 4 4 4 4 
30 
2	5 0 
3	6 0 1 
3	7 1 2 
3	8 2 3 
3	9 3 4 
1	5 
1	6 
1	7 
1	8 
1	9 
3	15 4 10 
3	16 10 11 
3	17 11 12 
3	18 12 13 
3	19 13 14 
1	15 
1	16 
1	17 
1	18 
1	19 
3	25 14 20 
3	26 20 21 
3	27 21 22 
3	28 22 23 
3	29 23 24 
1	25 
1	26 
1	27 
1	28 
1	29 

4	0 0 1 0 
16	0 1 0 1 0 0 1 1 0 1 1 0 0 0 0 0 
16	0 0 1 0 1 0 0 1 1 1 1 0 1 0 1 0 
16	0 0 1 1 0 1 1 0 1 1 1 1 0 1 0 0 
16	0 0 0 0 0 0 0 0 0 1 1 1 1 1 0 1 
4	0.135 0.037 0.047 0.781 
8	0.064 0.027 0.028 0.107 0.361 0.324 0.04 0.049 
8	0.021 0.052 0.019 0.431 0.002 0.001 0.074 0.4 
8	0.004 0.51 0.028 0.446 0.002 0.001 0.002 0.007 
8	0.573 0.037 0.036 0.06 0.018 0.016 0.251 0.009 
8	0 0 1 1 0 0 0 1 
8	1 0 1 1 0 1 0 1 
8	0 0 1 0 1 0 1 1 
8	1 0 0 0 1 0 1 1 
8	0 0 1 1 1 1 1 0 
4	0.16782 0.08981 0.74167 7.0E-4 
4	0.54801 0.17477 0.25777 0.01945 
4	0.25988 0.02363 0.6842 0.03229 
4	0.42312 0.22206 0.07279 0.28203 
4	0.05249 0.06201 0.03477 0.85073 
8	1 1 0 0 0 1 1 1 
8	0 1 0 1 0 0 1 1 
8	1 0 1 0 0 0 0 1 
8	0 0 0 1 1 0 1 1 
8	0 1 1 0 0 0 1 1 
4	0.14167 0.63874 0.09789 0.1217 
4	0.28532 0.62003 0.05688 0.03777 
4	0.49644 0.10812 0.21861 0.17683 
4	0.01932 0.10609 0.23885 0.63574 
4	0.02283 0.91569 0.01407 0.04741 
