CAUSAL 
30 
2 2 2 2 2 4 8 8 8 8 2 2 2 2 2 4 4 4 4 4 2 2 2 2 2 4 4 4 4 4 
30 
2	5 0 
3	6 0 1 
3	7 1 2 
3	8 2 3 
3	9 3 4 
1	5 
1	6 
1	7 
1	8 
1	9 
3	15 4 10 
3	16 10 11 
3	17 11 12 
3	18 12 13 
3	19 13 14 
1	15 
1	16 
1	17 
1	18 
1	19 
3	25 14 20 
3	26 20 21 
3	27 21 22 
3	28 22 23 
3	29 23 24 
1	25 
1	26 
1	27 
1	28 
1	29 

4	1 0 1 0 
16	1 0 1 1 0 0 1 0 1 1 1 1 1 1 0 1 
16	0 1 1 0 1 1 0 1 0 0 1 1 0 1 0 1 
16	1 1 1 1 0 1 0 0 0 0 0 0 1 1 1 1 
16	1 0 1 1 1 1 1 0 0 0 1 0 0 1 0 0 
4	0.581 0.236 0.137 0.046 
8	0.586 0.001 0.008 0.022 0.002 0.024 0.336 0.021 
8	0.198 0.003 0.003 0.447 0.113 0.005 0.019 0.212 
8	0.002 0.959 0.001 0.022 0.013 0.001 0.001 0.001 
8	0.001 0.572 0.42 0.001 0.001 0.001 0.002 0.002 
8	1 1 0 1 1 0 0 0 
8	1 1 1 0 0 1 0 0 
8	0 0 0 1 1 1 1 1 
8	1 1 1 1 0 1 0 0 
8	0 0 0 0 1 1 1 0 
4	0.2518 0.33536 0.14864 0.2642 
4	0.00125 0.2463 0.60381 0.14864 
4	0.08479 0.27681 0.28307 0.35533 
4	0.03925 0.51499 0.35122 0.09454 
4	0.08952 0.30322 0.54374 0.06352 
8	0 1 1 0 1 1 0 0 
8	0 1 1 0 1 1 1 1 
8	0 0 1 0 1 1 1 0 
8	1 1 0 1 0 0 1 0 
8	0 0 1 1 1 0 0 0 
4	0.07392 0.79373 0.03343 0.09892 
4	0.0324 0.0063 0.96041 8.9E-4 
4	0.2817 0.24487 0.07046 0.40297 
4	0.05654 0.29552 0.32133 0.32661 
4	0.63589 0.04151 0.03551 0.28709 
