CAUSAL 
30 
2 2 2 2 2 4 8 8 8 8 2 2 2 2 2 4 4 4 4 4 2 2 2 2 2 4 4 4 4 4 
30 
2	5 0 
3	6 0 1 
3	7 1 2 
3	8 2 3 
3	9 3 4 
1	5 
1	6 
1	7 
1	8 
1	9 
3	15 4 10 
3	16 10 11 
3	17 11 12 
3	18 12 13 
3	19 13 14 
1	15 
1	16 
1	17 
1	18 
1	19 
3	25 14 20 
3	26 20 21 
3	27 21 22 
3	28 22 23 
3	29 23 24 
1	25 
1	26 
1	27 
1	28 
1	29 

4	1 0 0 0 
16	0 1 0 0 1 0 1 0 0 1 0 0 1 1 0 0 
16	0 0 0 0 0 0 0 0 1 1 0 1 0 1 1 1 
16	1 0 0 1 1 1 1 1 1 1 1 0 0 1 1 0 
16	1 0 0 1 1 0 1 0 0 0 0 1 1 0 1 0 
4	0.112 0.015 0.005 0.868 
8	0.694 0.001 0.002 0.126 0.11 0.012 0.002 0.053 
8	0.124 0.005 0.023 0.039 0.081 0.451 0.273 0.004 
8	0.001 0.002 0.074 0.019 0.143 0.45 0.308 0.003 
8	0.092 0.027 0.101 0.73 0.009 0.008 0.028 0.005 
8	0 1 1 0 1 0 0 0 
8	0 1 1 0 1 0 1 1 
8	1 1 1 0 1 0 0 1 
8	0 0 1 0 1 0 1 1 
8	1 1 0 1 0 0 1 1 
4	0.55964 0.16714 0.06578 0.20744 
4	0.08924 0.51154 0.34018 0.05904 
4	0.14257 0.67876 0.02594 0.15273 
4	0.39245 0.02975 0.42802 0.14978 
4	0.09564 0.01269 0.03506 0.85661 
8	1 1 1 0 1 1 1 0 
8	0 0 1 0 0 1 1 1 
8	0 1 1 0 0 1 1 1 
8	1 1 0 1 0 1 0 1 
8	1 1 1 1 0 0 0 1 
4	0.65482 0.01971 0.17155 0.15392 
4	0.0116 0.32063 0.01356 0.65421 
4	0.56357 0.23667 0.02562 0.17414 
4	0.09892 0.21 0.02299 0.66809 
4	0.02829 0.88572 0.0553 0.03069 
