CAUSAL 
50 
2 2 2 2 2 2 2 2 2 2 2 2 2 2 2 2 2 2 2 2 2 2 2 2 2 3 5 5 5 5 5 5 5 5 5 5 5 5 5 5 5 5 5 5 5 5 5 5 5 5 
50 
2	25 0 
3	26 0 1 
3	27 1 2 
3	28 2 3 
3	29 3 4 
3	30 4 5 
3	31 5 6 
3	32 6 7 
3	33 7 8 
3	34 8 9 
3	35 9 10 
3	36 10 11 
3	37 11 12 
3	38 12 13 
3	39 13 14 
3	40 14 15 
3	41 15 16 
3	42 16 17 
3	43 17 18 
3	44 18 19 
3	45 19 20 
3	46 20 21 
3	47 21 22 
3	48 22 23 
3	49 23 24 
1	25 
1	26 
1	27 
1	28 
1	29 
1	30 
1	31 
1	32 
1	33 
1	34 
1	35 
1	36 
1	37 
1	38 
1	39 
1	40 
1	41 
1	42 
1	43 
1	44 
1	45 
1	46 
1	47 
1	48 
1	49 

3	1 1 0 
10	1 1 1 0 1 0 0 1 0 0 
10	0 0 1 0 1 1 0 1 1 1 
10	1 0 1 1 1 0 1 0 1 0 
10	0 0 1 0 0 1 1 1 0 1 
10	1 1 1 0 1 0 0 0 0 1 
10	0 0 1 1 1 0 1 1 1 1 
10	1 1 0 0 0 1 0 1 1 0 
10	0 1 1 1 0 1 1 0 1 1 
10	1 1 1 0 0 0 1 0 0 1 
10	1 0 0 1 0 1 0 1 1 1 
10	1 0 1 1 1 1 0 1 0 0 
10	1 1 0 1 1 1 0 1 0 1 
10	0 1 1 1 1 1 1 1 0 1 
10	1 1 1 1 0 1 0 1 0 0 
10	1 1 1 0 1 0 1 0 1 0 
10	0 1 0 0 0 0 1 0 1 1 
10	1 0 1 1 0 0 0 1 0 1 
10	0 0 1 0 1 1 0 1 1 1 
10	0 1 1 0 1 0 1 1 0 1 
10	0 0 1 1 1 0 1 1 1 0 
10	1 0 0 0 1 0 0 0 0 0 
10	1 0 1 1 1 0 1 1 0 0 
10	1 1 0 0 0 1 1 0 0 0 
10	0 1 1 0 1 0 0 0 0 0 
3	0.238 0.08 0.682 
5	0.004 0.027 0.519 0.353 0.097 
5	0.244 0.264 0.033 0.287 0.172 
5	0.194 0.176 0.101 0.388 0.141 
5	0.062 0.145 0.059 0.015 0.719 
5	0.006 0.003 0.061 0.864 0.066 
5	0.206 0.045 0.738 0.006 0.005 
5	0.658 0.012 0.007 0.322 0.001 
5	0.152 0.503 0.098 0.222 0.025 
5	0.021 0.306 0.073 0.113 0.487 
5	0.234 0.311 0.156 0.155 0.144 
5	0.141 0.15 0.546 0.086 0.077 
5	0.403 0.007 0.186 0.032 0.372 
5	0.003 0.004 0.059 0.917 0.017 
5	0.01 0.094 0.017 0.116 0.763 
5	0.219 0.065 0.387 0.255 0.074 
5	0.038 0.01 0.769 0.113 0.07 
5	0.158 0.711 0.078 0.002 0.051 
5	0.002 0.002 0.004 0.252 0.74 
5	0.017 0.478 0.255 0.127 0.123 
5	0.935 0.016 0.002 0.008 0.039 
5	0.038 0.018 0.485 0.01 0.449 
5	0.358 0.112 0.002 0.002 0.526 
5	0.259 0.439 0.012 0.015 0.275 
5	0.109 0.138 0.052 0.698 0.003 
