ll_206,ll_205,ll_208,ll_207,ll_209,ll_200,datasize,ll_202,ll_201,ll_204,ll_203,exactPath,ll_240,ll_249,ll_242,stop_criteria,ll_241,ll_244,ll_243,ll_246,ll_245,ll_248,ll_247,ll_239,ll_238,ll_231,ll_230,ll_233,ll_232,ll_235,ll_234,ll_237,ll_236,ll_228,ll_227,ll_229,ll_220,ll_222,ll_221,ll_224,ll_223,ll_226,ll_225,ll_217,ll_216,ll_219,ll_218,ll_211,ll_210,ll_213,ll_212,ll_215,ll_214,ll_280,ll_282,ll_281,ll_284,ll_283,ll_286,ll_285,ll_288,ll_287,ll_289,ll_271,ll_270,ll_273,ll_272,ll_275,ll_274,ll_277,ll_276,ll_279,ll_278,ll_260,ll_262,ll_261,ll_264,ll_263,ll_266,ll_265,ll_268,ll_267,ll_269,ll_251,ll_250,ll_253,ll_252,ll_255,ll_254,ll_257,ll_256,ll_259,ll_258,iter_438,iter_439,iter_436,iter_437,iter_430,iter_431,iter_434,iter_435,iter_432,iter_433,iter_427,iter_428,iter_425,iter_426,iter_429,iter_420,iter_423,iter_424,iter_421,iter_422,iter_416,iter_417,iter_414,iter_415,iter_418,iter_419,iter_412,iter_413,iter_410,iter_411,ll_291,ll_290,ll_293,ll_292,ll_295,ll_294,iter_405,iter_406,iter_403,iter_404,iter_409,iter_407,iter_408,time_pns,iter_401,iter_402,iter_400,ll_297,ll_296,ll_299,ll_298,ratio_62,pns_349,ratio_63,pns_348,ratio_64,pns_347,ratio_65,pns_346,ratio_66,pns_345,ratio_67,pns_344,ratio_68,pns_343,ratio_69,pns_342,pns_341,iter_359,pns_340,iter_353,ratio_722,iter_354,ratio_721,iter_351,ratio_720,iter_352,iter_357,ratio_726,iter_358,ratio_725,iter_355,ratio_724,iter_356,ratio_723,ratio_729,ratio_728,ratio_727,iter_350,ratio_60,ratio_61,pns_339,ratio_51,pns_338,ratio_52,pns_337,ratio_53,pns_336,ratio_54,pns_335,ratio_55,pns_334,ratio_56,pns_333,ratio_57,pns_332,ratio_58,pns_331,ratio_59,pns_330,iter_348,iter_349,ratio_740,iter_342,ratio_733,iter_343,ratio_732,iter_340,ratio_731,iter_341,ratio_730,iter_346,ratio_737,iter_347,ratio_736,iter_344,ratio_735,iter_345,ratio_734,ratio_739,ratio_738,ratio_50,pns_328,ratio_40,pns_327,ratio_41,pns_326,ratio_42,pns_325,ratio_43,pns_324,ratio_44,pns_323,ratio_45,pns_322,ratio_46,pns_321,ratio_47,iter_339,pns_320,ratio_48,ratio_49,iter_337,iter_338,ratio_751,ratio_750,iter_331,ratio_744,iter_332,ratio_743,ratio_742,iter_330,ratio_741,iter_335,ratio_748,iter_336,ratio_747,iter_333,ratio_746,iter_334,ratio_745,ratio_749,pns_329,pns_317,pns_316,ratio_30,pns_315,ratio_31,pns_314,ratio_32,pns_313,ratio_33,pns_312,ratio_34,pns_311,ratio_35,pns_310,ratio_36,iter_328,ratio_37,iter_329,ratio_38,iter_326,ratio_39,iter_327,ratio_762,ratio_761,ratio_760,iter_320,ratio_755,iter_321,ratio_754,ratio_753,ratio_752,iter_324,ratio_759,iter_325,ratio_758,iter_322,ratio_757,iter_323,ratio_756,pns_319,pns_318,pns_306,pns_305,pns_304,pns_303,pns_302,pns_301,pns_300,iter_397,iter_398,iter_395,iter_396,iter_399,iter_390,iter_393,iter_394,pns_309,iter_391,pns_308,iter_392,pns_307,ratio_95,ratio_96,ratio_97,ratio_98,ratio_99,iter_386,iter_387,iter_384,iter_385,pns_u,iter_388,iter_389,ratio_90,iter_382,ratio_91,pns_l,iter_383,ratio_92,iter_380,ratio_93,iter_381,ratio_94,ratio_84,ratio_85,ratio_86,ratio_87,ratio_88,ratio_89,iter_375,ratio_700,iter_376,iter_373,iter_374,iter_379,ratio_704,ratio_703,iter_377,ratio_702,iter_378,ratio_701,ratio_708,ratio_707,ratio_706,ratio_705,iter_371,ratio_80,iter_372,ratio_81,ratio_82,iter_370,ratio_83,ratio_709,ratio_73,ratio_74,ratio_75,ratio_76,ratio_77,ratio_78,ratio_79,iter_364,pns_8,ratio_711,iter_365,pns_9,ratio_710,iter_362,pns_6,iter_363,pns_7,iter_368,pns_4,ratio_715,iter_369,pns_5,ratio_714,iter_366,pns_2,ratio_713,iter_367,pns_3,ratio_712,pns_0,ratio_719,pns_1,ratio_718,ratio_717,ratio_716,iter_360,iter_361,ratio_70,ratio_71,ratio_72,pns_399,pns_398,pns_397,pns_396,pns_395,pns_394,pns_393,pns_392,pns_391,pns_390,ratio_20,ratio_21,ratio_22,pns_389,ratio_23,pns_388,ratio_24,pns_387,ratio_25,pns_386,ratio_26,pns_385,ratio_27,pns_384,ratio_28,pns_383,ratio_29,pns_382,ratio_773,pns_381,ratio_772,pns_380,ratio_771,ratio_770,ratio_766,ratio_765,ratio_764,ratio_763,ratio_769,ratio_768,ratio_767,ratio_10,pns_379,ratio_11,pns_378,ratio_12,pns_377,ratio_13,pns_376,ratio_14,pns_375,ratio_15,ratio_780,pns_374,ratio_16,pns_373,ratio_17,pns_372,ratio_18,pns_371,ratio_19,ratio_784,pns_370,ratio_783,ratio_782,ratio_781,ratio_777,ratio_776,ratio_775,ratio_774,ratio_779,ratio_778,pns_369,pns_368,pns_367,pns_366,pns_365,pns_364,ratio_791,pns_363,ratio_790,pns_362,pns_361,pns_360,ratio_795,ratio_794,ratio_793,ratio_792,ratio_788,ratio_787,ratio_786,ratio_785,ratio_789,pns_359,pns_358,pns_357,pns_356,pns_355,pns_354,pns_353,pns_352,pns_351,pns_350,ratio_799,ratio_798,ratio_797,ratio_796,ll_129,ll_128,ll_121,ll_120,ll_123,ll_122,ll_125,ll_124,ll_127,ll_126,ll_118,ll_117,ll_119,ll_110,ll_112,ll_111,ll_114,ll_113,ll_116,ll_115,ll_107,ll_106,ll_109,ll_108,ll_101,ll_100,ll_103,ll_102,ll_105,ll_104,ll_161,ll_160,ll_163,ll_162,ll_165,ll_164,ll_167,ll_166,ll_169,ll_168,ll_150,ll_152,ll_151,ll_154,ll_153,ll_156,ll_155,ll_158,ll_157,ll_159,ll_141,ll_140,ll_143,ll_142,ll_145,ll_144,ll_147,ll_146,ll_149,ll_148,ll_130,ll_139,ll_132,ll_131,ll_134,ll_133,ll_136,ll_135,ll_138,ll_137,iter_317,iter_318,iter_315,iter_316,iter_319,iter_310,iter_313,iter_314,iter_311,iter_312,ll_190,ll_192,ll_191,ll_194,ll_193,ll_196,ll_195,iter_306,iter_307,iter_304,iter_305,iter_308,iter_309,iter_302,iter_303,iter_300,iter_301,ll_198,ll_197,ll_199,ll_181,ll_180,ll_183,ll_182,ll_185,iter_max,ll_184,ll_187,ll_186,ll_189,ll_188,ll_170,ll_172,ll_171,ll_174,ll_173,ll_176,ll_175,ll_178,ll_177,ll_179,pns_229,pns_228,pns_227,pns_226,pns_225,pns_224,pns_223,pns_222,pns_221,pns_220,iter_238,iter_239,iter_232,ratio_601,iter_233,ratio_600,iter_230,iter_231,iter_236,ratio_605,iter_237,ratio_604,iter_234,ratio_603,iter_235,ratio_602,ratio_609,ratio_608,ratio_607,ratio_606,pns_218,pns_217,pns_216,pns_215,pns_214,pns_213,pns_212,pns_211,iter_229,pns_210,iter_227,iter_228,iter_221,ratio_612,iter_222,ratio_611,ratio_610,iter_220,iter_225,ratio_616,iter_226,ratio_615,iter_223,ratio_614,iter_224,ratio_613,ratio_619,ratio_618,ratio_617,pns_219,pns_207,pns_206,pns_205,pns_204,pns_203,pns_202,pns_201,pns_200,iter_218,iter_219,iter_216,iter_217,ratio_630,iter_210,ratio_623,iter_211,ratio_622,ratio_621,ratio_620,iter_214,ratio_627,iter_215,ratio_626,iter_212,ratio_625,iter_213,ratio_624,ratio_629,ratio_628,pns_209,pns_208,iter_207,iter_208,iter_205,iter_206,ratio_641,ratio_640,iter_209,ratio_634,iter_200,ratio_633,ratio_632,ratio_631,iter_203,ratio_638,iter_204,ratio_637,iter_201,ratio_636,iter_202,ratio_635,ratio_639,iter_10,iter_11,iter_16,ll_918,iter_17,ll_917,iter_18,iter_19,ll_919,iter_12,iter_13,iter_14,iter_15,iter_276,ll_921,iter_277,ll_920,iter_274,ll_923,iter_275,ll_922,ll_925,ll_924,iter_278,ll_927,iter_279,ll_926,iter_272,iter_273,iter_270,iter_271,ll_907,ll_906,ll_909,ll_908,iter_265,ll_910,iter_266,iter_263,ll_912,iter_264,ll_911,iter_269,ll_914,ll_913,iter_267,ll_916,iter_268,ll_915,iter_261,iter_262,iter_260,iter_30,iter_31,iter_32,iter_33,iter_38,iter_39,iter_34,iter_35,iter_36,iter_37,iter_254,iter_255,iter_252,ll_901,iter_253,ll_900,iter_258,ll_903,iter_259,ll_902,iter_256,ll_905,iter_257,ll_904,iter_250,iter_251,iter_20,iter_21,iter_22,iter_27,iter_28,iter_29,iter_249,iter_23,iter_24,iter_25,iter_26,iter_243,iter_244,iter_241,iter_242,iter_247,iter_248,iter_245,iter_246,iter_240,iter_52,iter_53,iter_54,iter_55,iter_50,iter_51,ratio_692,ratio_691,ratio_690,iter_56,ratio_696,iter_57,ratio_695,iter_58,ratio_694,iter_59,ratio_693,ratio_689,ll_965,ratio_688,ll_964,ratio_687,ll_967,ratio_686,ll_966,ll_969,ll_968,ll_961,ll_960,ll_963,ll_962,iter_41,iter_42,iter_43,iter_44,iter_40,pns_299,iter_49,pns_298,pns_297,pns_296,pns_295,iter_45,pns_294,iter_46,pns_293,iter_47,pns_292,iter_48,pns_291,ll_954,ratio_699,ll_953,ratio_698,ll_956,ratio_697,ll_955,ll_958,ll_957,ll_959,ll_950,ll_952,ll_951,iter_74,iter_75,iter_76,iter_77,iter_70,iter_71,iter_72,pns_289,iter_73,pns_288,pns_287,pns_286,ll_939,pns_285,pns_284,iter_78,pns_283,iter_79,pns_282,pns_281,pns_280,iter_298,pns_290,ll_943,iter_299,ll_942,iter_296,ll_945,iter_297,ll_944,ll_947,ll_946,ll_949,ll_948,iter_290,iter_291,iter_80,iter_294,iter_295,iter_292,ll_941,iter_293,ll_940,iter_63,iter_64,iter_65,iter_66,iter_60,pns_279,iter_61,pns_278,iter_62,pns_277,pns_276,ll_929,pns_275,ll_928,pns_274,pns_273,iter_67,pns_272,iter_68,pns_271,iter_69,pns_270,iter_287,ll_932,iter_288,ll_931,iter_285,ll_934,iter_286,ll_933,ll_936,ll_935,iter_289,ll_938,ll_937,iter_280,iter_283,iter_284,iter_281,ll_930,iter_282,iter_96,iter_97,iter_98,iter_99,iter_92,pns_269,iter_93,pns_268,iter_94,pns_267,iter_95,pns_266,pns_265,pns_264,pns_263,threshold,pns_262,pns_261,ratio_652,pns_260,ratio_651,ratio_650,ratio_645,ratio_644,ratio_643,ratio_642,ratio_649,ratio_648,ratio_647,ratio_646,iter_85,iter_86,iter_87,iter_88,pns_259,iter_81,pns_258,iter_82,pns_257,iter_83,pns_256,iter_84,pns_255,pns_254,pns_253,pns_252,pns_251,iter_89,pns_250,ratio_663,ratio_662,ratio_661,ratio_660,ratio_656,ll_998,ratio_655,ll_997,ratio_654,ratio_653,ll_999,ratio_659,ratio_658,ratio_657,ll_990,iter_90,ll_992,iter_91,ll_991,ll_994,ll_993,ll_996,ll_995,pns_249,pns_248,pns_247,pns_246,pns_245,pns_244,pns_243,ratio_670,pns_242,pns_241,pns_240,ratio_674,ratio_673,ratio_672,ratio_671,ratio_667,ll_987,ratio_666,ll_986,ratio_665,ll_989,ratio_664,ll_988,ratio_669,ratio_668,ll_981,ll_980,ll_983,ll_982,ll_985,ll_984,pns_239,pns_238,pns_237,pns_236,pns_235,pns_234,pns_233,pns_232,ratio_681,pns_231,ratio_680,pns_230,ratio_685,ratio_684,ratio_683,ratio_682,ratio_678,ll_976,ratio_677,ll_975,ratio_676,ll_978,ratio_675,ll_977,ll_979,ratio_679,ll_970,ll_972,ll_971,ll_974,ll_973,trueState,ll_89,ll_90,ll_91,ll_96,ll_97,ll_98,ll_99,ll_92,ll_93,ll_94,ll_95,ll_78,ll_79,ll_80,ll_85,ll_86,ll_87,ll_88,ll_81,ll_82,ll_83,ll_84,ll_899,ll_898,ll_891,ll_890,ll_893,ll_892,ll_895,ll_894,ll_897,ll_896,pns_625,pns_624,pns_623,pns_622,pns_621,pns_620,iter_636,iter_637,iter_634,iter_635,iter_638,iter_639,iter_632,iter_633,iter_630,iter_631,pns_629,pns_628,pns_627,pns_626,pns_614,pns_613,pns_612,pns_611,pns_610,iter_625,iter_626,iter_623,iter_624,iter_629,iter_627,iter_628,iter_621,iter_622,iter_620,pns_619,pns_618,pns_617,pns_616,pns_615,pns_603,pns_602,pns_601,pns_600,iter_614,iter_615,iter_612,iter_613,iter_618,iter_619,iter_616,iter_617,iter_610,ratio_902,iter_611,ratio_901,ratio_900,ratio_906,ratio_905,pns_609,ratio_904,pns_608,ratio_903,pns_607,pns_606,ratio_909,pns_605,ratio_908,pns_604,ratio_907,iter_609,iter_603,iter_604,iter_601,iter_602,iter_607,iter_608,iter_605,iter_606,ratio_913,iter_600,ratio_912,ratio_911,ratio_910,ratio_917,ratio_916,ratio_915,ratio_914,ratio_919,ratio_918,iter_678,iter_679,iter_672,iter_673,iter_670,iter_671,iter_676,iter_677,iter_674,iter_675,iter_669,iter_667,iter_668,iter_661,iter_662,iter_660,iter_665,iter_666,iter_663,iter_664,iter_658,iter_659,iter_656,iter_657,iter_650,iter_651,iter_654,iter_655,iter_652,iter_653,iter_647,iter_648,iter_645,iter_646,iter_649,iter_640,iter_643,iter_644,iter_641,iter_642,pns_589,pns_588,pns_587,pns_586,pns_585,pns_584,pns_583,pns_582,pns_581,pns_580,ratio_971,ratio_970,iter_595,ratio_964,iter_596,ratio_963,iter_593,ratio_962,iter_594,ratio_961,iter_599,ratio_968,ratio_967,iter_597,ratio_966,iter_598,ratio_965,ratio_969,iter_591,iter_592,iter_590,pns_579,pns_578,pns_577,pns_576,pns_575,pns_574,pns_573,pns_572,pns_571,pns_570,ratio_982,ratio_981,ratio_980,iter_584,ratio_975,iter_585,ratio_974,iter_582,ratio_973,iter_583,ratio_972,iter_588,ratio_979,iter_589,ratio_978,iter_586,ratio_977,iter_587,ratio_976,iter_580,iter_581,pns_569,pns_568,pns_567,pns_566,pns_565,pns_564,pns_563,pns_562,pns_561,iter_579,pns_560,ratio_993,ratio_992,ratio_991,ratio_990,iter_573,ratio_986,iter_574,ratio_985,iter_571,ratio_984,iter_572,ratio_983,iter_577,iter_578,ratio_989,iter_575,ratio_988,iter_576,ratio_987,iter_570,pns_559,pns_558,pns_557,pns_556,pns_555,pns_554,pns_553,pns_552,pns_551,pns_550,iter_568,iter_569,iter_562,ratio_997,iter_563,ratio_996,iter_560,ratio_995,iter_561,ratio_994,iter_566,iter_567,iter_564,ratio_999,iter_565,ratio_998,pns_548,pns_547,pns_546,pns_545,pns_544,pns_543,pns_542,pns_541,pns_540,ratio_920,ll_800,ll_802,ll_801,ratio_924,ll_804,ratio_923,ll_803,ratio_922,ll_806,ratio_921,ll_805,ratio_928,ratio_927,ratio_926,ratio_925,pns_549,ratio_929,pns_537,pns_536,pns_535,pns_534,pns_533,pns_532,pns_531,pns_530,ratio_931,ratio_930,ratio_935,ratio_934,ratio_933,ratio_932,ratio_939,ratio_938,ratio_937,ratio_936,pns_539,pns_538,pns_526,pns_525,pns_524,pns_523,pns_522,pns_521,pns_520,ratio_942,ratio_941,ratio_940,ratio_946,ratio_945,ratio_944,ratio_943,ratio_949,ratio_948,ratio_947,pns_529,pns_528,pns_527,pns_515,pns_514,pns_513,pns_512,pns_511,pns_510,ratio_960,ratio_953,ratio_952,ratio_951,ratio_950,ratio_957,ratio_956,ratio_955,ratio_954,ratio_959,ratio_958,pns_519,pns_518,pns_517,pns_516,ll_844,ll_843,ll_846,ll_845,ll_848,ll_847,ll_849,ll_10,ll_11,ll_840,ll_842,ll_841,ll_829,ratio_102,ratio_101,ratio_100,ll_833,ll_832,ll_835,ll_834,ll_837,ll_836,ll_839,ll_838,ll_831,ll_830,ll_27,ll_28,ll_29,ll_23,ll_24,ll_25,ll_26,ll_819,ll_818,ratio_113,ratio_112,ratio_111,ratio_110,ratio_106,ll_822,ratio_105,ll_821,ratio_104,ll_824,ratio_103,ll_823,ll_826,ratio_109,ll_825,ratio_108,ll_828,ratio_107,ll_827,ll_30,ll_31,ll_32,ll_33,ll_820,ll_16,ll_17,ll_18,ll_19,ll_12,ll_13,ll_14,ll_15,ratio_120,ll_808,ll_807,ll_809,ratio_124,ratio_123,ratio_122,ratio_121,ratio_117,ll_811,ratio_116,ll_810,ratio_115,ll_813,ratio_114,ll_812,ll_815,ll_814,ratio_119,ll_817,ratio_118,ll_816,ll_20,ll_21,ll_22,ll_49,ll_45,ll_46,ll_47,ll_48,ll_888,ll_887,ll_889,ll_52,ll_880,ll_53,ll_54,ll_882,ll_55,ll_881,ll_884,ll_883,ll_50,ll_886,ll_51,ll_885,ll_38,ll_39,ll_34,ll_35,ll_36,ll_37,ll_877,ll_876,ll_879,ll_878,effect,ll_41,ll_42,ll_43,ll_871,ll_44,ll_870,ll_873,ll_872,ll_875,ll_40,ll_874,ll_67,ll_68,ll_69,ll_866,ll_865,ll_868,ll_867,ll_869,ll_74,ll_75,ll_76,ll_860,ll_77,ll_70,ll_862,ll_71,ll_861,ll_72,ll_864,ll_73,ll_863,pns_599,ll_56,pns_598,ll_57,pns_597,ll_58,pns_596,ll_59,pns_595,pns_594,pns_593,pns_592,pns_591,pns_590,ll_855,ll_854,ll_857,ll_856,ll_859,ll_858,ll_63,ll_64,ll_65,ll_66,ll_851,ll_60,ll_850,ll_61,ll_853,ll_62,ll_852,ll_790,ll_799,ll_792,ll_791,ll_794,ll_793,ll_796,ll_795,ll_798,ll_797,ll_789,ll_788,ll_781,ll_780,ll_783,ll_782,ll_785,ll_784,ll_787,ll_786,ll_778,ll_777,ll_779,ll_770,ll_772,ll_771,ll_774,ll_773,ll_776,ll_775,pns_504,pns_503,pns_502,pns_501,pns_500,iter_515,iter_516,iter_513,iter_514,iter_519,iter_517,iter_518,iter_511,iter_512,iter_510,pns_509,pns_508,pns_507,pns_506,pns_505,iter_504,iter_505,iter_502,iter_503,iter_508,iter_509,iter_506,iter_507,iter_500,iter_501,iter_559,iter_557,iter_558,iter_551,iter_552,iter_550,iter_555,iter_556,iter_553,iter_554,iter_548,iter_549,iter_546,iter_547,iter_540,iter_541,iter_544,iter_545,iter_542,iter_543,iter_537,iter_538,iter_535,iter_536,iter_539,iter_530,iter_533,iter_534,iter_531,iter_532,iter_526,iter_527,iter_524,iter_525,iter_528,iter_529,iter_522,iter_523,iter_520,iter_521,pns_469,pns_468,pns_467,pns_466,pns_465,pns_464,pns_463,pns_462,pns_461,pns_460,ratio_850,iter_474,ratio_843,iter_475,ratio_842,iter_472,ratio_841,iter_473,ratio_840,iter_478,ratio_847,iter_479,ratio_846,iter_476,ratio_845,iter_477,ratio_844,ratio_849,ratio_848,iter_470,iter_471,pns_459,pns_458,pns_457,pns_456,pns_455,pns_454,pns_453,pns_452,pns_451,iter_469,pns_450,ratio_861,ratio_860,iter_463,ratio_854,iter_464,ratio_853,iter_461,ratio_852,iter_462,ratio_851,iter_467,ratio_858,iter_468,ratio_857,iter_465,ratio_856,iter_466,ratio_855,ratio_859,iter_460,pns_449,pns_448,pns_447,pns_446,pns_445,pns_444,pns_443,pns_442,pns_441,pns_440,iter_458,iter_459,ratio_872,ratio_871,ratio_870,iter_452,ratio_865,iter_453,ratio_864,iter_450,ratio_863,iter_451,ratio_862,iter_456,ratio_869,iter_457,ratio_868,iter_454,ratio_867,iter_455,ratio_866,pns_438,pns_437,pns_436,pns_435,pns_434,pns_433,pns_432,pns_431,iter_449,pns_430,iter_447,iter_448,ratio_883,ratio_882,ratio_881,ratio_880,iter_441,ratio_876,iter_442,ratio_875,ratio_874,iter_440,ratio_873,iter_445,iter_446,ratio_879,iter_443,ratio_878,iter_444,ratio_877,pns_439,pns_427,pns_426,pns_425,pns_424,pns_423,pns_422,pns_421,pns_420,ratio_803,ratio_802,ratio_801,ratio_800,ratio_807,ratio_806,ratio_805,ratio_804,pns_429,ratio_809,pns_428,ratio_808,pns_416,pns_415,pns_414,pns_413,pns_412,pns_411,pns_410,ratio_810,ratio_814,ratio_813,ratio_812,ratio_811,ratio_818,ratio_817,ratio_816,ratio_815,pns_419,pns_418,pns_417,ratio_819,pns_405,pns_404,pns_403,pns_402,pns_401,pns_400,iter_496,ratio_821,iter_497,ratio_820,iter_494,iter_495,ratio_825,ratio_824,iter_498,ratio_823,iter_499,ratio_822,ratio_829,ratio_828,ratio_827,ratio_826,iter_492,pns_409,iter_493,pns_408,iter_490,pns_407,iter_491,pns_406,iter_485,ratio_832,iter_486,ratio_831,iter_483,ratio_830,iter_484,iter_489,ratio_836,ratio_835,iter_487,ratio_834,iter_488,ratio_833,ratio_839,ratio_838,ratio_837,iter_481,iter_482,iter_480,ll_719,ll_723,ll_722,ll_725,ll_724,ll_727,ll_726,ll_729,ll_728,ll_721,ll_720,method,ll_709,ll_708,ll_712,ll_711,ll_714,ll_713,ll_716,ll_715,ll_718,ll_717,exact,ll_710,ll_701,ll_700,ll_703,ll_702,ll_705,ll_704,ll_707,ll_706,ratio_890,ratio_894,ratio_893,ratio_892,ratio_891,ratio_887,ll_767,ratio_886,ll_766,ratio_885,ll_769,ratio_884,ll_768,ratio_889,ratio_888,ll_761,ll_760,ll_763,ll_762,ll_765,ll_764,pns_499,pns_498,pns_497,pns_496,pns_495,pns_494,pns_493,pns_492,pns_491,pns_490,ratio_898,ll_756,ratio_897,ll_755,ratio_896,ll_758,ratio_895,ll_757,ll_759,ratio_899,ll_750,ll_752,ll_751,ll_754,ll_753,pns_489,pns_488,pns_487,pns_486,pns_485,pns_484,pns_483,pns_482,pns_481,pns_480,ll_745,ll_744,ll_747,ll_746,ll_749,ll_748,ll_741,ll_740,ll_743,ll_742,pns_479,pns_478,pns_477,pns_476,pns_475,pns_474,pns_473,pns_472,pns_471,pns_470,ll_734,ll_733,ll_736,ll_735,ll_738,ll_737,ll_739,ll_730,ll_732,ll_731,ratio_292,ratio_291,ratio_290,ll_680,ratio_296,ratio_295,ratio_294,ratio_293,ratio_299,ratio_298,ratio_297,ll_689,ll_682,ll_681,ll_684,ll_683,ll_686,ll_685,ll_688,ll_687,ll_679,ll_678,ll_671,ll_670,ll_673,ll_672,ll_675,ll_674,ll_677,ll_676,ll_668,ll_667,ll_669,ll_660,ll_662,ll_661,ll_664,ll_663,ll_666,ll_665,ll_657,ll_656,ll_659,ll_658,ll_651,ll_650,ll_653,ll_652,ll_655,ll_654,iter_834,ratio_252,iter_835,ratio_251,iter_832,ratio_250,iter_833,iter_838,ratio_256,iter_839,ratio_255,iter_836,ratio_254,iter_837,ratio_253,ratio_249,ratio_248,ratio_247,ratio_246,iter_830,iter_831,iter_829,iter_823,ratio_263,iter_824,ratio_262,iter_821,ratio_261,iter_822,ratio_260,iter_827,ratio_267,iter_828,ratio_266,iter_825,ratio_265,iter_826,ratio_264,ratio_259,ratio_258,ratio_257,iter_820,iter_818,iter_819,ratio_270,iter_812,ratio_274,iter_813,ratio_273,iter_810,ratio_272,iter_811,ratio_271,iter_816,ratio_278,iter_817,ratio_277,iter_814,ratio_276,iter_815,ratio_275,ratio_269,ratio_268,iter_809,iter_807,iter_808,ratio_281,ratio_280,ll_691,ll_690,iter_801,ratio_285,iter_802,ratio_284,ratio_283,iter_800,ratio_282,iter_805,ratio_289,iter_806,ratio_288,iter_803,ratio_287,iter_804,ratio_286,ratio_279,ll_693,ll_692,ll_695,ll_694,ll_697,ll_696,ll_699,ll_698,pns_867,pns_866,pns_865,pns_864,pns_863,pns_862,pns_861,pns_860,iter_878,iter_879,iter_876,iter_877,iter_870,iter_871,iter_874,iter_875,iter_872,iter_873,pns_869,pns_868,pns_856,pns_855,pns_854,pns_853,pns_852,pns_851,pns_850,iter_867,iter_868,iter_865,iter_866,iter_869,iter_860,iter_863,iter_864,iter_861,iter_862,pns_859,pns_858,pns_857,pns_845,pns_844,pns_843,pns_842,pns_841,pns_840,iter_856,iter_857,iter_854,iter_855,iter_858,iter_859,iter_852,iter_853,iter_850,iter_851,pns_849,pns_848,pns_847,pns_846,pns_834,pns_833,pns_832,pns_831,pns_830,iter_845,iter_846,iter_843,iter_844,iter_849,iter_847,iter_848,iter_841,iter_842,iter_840,pns_839,pns_838,pns_837,pns_836,pns_835,pns_823,pns_822,pns_821,pns_820,pns_829,pns_828,pns_827,pns_826,pns_825,pns_824,pns_812,pns_811,pns_810,pns_819,pns_818,pns_817,pns_816,pns_815,pns_814,pns_813,pns_801,pns_800,cause,iter_898,iter_899,iter_892,iter_893,iter_890,iter_891,iter_896,iter_897,iter_894,iter_895,pns_809,pns_808,pns_807,pns_806,pns_805,pns_804,pns_803,pns_802,iter_889,iter_887,iter_888,iter_881,iter_882,iter_880,iter_885,iter_886,iter_883,iter_884,pns_799,pns_798,pns_797,pns_796,pns_795,pns_794,pns_793,pns_792,pns_791,pns_790,pns_789,pns_788,pns_787,pns_786,pns_785,pns_784,pns_783,pns_782,pns_781,pns_780,pns_779,pns_778,pns_777,pns_776,pns_775,pns_774,pns_773,pns_772,pns_771,pns_770,pns_768,pns_767,pns_766,pns_765,pns_764,pns_763,pns_762,pns_761,pns_760,pns_769,pns_757,pns_756,pns_755,pns_754,pns_753,pns_752,pns_751,pns_750,pns_759,pns_758,ratio_333,ratio_332,ratio_331,ratio_330,ratio_326,ll_602,ratio_325,ll_601,ratio_324,ll_604,ratio_323,ll_603,ll_606,ratio_329,ll_605,ratio_328,ll_608,ratio_327,ll_607,ll_600,ratio_340,ratio_344,ratio_343,ratio_342,ratio_341,ratio_337,ratio_336,ratio_335,ratio_334,ratio_339,ratio_338,ratio_351,ratio_350,ratio_355,ratio_354,ratio_353,ratio_352,ratio_348,ratio_347,ratio_346,ratio_345,ratio_349,ratio_362,ratio_361,ratio_360,ratio_366,ratio_365,ratio_364,ratio_363,ratio_359,ratio_358,ratio_357,ratio_356,ll_646,ll_645,ll_648,ll_647,falseState,ll_649,ll_640,ll_642,ll_641,ll_644,ll_643,ratio_300,ll_635,ll_634,ll_637,ll_636,ll_639,ll_638,ll_631,ll_630,ll_633,ll_632,ratio_311,ratio_310,ratio_304,ll_624,ratio_303,ll_623,ratio_302,ll_626,ratio_301,ll_625,ratio_308,ll_628,ratio_307,ll_627,ratio_306,ratio_305,ll_629,ratio_309,ll_620,ll_622,ll_621,ll_609,ratio_322,ratio_321,ratio_320,ratio_315,ll_613,ratio_314,ll_612,ratio_313,ll_615,ratio_312,ll_614,ratio_319,ll_617,ratio_318,ll_616,ratio_317,ll_619,ratio_316,ll_618,ll_611,ll_610,pns_91,pns_92,pns_90,pns_95,ratio_171,pns_96,ratio_170,pns_93,pns_94,pns_99,ratio_175,ratio_174,pns_97,ratio_173,pns_98,ratio_172,ratio_179,ratio_178,ratio_177,ratio_176,ll_569,ll_568,ratio_169,ll_561,ll_560,ll_563,ll_562,ll_565,ll_564,ll_567,ll_566,pns_80,pns_81,pns_84,ratio_182,pns_85,ratio_181,pns_82,ratio_180,pns_83,pns_88,ratio_186,pns_89,ratio_185,pns_86,ratio_184,pns_87,ratio_183,ratio_189,ratio_188,ratio_187,ll_558,ll_557,ll_559,ll_550,ll_552,ll_551,ll_554,ll_553,ll_556,ll_555,pns_70,pns_73,ratio_193,pns_74,ratio_192,pns_71,ratio_191,pns_72,ratio_190,pns_77,ratio_197,pns_78,ratio_196,pns_75,ratio_195,pns_76,ratio_194,pns_79,ratio_199,ratio_198,ll_547,ll_546,ll_549,ll_548,ll_541,ll_540,ll_543,ll_542,ll_545,ll_544,pns_62,pns_63,pns_60,pns_61,pns_66,pns_67,pns_64,pns_65,pns_68,pns_69,ll_536,ll_535,ll_538,ll_537,ll_539,ll_530,ll_532,ll_531,ll_534,ll_533,iter_719,iter_713,ratio_131,iter_714,ratio_130,iter_711,iter_712,iter_717,ratio_135,iter_718,ratio_134,iter_715,ratio_133,iter_716,ratio_132,ratio_128,ratio_127,ratio_126,ratio_125,iter_710,ratio_129,iter_708,iter_709,ll_590,ll_592,ll_591,iter_702,ratio_142,iter_703,ratio_141,iter_700,ratio_140,iter_701,iter_706,ratio_146,iter_707,ratio_145,iter_704,ratio_144,iter_705,ratio_143,ratio_139,ratio_138,ratio_137,ratio_136,ll_594,ll_593,ll_596,ll_595,ll_598,ll_597,ll_599,ll_581,ll_580,ratio_153,ratio_152,ratio_151,ratio_150,ratio_157,ratio_156,ratio_155,ratio_154,ratio_149,ratio_148,ratio_147,ll_583,ll_582,ll_585,ll_584,ll_587,ll_586,ll_589,ll_588,ratio_160,ll_570,ratio_164,ratio_163,ratio_162,ratio_161,ratio_168,ratio_167,ratio_166,ratio_165,ll_579,ratio_159,ratio_158,ll_572,ll_571,ll_574,ll_573,ll_576,ll_575,ll_578,ll_577,pns_746,pns_745,pns_744,pns_743,pns_742,pns_741,pns_740,iter_757,pns_11,iter_758,pns_12,iter_755,iter_756,pns_10,pns_15,pns_16,iter_759,pns_13,pns_14,pns_19,iter_750,pns_17,pns_18,iter_753,iter_754,iter_751,iter_752,time_learn,pns_749,pns_748,pns_747,pns_735,pns_734,pns_733,pns_732,pns_731,pns_730,iter_746,iter_747,iter_744,iter_745,iter_748,iter_749,iter_742,iter_743,iter_740,iter_741,pns_739,pns_738,pns_737,pns_736,pns_724,pns_723,pns_722,pns_721,pns_720,iter_735,iter_736,iter_733,iter_734,iter_739,iter_737,iter_738,iter_731,iter_732,iter_730,pns_729,pns_728,pns_727,pns_726,pns_725,pns_713,pns_712,pns_711,pns_710,iter_724,iter_725,iter_722,iter_723,iter_728,iter_729,iter_726,iter_727,iter_720,iter_721,pns_719,pns_718,pns_717,pns_716,pns_715,pns_714,pns_702,pns_701,pns_700,pns_51,pns_52,pns_50,pns_55,pns_56,iter_799,pns_53,pns_54,pns_59,pns_57,pns_58,iter_793,iter_794,iter_791,iter_792,iter_797,iter_798,iter_795,iter_796,pns_709,pns_708,pns_707,pns_706,iter_790,pns_705,pns_704,pns_703,pns_40,pns_41,pns_44,pns_45,iter_788,pns_42,iter_789,pns_43,pns_48,pns_49,pns_46,pns_47,iter_782,iter_783,iter_780,iter_781,iter_786,iter_787,iter_784,iter_785,pns_30,iter_779,pns_33,pns_34,iter_777,pns_31,iter_778,pns_32,pns_37,pns_38,pns_35,pns_36,iter_771,iter_772,pns_39,iter_770,iter_775,iter_776,iter_773,iter_774,iter_768,pns_22,iter_769,pns_23,iter_766,pns_20,iter_767,pns_21,pns_26,pns_27,pns_24,pns_25,iter_760,iter_761,pns_28,pns_29,iter_764,iter_765,iter_762,iter_763,pns_699,pns_698,pns_697,pns_696,pns_695,pns_694,pns_693,pns_692,pns_691,pns_690,pns_689,pns_688,pns_687,pns_686,pns_685,pns_684,pns_683,pns_682,pns_681,pns_680,iter_694,iter_695,iter_692,iter_693,iter_698,iter_699,iter_696,iter_697,iter_690,iter_691,pns_679,pns_678,pns_677,pns_676,pns_675,pns_674,pns_673,pns_672,pns_671,iter_689,pns_670,iter_683,iter_684,iter_681,iter_682,iter_687,iter_688,iter_685,iter_686,iter_680,pns_669,pns_668,pns_667,pns_666,pns_665,pns_664,pns_663,pns_662,pns_661,pns_660,pns_658,pns_657,pns_656,pns_655,pns_654,pns_653,pns_652,pns_651,pns_650,pns_659,pns_647,pns_646,pns_645,pns_644,pns_643,pns_642,pns_641,pns_640,pns_649,pns_648,pns_636,pns_635,pns_634,pns_633,pns_632,pns_631,pns_630,pns_639,pns_638,pns_637,ratio_212,ratio_211,ratio_210,ratio_205,ratio_204,ratio_203,ratio_202,ratio_209,ratio_208,ratio_207,ratio_206,modelID,ratio_223,ratio_222,ratio_221,ratio_220,ratio_216,ratio_215,ratio_214,ratio_213,ratio_219,ratio_218,ratio_217,ratio_230,ratio_234,ratio_233,ratio_232,ratio_231,ratio_227,ratio_226,ratio_225,ratio_224,ratio_229,ratio_228,ratio_241,ratio_240,ratio_245,ratio_244,ratio_243,ratio_242,ratio_238,ratio_237,ratio_236,ratio_235,ratio_239,ll_525,ll_524,ll_527,ll_526,ll_529,ll_528,ll_521,ll_520,ll_523,ll_522,ll_514,ll_513,ll_516,ll_515,ll_518,ll_517,ll_519,ll_510,ll_512,ll_511,ll_503,ll_502,ll_505,ll_504,ll_507,ll_506,ll_509,ll_508,ll_501,ll_500,ratio_201,ratio_200,ll_448,ll_447,ll_449,ll_440,ll_442,ll_441,ll_444,ll_443,ll_446,ll_445,ll_437,ll_436,ll_439,ll_438,ll_431,ll_430,ll_433,ll_432,ll_435,ll_434,ll_426,ll_425,ll_428,ll_427,ll_429,ll_420,ll_422,ll_421,ll_424,ll_423,ll_415,ll_414,ll_417,ll_416,ll_419,ll_418,ll_411,ll_410,ll_413,ll_412,ratio_490,ll_480,ll_482,ll_481,ratio_494,ratio_493,ratio_492,ratio_491,ratio_498,ratio_497,ratio_496,ratio_495,ratio_489,ratio_488,ll_484,ll_483,ll_486,ll_485,ll_488,ll_487,ll_489,ll_471,ll_470,ratio_499,ll_473,ll_472,ll_475,ll_474,ll_477,ll_476,ll_479,ll_478,ll_460,ll_469,ll_462,ll_461,ll_464,ll_463,ll_466,ll_465,ll_468,ll_467,pns_199,pns_198,pns_197,pns_196,pns_195,pns_194,pns_193,pns_192,ll_459,ll_458,ll_451,ll_450,ll_453,ll_452,ll_455,ll_454,ll_457,ll_456,ll_1,ll_2,ll_0,ll_5,ll_6,ll_3,ll_4,ll_9,ll_7,ll_8,ll_491,ll_490,ll_493,ll_492,iter_9,iter_8,iter_7,iter_6,iter_5,iter_4,iter_3,iter_2,iter_1,iter_0,ll_495,ll_494,ll_497,ll_496,ll_499,ll_498,pns_108,pns_107,pns_106,pns_105,pns_104,pns_103,pns_102,pns_101,iter_119,pns_100,iter_117,iter_118,iter_111,iter_112,iter_110,iter_115,iter_116,iter_113,iter_114,pns_109,iter_108,iter_109,iter_106,iter_107,iter_100,iter_101,iter_104,iter_105,iter_102,iter_103,ratio_502,ratio_501,ratio_500,ratio_506,ratio_505,ratio_504,ratio_503,ratio_509,ratio_508,ratio_507,ratio_520,ratio_513,ratio_512,ratio_511,ratio_510,ratio_517,ratio_516,ratio_515,ratio_514,ratio_519,ratio_518,iter_155,iter_156,iter_153,iter_154,iter_159,iter_157,iter_158,iter_151,iter_152,iter_150,iter_144,iter_145,iter_142,iter_143,iter_148,iter_149,iter_146,iter_147,iter_140,iter_141,iter_139,iter_133,iter_134,iter_131,iter_132,iter_137,iter_138,iter_135,iter_136,iter_130,pns_999,pns_998,pns_997,pns_996,pns_995,pns_994,pns_993,pns_992,pns_991,pns_990,iter_128,iter_129,iter_122,iter_123,iter_120,iter_121,iter_126,iter_127,iter_124,iter_125,pns_189,pns_188,ratio_571,pns_187,ratio_570,pns_186,pns_185,pns_184,ratio_575,pns_183,ratio_574,pns_182,ratio_573,pns_181,ratio_572,iter_199,pns_191,ratio_568,pns_190,ratio_567,iter_197,ratio_566,iter_198,ratio_565,ratio_569,iter_191,iter_192,iter_190,iter_195,iter_196,iter_193,iter_194,pns_179,pns_178,pns_177,ratio_582,pns_176,ratio_581,pns_175,ratio_580,pns_174,pns_173,ratio_586,pns_172,ratio_585,pns_171,ratio_584,pns_170,ratio_583,iter_188,pns_180,ratio_579,iter_189,ratio_578,iter_186,ratio_577,iter_187,ratio_576,iter_180,iter_181,iter_184,iter_185,iter_182,iter_183,pns_169,pns_168,pns_167,pns_166,ratio_593,pns_165,ratio_592,pns_164,ratio_591,pns_163,ratio_590,pns_162,ratio_597,pns_161,ratio_596,pns_160,ratio_595,ratio_594,iter_177,iter_178,ratio_589,iter_175,ratio_588,iter_176,ratio_587,iter_179,iter_170,iter_173,iter_174,iter_171,iter_172,pns_159,pns_158,pns_157,pns_156,pns_155,pns_154,pns_153,pns_152,pns_151,pns_150,iter_166,iter_167,iter_164,ratio_599,iter_165,ratio_598,iter_168,iter_169,iter_162,iter_163,iter_160,iter_161,pns_149,pns_148,pns_147,pns_146,pns_145,pns_144,pns_143,pns_142,pns_141,pns_140,ratio_531,ratio_530,ratio_524,ll_404,ratio_523,ll_403,ratio_522,ll_406,ratio_521,ll_405,ratio_528,ll_408,ratio_527,ll_407,ratio_526,ratio_525,ll_409,ratio_529,ll_400,ll_402,ll_401,pns_139,pns_138,pns_137,pns_136,pns_135,pns_134,pns_133,pns_132,pns_131,pns_130,ratio_542,ratio_541,ratio_540,ratio_535,ratio_534,ratio_533,ratio_532,ratio_539,ratio_538,ratio_537,ratio_536,pns_129,pns_128,pns_127,pns_126,pns_125,pns_124,pns_123,pns_122,pns_121,pns_120,ratio_553,ratio_552,ratio_551,ratio_550,ratio_546,ratio_545,ratio_544,ratio_543,ratio_549,ratio_548,ratio_547,pns_119,pns_118,pns_117,pns_116,pns_115,pns_114,pns_113,pns_112,pns_111,ratio_560,pns_110,ratio_564,ratio_563,ratio_562,ratio_561,ratio_557,ratio_556,ratio_555,ratio_554,ratio_559,ratio_558,iter_919,pns_900,iter_917,iter_918,iter_911,iter_912,iter_910,iter_915,iter_916,iter_913,iter_914,ll_327,ll_326,ll_329,ll_328,pns_909,pns_908,pns_907,pns_906,ll_321,pns_905,ll_320,pns_904,ll_323,pns_903,ll_322,pns_902,ll_325,pns_901,ll_324,iter_908,iter_909,iter_906,iter_907,iter_900,iter_901,iter_904,iter_905,iter_902,iter_903,ll_316,ll_315,ll_318,ll_317,ll_319,ll_310,ll_312,ll_311,ll_314,ll_313,ll_max,ll_305,ll_304,ll_307,ll_306,ll_309,ll_308,ll_301,ll_300,ll_303,ll_302,ll_361,ll_360,iter_955,ratio_373,iter_956,ratio_372,iter_953,ratio_371,iter_954,ratio_370,iter_959,ratio_377,ratio_376,iter_957,ratio_375,iter_958,ratio_374,ratio_369,ratio_368,ratio_367,iter_951,iter_952,iter_950,ll_363,ll_362,ll_365,ll_364,ll_367,ll_366,ll_369,ll_368,ratio_380,ll_350,iter_944,ratio_384,iter_945,ratio_383,iter_942,ratio_382,iter_943,ratio_381,iter_948,ratio_388,iter_949,ratio_387,iter_946,ratio_386,iter_947,ratio_385,ll_359,ratio_379,ratio_378,iter_940,iter_941,ll_352,ll_351,ll_354,ll_353,ll_356,ll_355,ll_358,ll_357,iter_939,ratio_391,ratio_390,iter_933,ratio_395,iter_934,ratio_394,iter_931,ratio_393,iter_932,ratio_392,iter_937,ratio_399,iter_938,ratio_398,iter_935,ratio_397,iter_936,ratio_396,ll_349,ll_348,ratio_389,iter_930,ll_341,ll_340,ll_343,ll_342,ll_345,ll_344,ll_347,ll_346,iter_928,iter_929,iter_922,iter_923,iter_920,iter_921,iter_926,iter_927,iter_924,iter_925,ll_338,ll_337,ll_339,ll_330,ll_332,ll_331,ll_334,ll_333,ll_336,ll_335,pns_988,pns_987,pns_986,pns_985,pns_984,pns_983,pns_982,pns_981,iter_999,pns_980,iter_997,iter_998,iter_991,iter_992,iter_990,iter_995,iter_996,iter_993,iter_994,pns_989,pns_977,pns_976,pns_975,ll_390,pns_974,pns_973,ll_392,pns_972,ll_391,pns_971,ll_394,pns_970,ll_393,iter_988,iter_989,iter_986,iter_987,iter_980,iter_981,iter_984,iter_985,iter_982,iter_983,ll_396,ll_395,ll_398,ll_397,ll_399,pns_979,pns_978,pns_966,pns_965,pns_964,pns_963,pns_962,ll_381,pns_961,ll_380,pns_960,ll_383,ll_382,iter_977,iter_978,iter_975,iter_976,iter_979,iter_970,iter_973,iter_974,iter_971,iter_972,ll_385,ll_384,ll_387,ll_386,ll_389,pns_969,ll_388,pns_968,pns_967,pns_955,pns_954,pns_953,pns_952,pns_951,ll_370,pns_950,ll_372,ll_371,iter_966,iter_967,iter_964,iter_965,iter_968,iter_969,iter_962,iter_963,iter_960,iter_961,ll_374,ll_373,ll_376,ll_375,pns_959,ll_378,pns_958,ll_377,pns_957,pns_956,ll_379,pns_944,pns_943,pns_942,pns_941,pns_940,pns_949,pns_948,pns_947,pns_946,pns_945,pns_933,pns_932,pns_931,pns_930,pns_939,pns_938,pns_937,pns_936,pns_935,pns_934,pns_922,pns_921,pns_920,pns_929,pns_928,pns_927,pns_926,pns_925,pns_924,pns_923,pns_911,pns_910,pns_919,pns_918,pns_917,pns_916,pns_915,pns_914,pns_913,pns_912,ratio_0,ratio_1,ratio_2,ratio_3,pns_899,pns_898,pns_897,pns_896,pns_895,pns_894,pns_893,pns_892,pns_891,pns_890,pns_889,pns_888,pns_887,pns_886,pns_885,pns_884,pns_883,pns_882,modelPath,pns_881,pns_880,pns_878,pns_877,pns_876,pns_875,pns_874,pns_873,pns_872,pns_871,pns_870,pns_879,ratio_450,ratio_454,ratio_453,ratio_452,ratio_451,ratio_447,ratio_446,ratio_445,ratio_444,ratio_449,ratio_448,ratio_461,ratio_460,ratio_465,ratio_464,ratio_463,ratio_462,ratio_458,ratio_457,ratio_456,ratio_455,ratio_459,ratio_472,ratio_471,ratio_470,ratio_476,ratio_475,ratio_474,ratio_473,ratio_469,ratio_468,ratio_467,ratio_466,ratio_483,ratio_482,infoPath,ratio_481,ratio_480,ratio_487,ratio_486,ratio_485,ratio_484,ratio_479,ratio_478,ratio_477,ratio_410,ratio_403,ratio_402,ratio_401,ratio_400,ratio_407,ratio_406,ratio_405,ratio_404,ratio_409,ratio_408,ratio_4,ratio_5,ratio_6,ratio_7,ratio_8,ratio_9,ratio_421,ratio_420,ratio_414,ratio_413,ratio_412,ratio_411,ratio_418,ratio_417,ratio_416,ratio_415,ratio_419,ratio_432,ratio_431,ratio_430,ratio_425,ratio_424,ratio_423,ratio_422,ratio_429,ratio_428,ratio_427,ratio_426,ratio_443,ratio_442,ratio_441,ratio_440,ratio_436,ratio_435,ratio_434,ratio_433,ratio_439,ratio_438,ratio_437
-5808.951837307688,-5808.951650565317,-5808.951788559962,-5808.951837389246,-5808.951837375485,-5808.951877668291,2000,-5808.951811234261,-5808.951748295971,-5808.952089876759,-5808.9518472198015,/mnt/beegfs/rcabanas/dev/credici/papers/journalEM/output/synthetic/s12/random_mc2_n6_mid3_d1000_05_mr098_r10_62_uai_ccve.csv,-5808.955586684882,-5808.952425168358,-5808.951797151267,LLratio,-5808.952260128206,-5808.752433789876,-5808.951923041328,-5808.952216826474,-5808.951802439005,-5808.9518385359115,-5808.25702729837,-5808.951885393333,-5808.964346930905,-5809.031886268966,-5808.959840876831,-5808.951840535941,-5808.951835820977,-5808.951837060387,-5808.951839087269,-5808.951837105347,-5808.951677888843,-5808.951839120917,-5808.951857142459,-5808.961660305837,-5808.951976141596,-5808.865908176704,-5808.952844409972,-5808.951837505592,-5808.95186049041,-5808.951765999951,-5810.858547929447,-5808.951837825774,-5808.951837227409,-5814.711126119577,-5808.951835914653,-5808.951863690443,-5808.95192520467,-5808.9585815883,-5808.951837511619,-5808.9553091754215,-5808.951848714336,-5808.952377188489,-5808.45870420957,-5810.249665265246,-5808.951835770697,-5808.948604070223,-5808.951837855039,-5808.941758077863,-5808.953539441007,-5808.951837098415,-5808.951308243941,-5808.951842041328,-5808.951837089115,-5808.951837173121,-5808.952021809075,-5808.931373634148,-5808.952063578487,-5808.951836820095,-5808.95185522635,-5808.951873556434,-5808.968316105145,-5808.999213388927,-5808.951838043271,-5808.9518371078775,-5808.951837027465,-5808.951837113684,-5808.947936374465,-5808.95177730262,-5808.951837315152,-5808.949081049945,-5808.951817715448,-5808.9522413529285,-5808.951836561372,-5808.951826926936,-5808.95173967834,-5808.9510008148045,-5808.952283627539,-5808.951812692041,-5808.951909556057,-5808.95183686081,-5808.951686983386,500,500,500,500,500,500,500,500,500,500,500,500,500,500,500,500,500,500,500,500,500,500,500,500,500,500,500,500,500,500,-5808.952114928814,-5808.951836896793,-5808.951837130906,-5808.95180999593,-5808.951837051833,-5807.974072145969,500,500,500,500,500,500,500,1039,500,500,500,-5808.951860158904,-5808.9518370641235,-5808.951898841533,-5808.9520041051055,0.9959644300763906,0.11168675398974305,0.9959794413530654,0.11090057376738717,0.9959868963250488,0.11719086061297233,0.9959644286376607,0.12657953945720504,0.9959644126394122,0.12624155554553468,0.9959644300828366,0.09130743576703218,0.9959644364373685,0.12641411871486213,0.9959384336951245,0.1253872855730883,0.07226361727310562,500,0.07671320896420657,500,0.9959642246184426,500,0.9959643036345515,500,0.9959644273827224,500,500,0.9960035639960267,500,0.9959643688311667,500,0.9959637663323688,500,0.9959644301587256,0.995964181337234,0.995964344157427,0.995964430120104,500,0.9959642741187724,0.9959648338830625,0.008981507345143587,0.9959644286044238,0.09140886724010108,0.9959644300546104,0.12765576865301265,0.9959644300457665,0.055761361509097586,0.995938373647003,0.07665794051460255,0.9959644295458892,0.09267058709728615,0.9959703315496929,0.10693914347453568,0.9959644294634825,0.07573433110512823,0.9959644300166156,0.12197894299263673,0.9959644742566842,0.10014809564587908,500,500,0.9959644466209631,500,0.9959630359632742,500,0.9959644209369662,500,0.9959644301825208,500,0.9959644305698742,500,0.9959620851561218,500,0.9959542680754766,500,0.9959644358141218,500,0.9959644303728784,0.9959644302451273,0.9959644225357092,0.9959644270436546,0.12807390253819803,0.995964430146541,0.10026866554161477,0.995964430116732,0.12517504098639762,0.9959644301540884,0.06624029507585084,0.995964430147878,0.012801817441792748,0.9962274794426405,0.12882748420397336,0.9959644301318038,0.04359449914505754,0.9959644301448848,0.12771792302510823,0.9959644301486887,500,0.09211702645165906,0.996057680980459,0.9959644301420344,500,500,0.9959639092490745,0.9959644283539947,500,0.9959657486375045,500,0.9959643841513091,0.9959112287436115,500,0.9959644300813029,500,0.9959644301267225,500,0.9959644301523057,500,0.9959644290564477,500,0.9959644216600199,0.9959644301485228,0.12129709209235423,0.08879345394256834,0.12822133886417172,0.9959644302944435,0.12447268990142446,0.9959644267185528,0.12734558006774055,0.9959644174592467,0.1283681756398305,0.9959577607016011,0.09925905669053244,0.9959644301862864,0.09912927894378674,0.9959644241888126,0.12951964684702,0.9959644301137184,500,0.9959644480305613,500,0.9959630274279142,500,0.9959268610383986,500,0.9959644301404814,0.9959644364959684,0.9959644301174502,500,0.9959644297606821,500,0.9959643711401681,0.9953033315468591,0.9959644302364414,500,0.9959644297035873,500,0.9959641560043371,500,0.995964430322297,500,0.9959656492294029,0.12801654168155568,0.12826158423568942,0.08297271854734212,0.12900934480257775,0.12872054729072127,0.07947191665450007,0.10384760018948422,0.10864022780211417,0.11797375183172758,500,500,500,500,500,500,500,500,0.1269177513549509,500,0.10159066869729959,500,0.10028047272766137,0.9959644218776096,0.9959644301946969,0.9959626441313848,0.9959644300912605,0.9959644293301753,500,500,500,500,0.13212476375235335,500,500,0.9959644349623622,500,0.9959644177682749,2.9060670889214844E-4,500,0.9959644362200861,500,0.9959644301366385,500,0.995964196749826,0.9959644302931284,0.9959644301456118,0.9959644289441439,0.9959644301505691,0.9959644309196047,0.99596430973902,500,0.9960376557454087,500,500,500,500,0.9959489079144231,0.9959673495305122,500,0.9959638588001875,500,0.9959644301452351,0.9959644367878172,0.9959800786446803,0.9959644298699868,0.9959556473178789,500,0.9959635593225746,500,0.9959644079420918,0.9959577511405441,500,0.9959639720668092,0.9959644302153338,0.9959997246782092,0.9959644679274025,0.9959644276837226,0.9959643993933445,0.9959644301424261,0.9959641354574127,0.9959643662612861,500,0.09885824744881919,0.9959644301217917,500,0.06421850777068695,0.9959644281614399,500,0.12893455523265648,500,0.12723975338383092,500,0.12901539131118617,0.9959644324983392,500,0.12304160160452686,0.9959686106135645,500,0.1287457792974087,0.9959639181919216,500,0.12894402714204245,0.9959644331181121,0.055130418861155495,0.9962340506421647,0.014613851523028252,0.995964210028005,0.9962232454591984,0.9959644268660506,500,500,0.9959644196204189,0.9959644447910392,0.99596442671565,0.07216852725341404,0.12428550325991218,0.12908387948959676,0.12426382719621318,0.07620931555772861,0.12159485254161609,0.12902126885317927,0.10936896176045732,0.07958388991264237,0.08425910626197766,0.9959639756453393,0.9959644283880572,0.9959644168805496,3.420172914614471E-4,0.9959633871745855,0.12642669373164736,0.9959644021834632,0.06718927152704808,0.9959644299532556,0.08289536902533158,0.9959532459605354,0.06860103181313999,0.9959644301520082,0.06872914691174555,0.9959644301895654,0.12361900134451062,0.9959644299889111,0.018820738963577662,0.9959643338597631,0.1247270010298176,0.9959644300431406,0.0016076531010670403,0.9959643811350061,0.9959643803222713,0.9959644233304674,0.9959644301479097,0.9959642330517208,0.9959644295979654,0.9959644177081628,0.9959644296748634,0.9959644229662639,0.9959644328036057,0.09042095365780412,0.995903139249652,0.05974991418882373,0.9959644297249978,0.014903625554505619,0.9959644304520192,0.10897696148717123,0.9959485085366379,0.11213246442328578,0.9959644298055094,0.9959644166165881,0.1290078355692043,0.9959644301824678,0.10419469597231579,0.9959644298677233,0.11867414720345322,0.9959644667783988,0.12804491988125,0.9952243465312429,0.9960335241856639,0.09365475230086931,0.9959644301381503,0.9959644746866444,0.9959617242601511,0.9959644302107022,0.9959561859773837,0.9959644300446341,0.9959645654983269,0.9959646293995869,0.9959644136374384,0.12116224792485057,0.12034347343300146,0.12013430967178394,0.12821940130140952,0.12853357657919967,0.12086716811742065,0.9959644183050593,0.128693799856829,0.9959644300886723,0.12708837556142974,0.06626694534520589,0.10672716742596025,0.9959644299254695,0.9957939122077258,0.996069260432407,0.995964428493698,0.9959644301458265,0.995962484377671,0.9959627580550877,0.9959644730793866,0.9959626502451997,0.12902835158399786,0.11664369527431322,0.1026305418611354,0.01106196709525586,0.1282163003689219,0.11729622723084218,0.10384123927093586,0.07080962360334503,0.12824153202517677,0.11168013409316874,0.996212986830556,0.9959644301361668,0.9959677986907902,0.9959644301730035,-5808.951837070914,-5808.95183718706,-5808.95184549298,-5808.9561314115535,-5808.951836604847,-5808.9960641863945,-5808.951841803673,-5808.945864163055,-5808.951437418934,-5808.951862141648,-5808.963335292914,-5808.336841383483,-5808.9518732519155,-5808.951694563359,-5808.951868111257,-5808.973533363867,-5808.951862287543,-5808.951889663924,-5808.951856534828,-5808.946839477829,-5808.9521449643,-5808.951837094986,-5808.951834977162,-5808.9518637812,-5809.24775244951,-5808.95191316359,-5808.951837207049,-5807.931372087736,-5809.100999182912,-5808.951837057433,-5808.138958457608,-5808.951811519864,-5808.951753111127,-5808.940565411402,-5808.95183675035,-5808.951837460976,-5808.95192035225,-5808.857123811846,-5808.951837386763,-5808.951837073935,-5808.93401953029,-5808.951889235614,-5808.951837454164,-5808.951837159846,-5808.951838028508,-5808.951837013759,-5808.951889155815,-5808.951832615416,-5809.209945509045,-5808.951746965062,-5809.0575254711985,-5808.9519118256985,-5808.182813934092,-5808.951831152945,-5808.97023766603,-5808.951837486382,-5808.9351163688025,-5808.951858824237,-5808.951144396051,-5808.951867095109,-5808.95184332701,-5808.951837129947,-5808.959927997326,-5808.967475806985,-5808.951837684367,-5807.560772260929,-5808.951847519769,-5808.9518377885215,-5808.951869377088,-5807.503939970806,500,500,500,500,500,500,500,500,500,500,-5808.951837096272,-5808.951838281138,-5808.95183545502,-5809.10363317303,-5808.951837099459,-5808.952159560637,-5808.073955633126,500,500,500,500,500,500,500,500,500,500,-5808.951883305226,-5808.95183626066,-5809.091166571754,-5808.951837063368,-5808.951837070039,-5808.951873069622,-5808.952077800046,-5808.9518370250025,500,-5808.9518404628725,-5808.951846047197,-5808.951860417164,-5808.951692903287,-5808.951864792218,-5808.951802345942,-5808.951841172011,-5808.951839447831,-5808.776524748535,-5808.9521477261915,-5808.951661930523,-5808.951824228955,-5808.951837186486,-5808.951840679731,-5808.951807319201,0.09236384500614268,0.11325354364924907,6.3509738168411E-4,0.10990097214796442,0.04513073812729404,0.1289128917537235,0.10337710490287616,0.113845779923217,0.12539376328987412,0.11627452078321673,500,500,500,0.995964440157564,500,0.9959644292071984,500,500,500,0.9959707396889994,500,0.9959644301268242,500,0.9959644301476295,500,0.9959644013055122,0.9962119768676637,0.9959881007572254,0.9959253545752963,0.9959640315564344,0.08253666828717557,0.11269879665474992,0.09423532851370083,0.12295986249155522,0.06218855724109567,0.12716308657748704,0.12426288204899365,0.12359259988504888,500,0.10650600306531902,500,500,500,0.9959643968042625,500,0.9959644300968242,0.9959644366560656,500,500,0.9959644301185916,500,0.9959644192339758,500,0.9959643825453092,500,0.995964431551883,0.9959644291608554,0.995964430129297,0.9959644301456781,0.06408142355343868,0.12897529565411858,0.05854618699168196,0.10009820239882253,0.12160458704727713,0.12497836696496299,0.12894432167131953,0.12740124365962208,0.12403159931249334,500,500,500,500,0.9959644163171381,500,0.9959644256288892,500,0.9959644301514271,0.9959642353377429,0.9959644297996529,500,0.9959643381238024,500,0.9959644229833415,500,0.9959644016991691,500,0.9959644282671767,0.9959644592645905,0.9959644297324163,0.10969455761627303,0.12569509166971127,500,500,500,500,0.995964448313383,0.995296952507376,500,0.9959643701326817,500,0.9959086837782269,0.9959623252589974,0.9959687647753661,500,0.9959644658207869,500,0.995964430276912,500,0.9959488346639851,500,0.9959644282294526,0.9959644297994111,500,500,500,-5808.952515846868,500,-5808.951780499961,500,500,-5808.9518577779945,500,500,500,500,500,-5808.951837234394,500,-5808.951881520015,500,-5808.951869714394,500,-5808.951828375564,-5808.951835579703,-5808.951866479702,500,-5808.95183788672,500,-5808.952009038034,500,500,500,500,-5808.951838693089,-5808.951863670472,-5808.662111607888,-5809.187255511155,500,-5808.951373933936,500,500,-5808.951840308884,500,-5808.952723906259,500,-5808.965823185921,-5808.951837316114,500,-5808.952680715452,500,-5808.9518345858,500,500,500,500,500,500,500,500,500,500,500,500,500,500,500,500,-5808.951837126693,500,-5808.951863174287,500,-5808.954414830692,500,-5809.123652614504,500,-5809.0358395498715,500,-5808.95183711111,500,500,500,500,500,500,500,500,500,500,500,500,500,500,500,500,500,500,500,500,500,500,500,500,500,500,500,500,0.9959628750699419,0.9959287106089215,0.9959645474659145,500,0.995964430154396,500,0.9959644298595102,500,0.9959644078976757,500,0.9960093178496857,0.9959644252895894,-5808.952493253248,0.9959644301429423,-5808.951844479578,0.9959643156207114,-5808.951979780485,0.9959643572716784,-5808.922787319008,-5808.951837066822,-5809.061203272788,-5808.960989209678,-5808.95173362322,-5808.953139411264,-5808.996421911592,500,500,500,500,500,0.12884223310763673,500,0.0051734146924876465,0.12324265663273944,0.12407429215160609,0.12775583812958846,500,0.056127165398441654,500,0.09685397307688706,500,0.12809811079949687,500,0.12622217941340627,-5809.134159526622,0.9959644548852533,-5808.951837071805,0.9959644312083673,-5808.9518370907135,0.9959640046660413,-5808.986695870026,-5808.951837111217,-5808.951884598986,-5808.95183740336,-5808.951742715031,-5808.9518451408185,-5808.951836716298,500,500,500,500,500,500,500,0.056030016633873136,500,0.1276700677874871,0.05307911510053195,0.12900712674051681,-5808.951837274992,0.0548916924476141,0.11488324663559464,500,0.10653483674690609,500,0.09986091510242254,0.057676969160447004,0.12013024288919574,500,0.10433269059195371,-5808.951823498324,500,-5808.951831981007,500,-5808.952003374145,500,-5808.952266087297,-5808.983525784586,-5808.952632759614,-5809.957096975475,-5808.951842244454,500,500,500,500,500,500,-5808.951837130957,500,-5808.952240062303,500,500,500,500,500,0.1176226477058283,500,0.11811495552647423,500,0.10564834212740981,0.12789814648000952,-5808.951837256098,0.1129205557733673,-5808.951838007928,0.10147152638822418,0.05291615776130848,500,0.12165884888661709,500,0.11065219711481777,500,0.12152885296531613,500,-5808.942449887178,500,-5808.952588216738,500,-5808.951952706397,500,-5809.057196286703,-5808.9517121802055,-5808.951465285883,500,-5808.951837044033,-5808.9518376259275,500,500,500,500,-5808.951910928648,500,500,500,500,500,500,0.07104881320603026,500,0.1281094805073121,500,0.08226617868455671,500,0.10765580471546377,0.1209297207929374,0.10891640976387998,0.12868292552638816,1.0,0.11524737200074116,0.12868730991863528,0.9959644342484856,0.10949421426728904,0.995964430142688,0.9959658303448556,0.9959633871145516,0.9959644191863966,0.9959567088111208,0.9959622688523878,0.9959644301402311,0.9959643918801199,0.9959644286160267,0.9959644300253133,500,500,500,500,0.044004168768891135,500,0.12415020483162724,500,0.12510780262190094,500,0.12860010543097514,500,0.06015179372684832,0.12515863608280922,0.05864006231120525,0.08122774330446944,0.12902895883173787,500,0.12330376833241534,0.9959638919728443,0.9959640381457457,0.9959641129930508,0.9959640282193764,0.9959644301534275,-5808.951840960464,0.9959942347460164,-5808.952675065711,0.9959643986462381,0.9959406180911544,-5808.951538752002,0.9959567583825694,0.9959644299754915,0.995958417384633,-5808.951836832875,500,-5808.951837130655,500,-5808.9518371516715,-5808.951836969671,-5808.952039381668,-5808.951840444044,-5808.979640004376,0.11862384913778148,0.05731834023389105,0.05746607969096865,0.06382388398431335,0.06270453052754556,0.08565351932946257,0.10648234230130962,0.9959640613231787,0.1287985129709312,0.08882405925367312,0.12379833842523383,0.9959635063368797,0.9959555530113794,0.9959644345776195,0.9959644305544594,0.9959514884371092,-5808.951881962673,0.9959644301008607,-5808.951831124252,0.995964430519397,-5808.48727609171,0.9959644358754202,-5808.951848534756,0.9959644214296002,0.9959117364286918,-5808.951872379392,-5808.95185805351,-5808.951838198987,-5808.951838408964,-5808.951975305361,-5808.951845480935,0.12665051903689814,0.06866441464711329,0.08907965596976791,0.11358011767164909,0.0513384035808871,0.12861798418496767,0.12120099411547716,0.10902123859525913,0.9959643996607253,0.12916872867993456,0.9959940999290126,0.06734608087101905,0.99596724558949,0.9959644909817781,0.9959644301447447,0.9959643177412701,0.9959644350988064,-5808.951837139939,0.9959644301566958,-5808.951838121421,0.9959644547935268,-5808.951867934435,0.9959644301351519,-5809.187078658359,-5808.951898239773,0.9959644259996223,-5808.951837094981,-5808.951837065317,-5808.951737272702,-5808.9518379366655,-5808.9518378999965,0,-5808.952539364947,-5808.951809001062,-5808.951909285393,-5808.951836808421,-5808.962254022177,-5808.951837411712,-5808.951841850732,-5808.951801665403,-5808.951837147046,-5808.953198373441,-5808.951885317743,-5808.953555860971,-5808.952209699375,-5808.956916165156,-5808.951837094708,-5808.951844102257,-5808.951837065795,-5808.951832580402,-5808.951966596502,-5808.990792581239,-5808.954508835632,-5808.951836234319,-5808.951837595399,-5808.951956367024,-5808.951837474508,-5808.951815073919,-5808.951883853379,-5808.951725938567,-5808.952861467173,-5808.951907655301,-5808.950246975686,-5808.952123219662,0.11974946161341293,0.12891400346505366,0.11800242655850804,0.051091559399649496,0.12857236899921046,0.12880533610833772,500,500,500,500,500,500,500,500,500,500,0.09264018527933893,0.11910422905746798,0.12763012363809126,0.12725024337348526,0.11576288077746864,0.08721345667658494,0.1275728031380756,0.08800538343133843,0.1219217549436292,500,500,500,500,500,500,500,500,500,500,0.12895921635397853,0.11891188502172714,0.1283334486857843,0.034341240499776556,0.1251385915655003,0.12625276858341364,0.10216162531160373,0.07342660816505106,0.10221230495056632,500,500,500,500,500,500,500,500,500,0.9959349726651903,500,0.9959644301401278,0.9959644256741801,0.9959644255891069,0.9959500278489661,0.08012024617939938,0.9959644301427998,0.12561617458717603,0.9959639881842592,0.12962804957295265,0.055658099755182135,0.996014107037439,0.07662295909413971,0.995924068497989,0.1289195978246181,0.9959644298715641,500,500,500,500,500,500,500,500,500,0.9959644301076511,500,0.9959644295945306,0.9959642780987967,0.9959645095560983,0.9959644398489725,0.9959642855040045,0.995964430575773,0.9959620321887656,0.9959644265993928,0.9959643137712733,500,500,500,500,500,500,500,500,500,500,500,500,500,500,500,500,500,500,500,500,500,500,500,500,500,500,500,500,500,500,500,500,500,500,500,500,500,500,500,500,0.1286193572436918,0.1283579411119567,0.10785101646689403,0.04753386367498539,0.1289639144081266,0.04744923702571812,0.0915012345996444,0.12252726749847835,0.04568426336281926,0.12551158634493131,0.9959644472604323,0.9959644301455652,500,0.9959644288794509,500,0.9959642068590859,500,0.9959567859867046,500,0.9959628609870329,500,0.9959456792976839,0.9959644056816537,500,0.9959694108527687,500,0.9959643176450248,0.9959644301503932,500,500,500,0.09936640890917053,0.12196595256822639,0.11771747170089457,0.12538206435953753,0.09508633030035596,0.06378548040493517,0.11107847496716627,0.12363247645146601,0.054985961379438494,0.03043074912701032,0.9959644299202782,0.9959644240959336,0.9959644265521542,500,0.9959644299695783,500,0.9959644300012553,500,0.9959644300075424,500,0.9959644301506511,500,0.9959644196620839,500,0.9959644248580366,500,0.9959240988175421,500,0.9959644301378567,500,500,0.1287711548779549,0.12844906380412363,0.1044761017467706,0.10231061669655776,0.05185043920888497,0.11267693285426209,0.12453398341100401,0.09015832009044485,0.04570208641401595,500,0.08790940831057943,0.9959643954628301,0.9959644301394487,0.9959644301358453,0.995964430190504,500,0.9959644311692667,500,0.9959644064489289,500,0.9959644287077649,500,0.9959644299562797,500,500,0.9960440870704919,500,0.9959644281841767,500,0.9959644224528478,500,0.12308767934035773,0.12880582748231878,0.07535106387541161,0.0754293742988984,0.12661590810737833,0.1188854035676103,0.07430244478017184,0.09856003810975891,0.11546040679492461,0.12607611157685084,500,500,500,0.9959642864726712,500,0.995964429571357,500,0.9959596632655745,500,0.9959644301670496,500,500,500,0.9959644812974802,500,0.9959644294828149,0.12891197135018245,0.12880433856358084,0.0925526052914177,0.1289744541827236,0.09933697966154029,0.08155985599923153,0.059425892785406484,0.12768511405898256,0.06408121857797577,0.9959644225287426,-5808.951837179644,-5809.10308637745,-5808.956380271762,0.9959644251074553,-5808.959924449891,0.995964424552856,-5808.95183550836,0.9959644316405383,-5808.507922260786,0.9959644301216622,-5808.9518532630245,0.9959644299890372,0.9959644300098184,0.9959644006653483,0.9959644304053649,0.1283775121645601,0.9959644301179411,0.10733513263682652,0.07102976099195629,0.12598229789306015,0.04826512603239108,0.12199736263393476,0.12024828558568953,0.12763896491116042,0.11166642496226174,0.9959643013632175,0.9959644174865334,0.995964493893496,0.9959644103235976,0.9959463662835994,0.9959660396166781,0.9959644301147018,0.9959644301543004,0.9959644300545324,0.9959644515626261,0.12523774633348997,0.0929039885323829,0.11247912722550327,0.12466645488348875,0.12886787035926006,0.12862486569121376,0.0853562712368951,0.07432062980909063,0.0805969986422374,0.9959644310223732,0.995964430139397,0.9959643610554604,0.9959642937261924,0.9959644016364414,0.9959643565933876,0.9959644324767579,0.9957921047622079,0.9959644292626705,0.9959589970422441,0.11867772859790579,0.1178592250733858,0.05295481884551609,0.06864937604641362,0.0646299353501145,0.12585219586994595,0.06341308595177479,0.12818802116568276,0.1274799957308986,0.9959644478861487,0.9959644301495385,0.9959644287660788,0.9959644302104915,0.9959644463273268,0.9959644220008428,0.9959644301462968,0.9959584535266055,0.9959331713294065,0.9959644300926925,0.9959644301427812,0.09999727478746565,0.09071072498371327,0.12429978342705422,0.12025758260649377,-5808.951813216672,-5808.951837098994,-5808.951837153589,-5808.94379700709,-5808.95183684183,-5808.951898295627,-5808.951935905128,-5808.951821591987,-5809.309337587127,-5810.1379924785015,-5808.91783211654,-5808.618074517219,-5808.951837311399,0.996139423062029,0.9959136970420716,0.9959644171033452,-5808.764881465535,-5808.951954529564,-5808.951832954332,-5808.95236921098,-5808.951836945835,-5808.952346309854,-5809.536348649364,-5808.96936170656,-5808.944328926344,-5808.95183768192,-5808.951837057401,-5808.951836838351,-5808.951838008665,-5808.957920218381,-5808.9520001836445,-5808.951838216624,-5809.017069466518,-5808.951870725099,-5808.882581263055,0.995964421132442,0.9959644248277199,0.9959607102608121,0.9959644545830939,0.995964430145564,-5808.951837011089,0.9959388564580138,-5808.951847047647,0.9959644301520028,-5808.951745335449,0.9959644301263507,-5808.950098557103,-5809.186362986287,0.9959644305086721,-5808.951775206593,0.9959644255701227,-5808.951816014953,0.9959643773603324,-5808.95183707505,-5808.95183622665,-5808.951857082993,-5808.951911087797,-5808.990736815727,-5808.951911962011,-5808.951836879747,-5808.951838715489,-5808.951623434381,-5813.271576745648,-5808.951839547935,-5808.951835307591,-5809.044701192508,-5808.951839078352,0.9959636938710157,-5808.951840834485,-5809.8733150927255,-5808.951823985901,0.9959654542259888,0.9959644302296004,0.9959568473189612,0.9959644287056999,0.9960698844038272,-5808.9518371406975,0.9959644268125377,-5808.949976637699,0.995965287004658,-5809.084498536586,0.9959644258262151,-5808.951835640462,-5808.951834778248,-5808.951841449676,0.9959644239463364,-5808.951837117487,0.9959624587445607,-5808.951826432782,-5808.954487963872,-5808.951847345626,-5808.951914463043,-5808.951837115574,-5808.951837175244,-5808.95183709895,-5808.951837076764,-5808.408003520872,-5808.951832408135,-5808.951827824342,-5808.951834678532,-5808.951837625473,-5808.951915867612,-5808.951837677054,-5809.103815318931,-5808.951705189835,-5808.951840592585,-5808.951838240253,-5808.952055417196,-5808.951885987783,-5808.9518551868405,-5808.9518385114625,-5808.95184608367,-5808.852313782891,-5808.960018442129,-5809.170966774709,-5808.951836857474,-5808.951871837676,-5808.951837280725,-5808.951732780935,-5808.951837111617,-5808.95216766325,-5808.951837527289,-5808.951900833708,4,-5808.951837263148,-5808.951837045268,-5808.951837081491,-5808.952031692323,-5807.418010003254,-5808.951837079894,-5808.951304084092,-5808.951736503006,-5808.951712071723,-5808.951837089289,-5808.957800868902,-5808.951837460845,-5808.951800398107,-5809.103465070602,-5808.951826285005,-5808.971951159483,-5809.4571639720525,-5808.9542809255945,-5808.951971151744,-5808.9516167328275,-5808.951851453652,-5808.952016456982,-5808.616421812121,-5808.951837113291,-5808.951898482785,-5808.690727218371,-5808.951751675411,-5808.95183727583,-5808.951857099923,-5808.9370177278515,-5808.745989407313,-5808.951836876669,0.12775817803622422,-5808.917417422765,0.1266744901344675,-5808.95184107322,0.07344255588514041,-5808.951837847077,0.057059373342402214,-5808.951579817363,0.10978127752998915,0.12877416062890212,0.12902377788680205,0.07543567598601204,0.08180282136857234,0.11515085202249149,-5808.9518224767235,-5808.951837127444,-5808.951768135235,-5808.951839829726,-5808.953198914116,-5808.951855229769,-5808.864285708109,-5808.820806300233,-5808.9518458898165,-5808.951939199433,-5808.953937412649,-5808.952747119714,-5808.951872544401,-5808.949482301321,-5808.954590435398,-5808.95183749844,-5808.952301103376,-5808.951837426806,-5807.502494603979,-5808.9518467294765,-5808.951906154605,-5809.946551439109,-5808.340479921817,-5808.951836934946,-5808.951838378685,-5808.951837149796,-5808.9321901576,-5808.962218363289,-5808.951837093456,-5808.96761918546,-5808.951916002594,-5808.951837138227,-5808.951577309625,-5808.951586683939,-5808.548874803635,-5808.9631857874865,-5808.961589561097,-5808.951933378455,-5808.951836715069,-5808.950674948272,-5808.952127688821,-5808.95183769237,-5808.9521229485545,-5808.951047651561,-5808.95239868094,-5808.999921515337,-5808.95183768366,0.10576741877449562,0.10998266436690352,0.11769114476407071,0.03725302458308381,0.12866895226833713,500,500,500,500,500,500,500,500,500,500,0.12736481417318768,0.097289385709955,0.08598754736843899,0.12903237832579073,0.10608153524423547,500,500,500,500,500,500,500,500,500,500,500,500,500,500,500,500,500,500,500,500,500,500,500,500,500,500,500,500,500,500,500,500,500,500,500,500,500,500,500,500,500,500,500,500,500,500,500,500,500,500,0.1287260416408147,0.12881780070213533,0.12806110298299567,0.08844988283780082,0.12728654702275005,0.10875677138689563,0.09965303755099578,0.04430500275351806,0.11000735377240904,0.11646847766621174,0.9959644240676422,500,0.9959644301448772,500,0.9959702604482056,500,0.9960216581559627,500,0.9957611013137642,500,0.9959644196525076,500,0.9959644301355165,500,0.9959658086477218,500,0.995964434239582,0.9959644132042317,0.9959644301889687,500,500,0.12729178719896106,0.07450311255762847,0.10330588088570192,0.005403109412341991,0.08909242779563903,0.11576700281946159,0.11251505836002544,0.08946131419831845,0.04527825172619523,500,0.050661602191187684,0.9959644301145577,0.9960219415504843,500,0.995964430139999,500,0.9959639580762664,500,0.9959643505897634,500,0.9959640700391307,500,0.9959644270362945,500,0.9959644419689466,500,0.9959644296766837,500,0.9959644326519148,0.9959641966571253,500,0.12530967693475498,0.12438797012870863,0.1275545085532616,0.04821448204566234,0.1276768019297459,0.12876455900913214,0.09448890774990773,0.07779542357120528,0.11693699896402027,0.1086721373454592,500,500,0.9959644473923992,0.9959643967811941,0.9959644301481518,500,0.9959609815331499,500,0.9959669709826396,500,0.9959644301829953,500,0.9960092003290153,500,0.9959644071610804,500,0.9958777976804387,500,0.9959640111427209,500,0.995964431998972,0.09626537892871775,0.11917516164252714,0.09677579972067223,0.08925151608299554,0.061714139785078545,0.10094907423813756,0.12071946835415583,0.12318612498155755,500,0.1179803200553677,500,500,0.9959644217627293,0.995964452761149,0.9959644299492044,0.9959644166397312,500,0.9959643734685207,500,0.9959644515812258,0.9959634076374149,500,0.995964521532092,500,500,0.9959644300714444,500,0.9959644192173449,500,0.9959644301427126,0.11243850358623518,0.06418587365616585,0.11226557181748914,0.10074397589491821,0.06433198483509209,0.02272354458570517,0.12901717170061006,0.11512084604396103,0.001371786937162839,0.9959644304175966,0.9959384986199603,0.9959636512031568,0.9959644301310494,0.9958064646858827,0.9960405466613361,0.9959644273734993,0.995963043543156,0.12841777238599575,0.995964432393161,0.1279139085312002,0.9959644295044142,0.09982415781080654,0.1205633802959233,0.09289724034283779,0.12800989255263676,0.02017734193593981,0.12851811742132302,0.07228978214391742,0.9959647491273574,0.9959644293989378,0.995941685412359,0.9959644303949473,0.9959644301377267,0.9959763044336425,0.9959644301417064,0.9959644319736352,0.995964430542777,0.1284756284756666,0.12368230075305442,0.1172911509544353,0.9959644243795673,0.006502542232136764,0.00871863858089452,0.12263607192235415,0.12151109409301149,0.12115936378210909,0.11086871459293689,500,0.9959644284391467,500,0.99596441730936,500,500,0.9959644407565386,0.9959644458780473,500,0.9959647282238504,500,0.9959644301599487,0.9959644301084595,0.995964433759807,0.9959644301489824,0.9959242215120159,500,0.12332606783033112,500,0.07204281057738782,500,0.12091302293195327,500,0.12858322580852471,500,0.9959644100110093,500,0.9959657174481238,500,0.9959644300449323,500,500,0.9959643428389614,0.9959644308554935,500,0.9959643389124866,500,0.9959964853519202,0.9958642237465968,0.9959614255007307,0.9959644301711369,500,500,500,-5807.37970404248,-5808.951837018221,-5808.953035829962,-5808.952194710571,-5808.955708780897,-5808.951837243481,-5808.723598300714,-5808.953288267261,-5808.952338619918,-5808.952574969202,-5808.951853209232,EMCC,-5808.951836688057,-5808.951798354117,-5808.951819757633,-5808.951837233639,-5808.9274546626375,-5808.954823060641,-5808.951856222715,-5808.951823372452,-5808.953120928569,-5807.442691731778,false,-5808.95184866737,-5808.951837096905,-5808.524780968859,-5808.934809863556,-5808.955169462666,-5809.003063294822,-5809.042371752323,-5808.860568826034,-5808.951838702289,0.9959644339211507,0.9959644180477599,0.9959644221286799,0.9959644492037085,0.995964430080494,0.9959644317350473,-5808.951878968179,0.9959644299027047,-5808.951876843965,0.9959814940462218,-5808.951909635996,0.9959643927134844,-5808.951839840343,0.9959644305598736,0.9959644309491406,-5808.951800056324,-5808.951837258961,-5808.95184028885,-5808.951837124631,-5808.951837081306,-5808.952986642937,0.05258202137444874,0.12882566437011791,0.027626468567141856,0.08514535443870298,0.006187977234118395,0.11390671207031003,0.12782008184584698,0.128738499325518,0.12530479591222984,0.08935661047221871,0.9959644096959707,-5808.944726810298,0.9959647027769681,-5808.951839339808,0.9959643810885235,-5808.953436021187,0.9959642545135211,-5808.951836064194,-5808.951839672811,0.9959644300597666,-5808.9518475442965,-5808.951836564947,-5808.954875219753,-5808.952181243345,-5812.810248694472,0.12661843647924925,0.0945718828453366,0.09461424038074909,0.12489253687977596,0.124879038365704,0.12867180109019652,0.06402616876064844,0.12925846446488456,0.09598772262837704,0.12882698394076175,-5808.951886586832,-5808.9441470150905,-5808.951837055665,-5808.951843447247,-5808.95183707773,-5808.951837204879,-5808.951837469791,-5808.9517410024,-5808.9521053559965,-5809.26215027621,0.10424336997426432,0.10029953209125594,0.0446773404828755,0.11679910573710464,0.0591636070965847,0.09386429969105825,0.10967275221949144,0.01606003237148563,0.06685915947918294,0.050733703568563916,-5808.951835769178,-5808.959968659594,-5809.011107864333,-5808.951804033185,-5808.951881479385,-5808.965514252915,-5808.951836514287,-5808.951834620204,-5808.951890804035,-5808.951836879438,0.995964434791789,0.9959643825100174,0.9959644301795453,-5808.778793556796,0.9959644301508555,0.995964430152963,0.9961320994736582,0.9959644301394057,0.9959644195589101,0.9959644015111152,0.9959644261911774,-5808.951865417406,-5808.952492691897,-5808.952014897488,-5808.951482268445,-5808.951837099765,-5808.9522621311735,-5808.935416094961,-5808.951837110278,-5808.952505060037,-5808.951861276148,-5808.951808205253,-5808.9518347101075,-5808.953988248384,-5809.00361334622,-5808.951811245071,-5808.951837155716,-5808.957225204211,-5808.951837030061,-5808.951693336014,-5809.259188893577,-5809.0273204513305,-5808.9518879307525,-5808.954181326102,-5808.954123430614,-5808.953686884201,-5808.9518036756635,-5808.954975983288,-5808.951837355718,-5808.951834914609,-5808.98690667023,-5808.951837049124,-5808.99658291489,-5808.951838086932,-5808.951837111761,-5808.943670459144,-5809.0907239670505,-5808.951813164742,-5808.778007285024,-5808.952020814473,500,0.9959644468479778,500,0.9959643608341782,500,0.9959644302370542,500,500,0.995964417721869,500,0.9959645735286491,500,0.9959643535860544,500,0.9959644318889107,0.9959643293184066,0.9959644298985124,0.9960835718846252,0.9959643650393211,500,500,500,500,0.9959644301423585,500,0.9959644299829776,500,0.9959644301433538,500,0.9959563073860552,500,0.9959649026790277,500,0.9959650989377332,500,0.9959644403971675,500,0.995964430157141,0.9959644301857145,0.9959644558827062,0.9959644343295317,500,500,500,0.9959644301465709,500,0.995964391314204,500,0.9959644301321675,500,0.9959643984757103,500,0.9959644292974972,500,0.9959616047715787,500,0.9959644301926953,500,0.9959644270368805,500,0.995967938687463,0.9959644334682516,0.9959644301078159,500,500,500,0.995741962821699,0.995964337544716,-5809.160178380653,-5808.951152825384,500,0.9959661582301215,500,0.995964430372618,0.9959649844588977,500,0.9960489866240071,500,0.995964520818872,500,0.9959641382726696,500,0.9959644301449762,500,0.9959644300152503,0.9959644238941256,-5808.690041842023,-5808.960907071007,-5808.9518387633925,-5808.95196685556,-5808.954318700791,-5808.951837043474,-5808.951692801018,-5808.951830896198,0.09385840688855723,0.1122472336230294,0.12859523214179724,0.08145900153680169,0.09739432353150812,0.07940600116426744,0.1288499867293605,0.11440367389611103,500,500,500,500,500,500,500,500,500,500,0.10932855548188579,0.07846529778119868,0.04032045677119269,0.12329277314067726,0.12900224504097266,0.12297090306850693,0.1250658115864696,0.12073353678995333,0.10967626676151061,500,500,500,500,500,500,500,500,500,500,0.12901289614283956,0.09541566502134137,0.0559235964882309,0.09579217758778817,0.12884867102801656,0.09353318606217689,0.10211526863264138,0.1192859602912432,0.13212476375235335,500,500,500,500,500,500,500,500,500,500,0.1288902391278044,0.12423123345038023,0.12746924950851646,0.11705599330582403,0.1208181919487936,0.0938247029812215,0.12900512473365333,0.12557882732225278,0.06683374133485773,500,500,500,500,500,500,500,500,500,500,0.006860772155055379,0.09990280981103766,0.05684802360553998,0.12901785108440214,0.1269301115487083,0.125369849102765,0.12652393348327856,0.10546433866062281,0.11023510272283872,0.11152843460598698,0.11643809763775483,0.12217481027954932,0.12419412488035764,0.12855308254491604,0.12604829666474884,0.05549694775094925,0.0931673795392779,0.10786304159328228,0.12687629151527413,0.06162418402581254,0.02810818939415089,0.12354829341367685,0.1279530808898601,0.12186495334933604,0.008709090403808958,0.1277388223199688,0.11769448783124262,0,500,500,500,500,500,500,500,500,500,500,0.1258206933785816,0.12893146774096598,0.027001134695018983,0.10092592046695562,0.1282099251118072,0.09682985734685898,0.12618403540812898,0.10725052837864989,500,500,500,500,500,500,500,500,500,500,0.055095251028691165,0.12757045435775163,0.03206967733320217,0.1284812389232596,0.12842376323513763,0.13147965654403848,0.0574137430561901,0.12609815860989088,0.1289956213312122,0.10535774928885193,0.12397473270046148,0.0629133543006174,0.07640368791193242,0.12858252615433427,0.12589427101216852,0.12500173074076146,0.05205216862012408,0.1272243842910242,0.0955573433355403,0.12901266635884492,0.11161111474394568,0.1093320173686664,0.047272287079786895,0.12516926356192165,0.12889170272549166,0.11931428148409043,0.0662042325407684,0.12060030305804177,0.12588729329465942,0.0813173866870862,0.08199892758308187,0.11692257711581676,0.12196125515300459,0.12889192530056798,0.11080095501172632,0.1290087002245124,0.09501445184377771,0.027624492323279966,0.12883356385130457,0.12868492378409443,0.061992379444174656,0.11971213464850765,0.09098105266075107,0.12813332369008826,0.02938767943028722,0.10915339542863128,0.12894185592518623,0.08523758427186542,0.12011799050869627,0.1060223672904013,0.9959644112550123,0.9959644327809782,0.9959643641720682,0.9959638300759245,0.9959644439891785,-5808.952005304283,0.9959694112985696,-5808.951778700106,0.9959625049278693,-5808.951837204287,0.9959644301429283,-5808.951837082939,-5808.954161862733,0.995964430131323,-5808.91503698383,0.995964371768549,-5808.813781787911,0.9959699324517582,-5809.179753880768,-5808.951842567994,0.995970244081534,0.9959602823331831,0.9959644301154065,0.9959639771367684,0.9959644303768562,0.9959443768560889,0.9959189678531178,0.9959644303533166,0.9959643435689431,0.9959644296384046,0.996008536570236,0.9959644127745673,0.9959643764235504,0.9959644218055821,0.9959644301158332,0.9959636059291357,0.9959646742326996,0.9959635272769546,0.9961262325831147,0.9959643924549646,0.995964376270029,0.9959644440643625,0.9959645750739884,0.9959644438490594,0.9959644300564313,0.9959643695761454,0.9959644301467624,0.995964430157858,0.9959644263308294,0.995964430135338,0.9959380629281417,0.9959644239601346,0.9959644934634346,-5808.951837796347,-5808.9579205685295,-5808.952060277788,-5808.951846015996,1,-5808.951837126092,-5812.8475040542835,-5808.964442841569,-5808.951731131381,-5808.951901014214,-5808.9968720443,0.9959644301683767,-5808.951848270686,-5808.952187119499,-5808.951836328901,-5809.0427989980635,-5808.951839113919,-5808.951629019639,-5808.926555523272,-5808.951917749135,-5809.276995383319,-5808.964113849215,0.9959684814913669,0.9959355486314676,0.995964417445316,-5808.951848050661,0.9959644627444575,-5808.951863438446,0.9959483972187462,-5808.951878868573,0.9959644312282894,-5808.952003008284,0.995964431819222,-5808.951839504667,0.99599170825823,-5808.952373810975,0.9959711215929409,0.995964316985068,-5808.951667258583,0.9959644300819512,-5808.951839112511,-5808.951837060789,-5808.952973309733,-5807.5083822686065,0.9959628453883441,0.9959646044117154,0.9959644360717992,0.9959644395216228,-5808.9518288926465,0.9959644287130274,-5808.952031557776,0.9959644301367061,-5808.951900736709,0.9959649821731588,-5808.952114722975,0.9959644128106718,-5808.951837094321,0.9959644301372524,-5808.951837252302,0.9959644290139222,-5808.951842838291,0.9959643927447246,-5808.951837189863,-5808.951837379262,-5808.951799122557,0.01626932572525956,0.12834137251832722,0.014588870436275023,0.10642667842992617,0.995964429742161,0.08006465393827941,0.9959644361034051,0.05087322557253458,0.11619918165142397,0.026343923458079416,0.9959644323514889,0.9959944889471875,0.12431199222608795,0.9959643768867967,0.1290046058197801,0.9959644294465443,0.9959644352507231,0.9959644301298762,0.9959644295309477,0.9959644601781045,-5808.943769780964,-5808.951838186536,0.995964430095538,-5808.951815288936,-5808.951851767044,-5808.9523395253655,-5808.9518581266875,-5808.9518370402075,-5808.951821289137,-5808.951837058017,-5808.95178474744,0.11331478204114086,0.10812749112192557,0.05636063772068662,0.9959643888758698,0.09247230517393593,0.9959644301509852,0.11473216380043962,0.9959644301498416,0.004517971135258821,0.10920184152112561,0.9959644261468977,0.09533019263017412,0.9959644301575631,0.067016154396118,0.9959644295681286,0.1290281281791951,0.9959644239775912,0.9959644548677191,0.9959644253967801,0.9959644286106774,-5809.118185856649,-5808.951487846569,-5808.951740115146,-5808.951756538783,-5808.955430298145,-5808.888934350405,-5808.923469050607,-5808.951244270733,-5808.9496437910275,-5808.919707287949,0.11153702893172987,0.03538523656371049,0.9959644301447971,0.11607817456941369,0.9959644299421946,0.11978132373595375,0.9959644304267421,0.12708259155962603,0.9959644301453437,0.08545363657909125,0.995964430288612,0.1287548156121997,0.9959643748577411,0.12381384563988129,0.9961149686401797,0.1286307124708939,0.9959384048749003,0.09635533721664177,0.9959405422087162,0.9959644222226623,-5808.951931898218,-5808.951815303091,-5808.951752140609,-5808.956393545626,-5809.113686591383,-5808.951837267457,-5808.951822627021,-5808.95178856249,-5808.951836049053,-5808.951984399911,0.11848888517596935,0.024241056262918025,0.12901096644354315,0.06134948023516098,0.1280657211778389,0.027017049987505218,0.08378823541454505,0.08289424589906805,0.09127366531947398,0.12861002179357145,-5808.951835102467,-5808.951833479018,-5808.951841705797,-5808.951752616907,-5808.95183707827,-5808.997094787903,-5808.95183769698,-5808.951728505153,-5808.951837075754,-5808.951931400552,500,500,0.9959617488427424,500,0.9959644290770626,500,500,500,0.9959644300266552,500,0.995964430044513,500,0.9962029900417196,500,0.9959630429349381,0.9959644301297776,0.9959644986713793,0.9959644258512292,0.995964429338244,500,0.9959644301496914,500,500,-5808.952061954956,-5808.972798769186,-5807.409239815201,500,0.9959644311643474,500,0.9959463098458554,500,0.9959644173327312,500,500,0.9959644264200107,500,0.9959612753154474,500,0.9959644300784583,500,0.9960962992238535,0.9959644301395699,0.9959644246106888,0.9962127388938835,0.9959644283582,-5808.952041389903,-5808.951838932071,-5808.9520923329255,-5809.257707333236,-5808.957159351625,-5808.952005415704,-5808.951837096733,-5808.95183720615,-5808.95184253453,0.9959644299855088,0.9959644212058778,0.9959644300839817,0.9959674850366355,0.995920178551641,0.9959644301594907,0.9959644212195593,0.9959644301344438,0.9959645489111525,0.9959644250019415,0.995967296978846,-5808.951836993812,-5808.952571203568,-5808.951836659018,-5808.951835719259,-5808.953485806367,-5808.951828364257,-5808.952769206469,-5808.951943905859,0.9959644345305055,-5808.95182905852,0.9959644300828141,0.9959644445448809,0.9959663627175694,0.9961038204416031,0.9959644301491737,0.9959644158708247,0.9959806693229204,0.9959644302046533,-5808.952081419007,0.9959644455986448,0.9959644309136018,-5808.951842049501,-5808.951837119808,-5808.951775454549,-5808.951837064371,-5808.951829920992,-5808.9519874330235,-5808.992424610105,-5808.951868000642,0.1289363176705352,0.11991812724312786,0.12505924510204952,0.12897864769965187,0.11957207118353605,0.12018846034141276,0.12606873458384635,500,0.077449673560613,500,0.12869480812438297,500,500,0.12188487049614269,0.12742791174548893,0.07220239423382774,500,0.119882301343941,0.1289495516620264,0.06604818693312683,500,0.12676446011700396,0.10985018421762728,500,500,500,500,6477695,0.09646300000220356,0.11845178279553055,0.0906724070766663,0.12255504018932603,0.07916730163034393,0.1283965733166234,0.12135861562918498,0.004131740087437732,0.031983842136573584,500,500,500,500,500,500,500,500,500,500,0.11661816639451271,0.1226318016284695,0.11760588155120738,0.11650099430054803,0.1247908332919714,0.11301925739480677,0.056751316030637065,0.11978762379481583,0.11777681415264114,500,500,500,500,500,500,500,500,500,500,0.07040003434323847,0.1269383759579643,0.11640533364879882,0.07961448075779981,0.1280627649979287,0.12902617959794424,0.09127781176166536,0.03666678817161745,0.0923396360924273,500,500,500,500,500,500,500,500,500,500,0.08235049144829418,0.11430086027081489,0.09694148906725707,0.12170458216829214,0.1217054132350689,0.07380190884096585,0.08211922649279393,0.04790043169095413,0.0502458265074912,0.1221074128058756,0.12355037885932135,0.12370918939194119,0.11422559523054973,0.08649442730859719,500,0.1052825121605162,0.12948981947023275,0.1261825591176463,0.09273847211239868,0.07364097474201148,500,500,500,500,500,500,500,500,0.11868860229933995,0.12523604457120388,0.11110594109413173,0.12813502964522297,500,0.09744766430444299,0.12922473625381675,0.0754444056651393,0.0975303787531768,0.07110112164366877,0.07168950291620024,0.09703375235703829,500,0.08745535642503102,500,0.04951483460453335,0.11533877869295467,0.11345744657476083,0.10086150687852095,0.12742452997612738,500,500,500,500,500,500,500,500,0.04437075161390609,500,0.12079429175015435,0.063346774834351,500,0.10219818788968175,500,0.07333039706348549,0.12521351992392832,0.08674433908712446,0.0040537957068173145,0.0393754472774271,500,500,0.1296625803792892,500,500,500,500,500,500,0.12895811175558686,500,0.0674490630382917,500,0.12722884673701587,500,0.12654547451271952,0.05220474445990214,0.04982345751866764,0.12759590507333785,0.1282122672674415,500,500,0.12769120846646392,0.02245322638051019,500,500,500,500,0.12902535645151214,0.03725491906421266,0.0995005981798682,0.12899224142231416,0.10868790511946545,0.12776327302899365,0.06758988022293057,0.08054364827283164,0.1296413893217331,0.03988549121012347,0.09470724077567512,0.12895813252174212,0.1287144611524974,0.1256489339258379,0.09045901975528359,0.11748758713907158,0.0872575707052,0.12198480294665548,0.11285103549339538,0.12498087842168508,500,500,500,500,500,500,500,500,500,500,0.12810029825524813,0.11942181142869701,0.12899532407007805,0.12788612408468303,0.10759360961289303,0.05920660323433106,0.12916117761227744,0.12620117601282294,0.017231025579651938,500,0.11614547006375818,500,500,500,500,500,500,500,500,500,0.12734695112464178,0.12990667788214155,0.03464517907640663,0.1092581397211958,0.07664463649749782,0.12179230030900991,0.10616365585511195,0.12123959368520304,0.02184261200660731,0.10786575088233791,0.08250971784727636,0.05036275428548433,0.10035335290847128,0.0995902864527512,0.12878938485555944,0.12923535122887142,0.10102808420537568,0.09464396780068923,0.08958036403532076,0.1291582588053406,0.12188743110991838,0.034307060354351396,0.07916168550928128,0.12885146603281153,0.0184473321672909,0.0906758304391004,0.11357706431948876,0.05112216302144243,0.0691727569892497,0.12649234687577735,0.12881071805052804,0.10977027774605125,0.11657210887102655,0.06920720121090383,0.12680539611386826,0.053014827828085545,0.12136221685975562,0.1271199915038909,0.12339060891235742,0.043927236208936515,0.995964430074131,0.9959644255856831,0.9959644150388611,0.9959644621267075,0.9959643868052768,0.9959644284096306,0.9959644345794727,0.9959644300974717,0.9959644384670584,0.9959644300951123,0.9959644301090956,random_mc2_n6_mid3_d1000_05_mr098_r10_62_uai,0.9959644261343398,0.9959791631670322,0.9959642574380344,0.9959644063055534,0.9959644301228601,0.9959638348459916,0.9959644281533873,0.9959632737807278,0.9949779586103482,0.9959644303479362,0.9959644300202682,0.9959630578720002,0.9959644298039808,0.9959644295556007,0.9959644303639973,0.9959507056332,0.9959644267083573,0.9959644423350483,0.995637625396484,0.9959644300751644,0.9959627459257038,0.9959644297982115,0.9959643576150939,0.9959637872661159,0.9959644360874494,0.9959986196899471,0.9959644154097737,0.99596443699405,0.9959622852965241,0.9959644301437874,0.9959644574419962,0.9959644301514963,0.9959644218646495,-5809.046534558174,-5808.951836308717,-5808.951837029081,-5808.951837054494,-5808.9518942116065,-5808.951443675536,-5808.951986423801,-5808.212198072959,-5808.952073213128,-5808.95183712431,-5808.951836958426,-5808.95276105938,-5808.95179351486,-5808.949833102779,-5808.718521786406,-5808.579820814385,-5808.951866267262,-5808.952211272681,-5808.951784468214,-5808.951837107059,-5808.951833667123,-5808.952224275536,-5808.952072729358,-5808.951837093187,-5808.953327412364,-5809.019845577155,-5808.951841968912,-5808.952143982775,-5808.952859401741,-5808.952139429395,0.9959644453704557,0.9959644231891338,-5808.951837128749,-5808.951830934118,-5808.951901590793,-5808.951902925673,-5808.951837042221,-5809.401699891179,-5808.974438156543,-5808.951836307324,-5808.95183712564,-5808.952194075464,-5808.951837045033,-5808.959475721689,-5807.782792403035,-5808.951837086401,-5808.951806253897,-5808.951837102277,-5808.951925235844,-5808.951642816986,-5808.951838977642,-5808.952116406546,-5808.951837109125,-5808.952094006525,-5808.9518317818,-5808.9518017315895,-5808.933730069759,-5808.95184469875,-5808.95185577741,-5808.952914302956,-5808.95283287486,-5811.699928768785,-5808.9524246067485,-5808.95545894986,-5808.951916272363,-5808.951710894078,-5808.9519746519145,-5808.951836924432,-5808.941915913443,-5808.94819715321,-5808.954069933043,-5808.951836860544,0.9959846156467416,-5808.951837071363,-5809.022534473241,-5808.95183709485,0.9959624442642758,0.9959644301922647,0.9959635060635844,0.9959644301168791,0.9959643483829163,0.9956016145396318,0.9959644415796928,0.9959644300286948,0.9959643530567025,0.9959644441639842,-5808.951841386221,-5808.952765499664,-5808.9528563628555,-5808.951837049277,-5808.951755332702,-5809.03508308754,-5808.952286714979,-5808.951839478992,-5808.951837174762,0.995963530435164,-5808.95237210193,-5808.951842305918,-5808.93460807506,-5808.951816137025,-5808.951837190509,-5808.951885606077,-5808.951797651525,-5808.951833854178,-5808.951840499718,-5808.951997056498,-5808.951837087026,-5808.989069897425,-5808.951907878763,-5808.547528020419,-5807.345836781487,-5808.957047344498,-5808.951890463288,-5808.951838896496,0.11429109559807542,0.12026115861064854,0.12196509482033056,0.12744057119588412,0.12296606088578689,0.05905872948553727,0.09330871267207397,0.103660511022662,-5808.951856267518,-5808.951838428993,-5808.951837109853,-5808.951791662559,-5808.951837147471,-5808.951841779417,-5808.949642174912,-5808.9518442815515,-5808.952400191949,-5808.9503549979045,-5808.95071055779,-5808.9518370920105,-5808.951837106624,-5809.047485290121,-5808.952060623269,-5808.952013257818,-5808.951608929867,-5808.951839170224,-5809.225014652051,-5808.951836925076,-5808.9518372622915,-5808.834107762319,-5808.951836822605,-5808.957226798204,500,500,500,500,500,500,500,500,500,500,-5808.951837776625,-5808.963419749358,-5811.068726370606,-5808.951770405554,-5808.957084650969,-5808.952313974791,0.07994932861290063,0.1119058153022533,0.09526011507150677,0.12732457962527588,0.07776144391520433,0.08050170310332397,0.08554162302522358,0.06362637874748626,500,0.1239617829018516,500,500,500,500,500,500,500,500,500,0.12548484089428086,500,500,500,500,500,500,500,500,500,500,0.9959643637621544,0.9959642548676461,0.9959643783093106,0.9959527699978991,0.9959643897452559,0.9959644301458725,0.9959644307332829,0.9959644293099134,0.995964377528618,0.9959641746256771,0.9960912599052156,0.9959642717287708,0.9959644391686021,0.9959644301434942,0.9959643659915374,0.9960282176795817,0.995964437617524,0.9959647737369212,0.9959644301689778,0.9959644251438791,0.9960044344507275,500,500,500,500,500,500,500,500,500,500,500,500,500,500,500,500,500,500,500,500,500,500,500,500,500,500,500,500,500,500,0.12345009016170058,0.12665382288916524,0.12596541801981026,0.09330183633134113,0.12907284585549728,0.10740967424745111,0.11669565806503002,0.10175116358561116,0.09597135269902099,0.12600659159644093,500,500,500,500,500,500,500,500,500,500,0.1014265981382019,0.117044600283914,0.9959644301413083,0.12197766021844211,0.9959644315234432,0.11592724888519099,0.0058484596602419656,0.11027416919136838,0.9959644043696002,0.127143483724212,0.995964440714026,0.12469450223373547,0.9959644301508134,0.11357696794626931,0.995964429296096,500,0.0650650330057447,0.995964429958414,0.08835428366759576,0.9959644301519028,500,0.995964439120728,500,0.9959644301549561,0.9959658133157463,500,500,500,500,500,500,500,0.10798956760571124,0.08726569034951609,0.03366111819628226,0.9959643042801818,0.1208542831738725,0.9959644301265045,0.0921870812299957,0.995964429212936,0.11357776129925869,0.12793967887067706,0.9959644316424772,0.1272072970176024,0.9959644302203124,0.12858255043862893,0.9959644303814372,0.07249720974467466,0.9959644301629106,500,0.046034413093300856,0.9959643882553865,500,0.9959574713275091,500,0.995964424846685,500,0.9959644313755697,500,500,500,500,500,500,0.11775890886172766,0.1290084926011124,0.09958228362592815,0.05957129538406264,0.9959644298305899,0.12585732995752794,0.9959608362086285,0.12836324041487296,0.996228983917696,0.12057345347077139,0.9959643915925637,0.12888482790911163,0.9959644012864088,0.09191182645445592,0.9959643863841586,0.12825313239733493,0.9959119904204075,0.9959643951185113,500,500,0.9959642703319248,500,0.9959644118324794,500,0.9959641474685044,500,500,500,500,500,500,0.11859020781739206,0.12128147004960506,0.12598185952459123,0.1290271534300295,0.0763086458487026,0.10677955389495192,0.08655615542655366,0.12895840628482538,0.1289540999849553,0.12684479145014474,500,500,500,0.9959644301452649,500,0.9959635176275069,500,500,500,500,500,500,0.06633873986779124,0.12800857326181503,0.056755575751446796,0.12877185626131601,0.09387113935287142,0.1044942371964234,0.003947374063866311,0.033797286603532144,0.1293520574706658,0.12435219105128832,0.9959644487636584,0.9959566706215706,0.9959644302803727,-5808.951840828289,0.9959643896623123,-5808.951836243616,0.9959644301405366,-5808.951837130011,0.9959644045426346,-5808.951829212847,0.9959644975986636,-5808.895476485064,0.9959644301568639,-5808.954103139136,0.9959644301525068,0.9959481942100455,-5808.9523718885375,0.9959644203527267,-5808.951780740144,-5808.951837070104,-5808.944425681091,0.05289059080069999,0.12716880920491738,0.05317785046835691,0.01667522098112451,0.12762290104405702,0.0125517134893916,0.09112411592051868,0.12858272932203568,0.12814772159036805,0.12624528075693367,0.9959644384666247,0.9959366812754018,0.9959644301159934,0.9959644307655339,0.9959644301488618,0.9959644139765564,0.9959644300423502,0.9959644301484302,0.9959644293550248,0.9959644446296169,0.9959644304871883,0.12902987843452413,0.1289812430567558,0.10556213123717659,0.006558728779862403,0.12489736911595911,0.09789063623423053,0.08536437747365513,0.07397642986797959,0.12126938917377723,0.11892972204928368,0.995964531787297,0.9959638140791166,0.9959752151505571,0.9959644439571976,0.995964433881858,0.995964430324893,0.9959644048896374,0.9959644326261454,0.9959644447112798,0.9959636489273113,0.9959644138912297,0.12814102244718575,0.12849327395338556,0.1099808279021516,0.09026619050101745,0.10198507529154807,0.11400826658682928,0.1173461543747201,0.1261095643606615,0.0964511884930671,0.9959644276299902,0.1276979544475423,0.9959644328555306,0.9959643440021846,0.9959644265396078,0.9959644338842853,0.9959644900253897,0.9959648061950845,0.995969938940068,0.9959692939664263,0.9959644467730858,0.9959359099047438,500,0.10007340799003102,500,500,500,500,500,500,500,500,500,-5808.919745130528,-5808.951756352255,-5808.951837178047,-5808.95217757832,0.08138260746732576,0.024140903882404502,0.10334137416662333,0.12498592271572705,-5808.95082068971,0.1290369410299932,-5808.951802530284,0.12510688580976556,-5808.95183711036,0.10083320473092085,-5808.96108018915,0.03679098742835793,-5808.922784718905,0.10278248160736095,-5808.96306592821,500,500,500,500,500,500,500,500,500,500,-5808.9520552349895,-5808.951782409224,-5808.951837143462,-5808.951843695277,-5808.951938200562,-5809.120293100597,-5808.948617401757,-5808.928207760242,-5808.951845450241,-5808.951837146651,-5785.509406175335,-5808.952497102438,-5808.951911169048,-5808.792742153363,-5808.91280956227,-5808.951837466007,-5808.951827333394,-5808.951830780003,-5808.951836961933,-5808.951646962298,-5809.045350473745,-5808.9517571695,-5808.951837614852,500,0.9959643810093494,500,0.9959630006347212,500,0.9959634108203411,500,0.995964158517773,500,0.995964430078616,0.9959644301378833,500,0.9959642652494597,500,0.9959644351092782,0.9959644301561207,0.9959644300957144,0.995964421660678,500,500,500,-5808.9518593443845,-5808.950991801632,-5808.951837087996,-5808.951837023284,-5808.951886582994,-5808.952190365491,-5808.951837033415,-5808.951837385734,0.9959644260490985,-5808.952150428071,500,0.9959658056884725,500,0.9959644301442583,500,0.9959644281211403,500,0.9959644300863915,500,0.9959644297826679,500,0.995964431847824,500,0.9959644301258939,500,0.9959643748101235,-5808.951837154631,0.995662872090293,0.9958706984527351,500,500,-5808.950413459739,-5808.951938411141,-5808.951837268391,-5808.9566443324275,-5808.95146779421,-5808.9518857378425,-5809.105627678746,-5808.951873171438,500,0.9959644299460964,0.9959644253529362,500,0.9959644302178348,500,0.995964431162351,500,0.9959644281521715,500,0.9959619429239793,500,0.9959644288288588,500,0.9959644273386881,500,0.9959569070233848,500,0.9959644341906785,-5808.951755913748,-5808.957103071223,0.9959644301347621,500,-5808.9518357459765,-5808.917927573861,-5808.951837270881,-5808.954479265121,-5808.952151323483,-5808.976029266882,-5808.008279405096,-5808.952056925012,500,500,500,500,500,500,500,500,500,500,-5808.694598238874,-5809.068800045372,-5808.951840052989,-5808.95533699682,-5808.95182172396,-5808.952221884718,-5808.952342052242,-5808.951947273928,-5809.217007531284,-5808.951835883274,0.09973613963472239,0.11150401222991127,0.0645681986126422,0.12541854743429967,0.11783137730631185,0.01198023378671026,0.12109586495775138,0.12017286390307855,500,2.9060670889214844E-4,500,500,500,500,500,500,500,500,500,0.1089452840000937,0.12930139221703726,0.04636919680417624,0.11857425471300909,-5808.951865047937,0.06748077569636599,0.12834351713682565,-5808.966343824382,0.08932029653079686,-5808.951838258379,0.11503217665667236,-5808.951831164588,0.10340181757102364,-5808.951848721426,500,500,500,500,500,500,500,500,500,500,-5808.951813501901,-5808.951836673468,-5808.951853466062,-5808.995715955705,-5808.951844774656,0.10986024225003088,0.12262869446645167,0.0673333483095405,0.12266209188000078,0.0790038972165954,0.06322196556127048,0.12762737777183386,-5808.9518374401105,0.0794600058797414,-5808.951860987578,0.10540102591206256,-5808.951837102604,-5808.951848902418,500,500,500,500,500,500,500,500,500,500,-5808.952159838367,-5808.943814266835,-5808.951827166573,-5808.951837209714,-5808.951837157989,0.04891400361530292,-5808.951839211575,0.12924581778576522,0.12902198051176475,0.04561265500542993,0.12957846830677316,0.0813886805660154,0.1108003150939212,0.10913813352360136,-5808.953421361592,0.12644876607128802,-5808.960174713586,-5808.957782304482,500,500,500,500,500,500,500,500,500,500,-5808.9518081441765,-5808.952123681445,-5808.951837139786,-5808.952798849903,0.10978170405317939,-5809.498577640821,0.10278399176899133,-5808.9518374854615,0.12143190759383393,0.12500762364730303,-5810.711203913073,0.1249853778870802,0.052251229011302386,0.04928798208701547,0.12459151104235555,0.12322630582383702,0.12397048322748486,0.12895686931922973,0.12623699658959808,0.12539487245772885,0.06570406489034777,0.11833569525161974,0.042717136518870956,0.12860660469337795,0.07442076849167295,0.12891521429332303,0.08911962098396806,0.09021778970393443,0.06478520827681303,0.11549053450906613,0.09315478359561256,0.10995538766042545,0.09367157909053109,0.08773911441632731,0.1271652076073943,0.051667795342251036,0.09374818548572358,0.12899532387350637,0.0023148613030259087,0.11649958321149623,0.1239404442949035,0.11866169535633579,0.12428418364454381,0.12899670604014862,0.12665388753903914,0.12817909468330155,0.08010284338866527,0.08355051017818284,0.1192498432803948,0.044033659680818495,0.12805573747442522,0.9959644301435688,0.9959646232942121,0.9959644301460744,0.9959643999418522,0.1266556259340012,0.12543289150909126,0.10890872816238617,0.12856947314374742,0.12784755870238684,0.12424145990402152,0.09687184973519315,0.12575550451573556,0.12887147759936038,0.12340567529534646,0.05721782925034053,0.08299985463723888,0.12407618117457225,0.09072037671003572,0.07906653752464528,0.12614487325510798,0.12139320216888373,0.12901958084066711,/mnt/beegfs/rcabanas/dev/credici/papers/journalEM/models/synthetic/s12/random_mc2_n6_mid3_d1000_05_mr098_r10_62.uai,0.06904627398143134,0.11598169564449377,0.12357155703364031,0.12060968181557964,0.12551032550821875,0.08331392246131529,0.12468352495963596,0.11190986231218057,0.11143937295979248,0.0927417014667854,0.12826865430349718,0.12878197368634972,0.9959644379351077,0.9959644289134032,0.9959644301365653,0.9959644293424025,0.9959644301430154,0.9959644312018658,0.9959644301403084,0.9959643689400581,0.9959605551322317,0.9959644190875401,0.9959644301397754,0.9959580464966337,0.9959644295618114,0.995963536831473,0.9959644180094462,0.9960337551282921,0.995964430146929,0.9959644299168443,0.9959643336006955,0.9959646842561841,0.9959648064721734,0.9959644268583686,0.9959644292521324,0.9959644297368184,0.9959644301318864,0.9959644218281737,0.9959673841280359,0.9959644337388772,0.9959643384168233,0.9959644027196226,0.9959644209953886,0.995964429836689,0.9962398604767344,0.9959642709674689,0.9959523089885832,/mnt/beegfs/rcabanas/dev/credici/papers/journalEM/models/synthetic/s12/random_mc2_n6_mid3_d1000_05_mr098_r10_62_info.csv,0.9959644301455878,0.9959644301496143,0.9959501575432559,0.9959642553886726,0.995964430153401,0.9959644294098174,0.9959644369082788,0.9959644307012119,0.9959644301291868,0.9959650542262779,0.9959644302915347,0.9959644301498299,0.9959657008591525,0.9959644398077924,0.9959640416247857,0.9959644301395589,0.9959644314969834,0.9959644295054768,0.9959643384534104,0.9959740934564246,0.9959644692652471,0.9959480312091802,0.9959643918208858,0.9959175951324144,0.9959644301746957,0.9959644297897574,0.99596424545465,0.9959644288418734,0.9959638091666893,0.995964047318078,0.9959644301857601,0.9959661311685843,0.995964430174806,0.9959644165703354,0.995964451783137,0.9959643294146968,0.9959644065609643,0.995964463455185,0.9959644354333731,0.995964430144314,0.9959643860972144,0.9959642594157677,0.9954934833328538,0.9959644269423997,0.9959675346659289,0.9959644310565281,0.9959644362087381,0.9959644301431396,0.9959644302806118,0.9959644301546107,0.9958873056211124,0.9959644188586706,0.9959631204789151,0.9959644298227763,0.9959643822566556,0.9959644150335164,0.9961649071558196,0.9959644301470363,0.9959644301541288
