ll_206,ll_205,ll_208,ll_207,ll_209,ll_200,datasize,ll_202,ll_201,ll_204,ll_203,exactPath,ll_240,ll_249,ll_242,stop_criteria,ll_241,ll_244,ll_243,ll_246,ll_245,ll_248,ll_247,ll_239,ll_238,ll_231,ll_230,ll_233,ll_232,ll_235,ll_234,ll_237,ll_236,ll_228,ll_227,ll_229,ll_220,ll_222,ll_221,ll_224,ll_223,ll_226,ll_225,ll_217,ll_216,ll_219,ll_218,ll_211,ll_210,ll_213,ll_212,ll_215,ll_214,ll_280,ll_282,ll_281,ll_284,ll_283,ll_286,ll_285,ll_288,ll_287,ll_289,ll_271,ll_270,ll_273,ll_272,ll_275,ll_274,ll_277,ll_276,ll_279,ll_278,ll_260,ll_262,ll_261,ll_264,ll_263,ll_266,ll_265,ll_268,ll_267,ll_269,ll_251,ll_250,ll_253,ll_252,ll_255,ll_254,ll_257,ll_256,ll_259,ll_258,iter_438,iter_439,iter_436,iter_437,iter_430,iter_431,iter_434,iter_435,iter_432,iter_433,iter_427,iter_428,iter_425,iter_426,iter_429,iter_420,iter_423,iter_424,iter_421,iter_422,iter_416,iter_417,iter_414,iter_415,iter_418,iter_419,iter_412,iter_413,iter_410,iter_411,ll_291,ll_290,ll_293,ll_292,ll_295,ll_294,iter_405,iter_406,iter_403,iter_404,iter_409,iter_407,iter_408,time_pns,iter_401,iter_402,iter_400,ll_297,ll_296,ll_299,ll_298,ratio_62,pns_349,ratio_63,pns_348,ratio_64,pns_347,ratio_65,pns_346,ratio_66,pns_345,ratio_67,pns_344,ratio_68,pns_343,ratio_69,pns_342,pns_341,iter_359,pns_340,iter_353,ratio_722,iter_354,ratio_721,iter_351,ratio_720,iter_352,iter_357,ratio_726,iter_358,ratio_725,iter_355,ratio_724,iter_356,ratio_723,ratio_729,ratio_728,ratio_727,iter_350,ratio_60,ratio_61,pns_339,ratio_51,pns_338,ratio_52,pns_337,ratio_53,pns_336,ratio_54,pns_335,ratio_55,pns_334,ratio_56,pns_333,ratio_57,pns_332,ratio_58,pns_331,ratio_59,pns_330,iter_348,iter_349,ratio_740,iter_342,ratio_733,iter_343,ratio_732,iter_340,ratio_731,iter_341,ratio_730,iter_346,ratio_737,iter_347,ratio_736,iter_344,ratio_735,iter_345,ratio_734,ratio_739,ratio_738,ratio_50,pns_328,ratio_40,pns_327,ratio_41,pns_326,ratio_42,pns_325,ratio_43,pns_324,ratio_44,pns_323,ratio_45,pns_322,ratio_46,pns_321,ratio_47,iter_339,pns_320,ratio_48,ratio_49,iter_337,iter_338,ratio_751,ratio_750,iter_331,ratio_744,iter_332,ratio_743,ratio_742,iter_330,ratio_741,iter_335,ratio_748,iter_336,ratio_747,iter_333,ratio_746,iter_334,ratio_745,ratio_749,pns_329,pns_317,pns_316,ratio_30,pns_315,ratio_31,pns_314,ratio_32,pns_313,ratio_33,pns_312,ratio_34,pns_311,ratio_35,pns_310,ratio_36,iter_328,ratio_37,iter_329,ratio_38,iter_326,ratio_39,iter_327,ratio_762,ratio_761,ratio_760,iter_320,ratio_755,iter_321,ratio_754,ratio_753,ratio_752,iter_324,ratio_759,iter_325,ratio_758,iter_322,ratio_757,iter_323,ratio_756,pns_319,pns_318,pns_306,pns_305,pns_304,pns_303,pns_302,pns_301,pns_300,iter_397,iter_398,iter_395,iter_396,iter_399,iter_390,iter_393,iter_394,pns_309,iter_391,pns_308,iter_392,pns_307,ratio_95,ratio_96,ratio_97,ratio_98,ratio_99,iter_386,iter_387,iter_384,iter_385,pns_u,iter_388,iter_389,ratio_90,iter_382,ratio_91,pns_l,iter_383,ratio_92,iter_380,ratio_93,iter_381,ratio_94,ratio_84,ratio_85,ratio_86,ratio_87,ratio_88,ratio_89,iter_375,ratio_700,iter_376,iter_373,iter_374,iter_379,ratio_704,ratio_703,iter_377,ratio_702,iter_378,ratio_701,ratio_708,ratio_707,ratio_706,ratio_705,iter_371,ratio_80,iter_372,ratio_81,ratio_82,iter_370,ratio_83,ratio_709,ratio_73,ratio_74,ratio_75,ratio_76,ratio_77,ratio_78,ratio_79,iter_364,pns_8,ratio_711,iter_365,pns_9,ratio_710,iter_362,pns_6,iter_363,pns_7,iter_368,pns_4,ratio_715,iter_369,pns_5,ratio_714,iter_366,pns_2,ratio_713,iter_367,pns_3,ratio_712,pns_0,ratio_719,pns_1,ratio_718,ratio_717,ratio_716,iter_360,iter_361,ratio_70,ratio_71,ratio_72,pns_399,pns_398,pns_397,pns_396,pns_395,pns_394,pns_393,pns_392,pns_391,pns_390,ratio_20,ratio_21,ratio_22,pns_389,ratio_23,pns_388,ratio_24,pns_387,ratio_25,pns_386,ratio_26,pns_385,ratio_27,pns_384,ratio_28,pns_383,ratio_29,pns_382,ratio_773,pns_381,ratio_772,pns_380,ratio_771,ratio_770,ratio_766,ratio_765,ratio_764,ratio_763,ratio_769,ratio_768,ratio_767,ratio_10,pns_379,ratio_11,pns_378,ratio_12,pns_377,ratio_13,pns_376,ratio_14,pns_375,ratio_15,ratio_780,pns_374,ratio_16,pns_373,ratio_17,pns_372,ratio_18,pns_371,ratio_19,ratio_784,pns_370,ratio_783,ratio_782,ratio_781,ratio_777,ratio_776,ratio_775,ratio_774,ratio_779,ratio_778,pns_369,pns_368,pns_367,pns_366,pns_365,pns_364,ratio_791,pns_363,ratio_790,pns_362,pns_361,pns_360,ratio_795,ratio_794,ratio_793,ratio_792,ratio_788,ratio_787,ratio_786,ratio_785,ratio_789,pns_359,pns_358,pns_357,pns_356,pns_355,pns_354,pns_353,pns_352,pns_351,pns_350,ratio_799,ratio_798,ratio_797,ratio_796,ll_129,ll_128,ll_121,ll_120,ll_123,ll_122,ll_125,ll_124,ll_127,ll_126,ll_118,ll_117,ll_119,ll_110,ll_112,ll_111,ll_114,ll_113,ll_116,ll_115,ll_107,ll_106,ll_109,ll_108,ll_101,ll_100,ll_103,ll_102,ll_105,ll_104,ll_161,ll_160,ll_163,ll_162,ll_165,ll_164,ll_167,ll_166,ll_169,ll_168,ll_150,ll_152,ll_151,ll_154,ll_153,ll_156,ll_155,ll_158,ll_157,ll_159,ll_141,ll_140,ll_143,ll_142,ll_145,ll_144,ll_147,ll_146,ll_149,ll_148,ll_130,ll_139,ll_132,ll_131,ll_134,ll_133,ll_136,ll_135,ll_138,ll_137,iter_317,iter_318,iter_315,iter_316,iter_319,iter_310,iter_313,iter_314,iter_311,iter_312,ll_190,ll_192,ll_191,ll_194,ll_193,ll_196,ll_195,iter_306,iter_307,iter_304,iter_305,iter_308,iter_309,iter_302,iter_303,iter_300,iter_301,ll_198,ll_197,ll_199,ll_181,ll_180,ll_183,ll_182,ll_185,iter_max,ll_184,ll_187,ll_186,ll_189,ll_188,ll_170,ll_172,ll_171,ll_174,ll_173,ll_176,ll_175,ll_178,ll_177,ll_179,pns_229,pns_228,pns_227,pns_226,pns_225,pns_224,pns_223,pns_222,pns_221,pns_220,iter_238,iter_239,iter_232,ratio_601,iter_233,ratio_600,iter_230,iter_231,iter_236,ratio_605,iter_237,ratio_604,iter_234,ratio_603,iter_235,ratio_602,ratio_609,ratio_608,ratio_607,ratio_606,pns_218,pns_217,pns_216,pns_215,pns_214,pns_213,pns_212,pns_211,iter_229,pns_210,iter_227,iter_228,iter_221,ratio_612,iter_222,ratio_611,ratio_610,iter_220,iter_225,ratio_616,iter_226,ratio_615,iter_223,ratio_614,iter_224,ratio_613,ratio_619,ratio_618,ratio_617,pns_219,pns_207,pns_206,pns_205,pns_204,pns_203,pns_202,pns_201,pns_200,iter_218,iter_219,iter_216,iter_217,ratio_630,iter_210,ratio_623,iter_211,ratio_622,ratio_621,ratio_620,iter_214,ratio_627,iter_215,ratio_626,iter_212,ratio_625,iter_213,ratio_624,ratio_629,ratio_628,pns_209,pns_208,iter_207,iter_208,iter_205,iter_206,ratio_641,ratio_640,iter_209,ratio_634,iter_200,ratio_633,ratio_632,ratio_631,iter_203,ratio_638,iter_204,ratio_637,iter_201,ratio_636,iter_202,ratio_635,ratio_639,iter_10,iter_11,iter_16,ll_918,iter_17,ll_917,iter_18,iter_19,ll_919,iter_12,iter_13,iter_14,iter_15,iter_276,ll_921,iter_277,ll_920,iter_274,ll_923,iter_275,ll_922,ll_925,ll_924,iter_278,ll_927,iter_279,ll_926,iter_272,iter_273,iter_270,iter_271,ll_907,ll_906,ll_909,ll_908,iter_265,ll_910,iter_266,iter_263,ll_912,iter_264,ll_911,iter_269,ll_914,ll_913,iter_267,ll_916,iter_268,ll_915,iter_261,iter_262,iter_260,iter_30,iter_31,iter_32,iter_33,iter_38,iter_39,iter_34,iter_35,iter_36,iter_37,iter_254,iter_255,iter_252,ll_901,iter_253,ll_900,iter_258,ll_903,iter_259,ll_902,iter_256,ll_905,iter_257,ll_904,iter_250,iter_251,iter_20,iter_21,iter_22,iter_27,iter_28,iter_29,iter_249,iter_23,iter_24,iter_25,iter_26,iter_243,iter_244,iter_241,iter_242,iter_247,iter_248,iter_245,iter_246,iter_240,iter_52,iter_53,iter_54,iter_55,iter_50,iter_51,ratio_692,ratio_691,ratio_690,iter_56,ratio_696,iter_57,ratio_695,iter_58,ratio_694,iter_59,ratio_693,ratio_689,ll_965,ratio_688,ll_964,ratio_687,ll_967,ratio_686,ll_966,ll_969,ll_968,ll_961,ll_960,ll_963,ll_962,iter_41,iter_42,iter_43,iter_44,iter_40,pns_299,iter_49,pns_298,pns_297,pns_296,pns_295,iter_45,pns_294,iter_46,pns_293,iter_47,pns_292,iter_48,pns_291,ll_954,ratio_699,ll_953,ratio_698,ll_956,ratio_697,ll_955,ll_958,ll_957,ll_959,ll_950,ll_952,ll_951,iter_74,iter_75,iter_76,iter_77,iter_70,iter_71,iter_72,pns_289,iter_73,pns_288,pns_287,pns_286,ll_939,pns_285,pns_284,iter_78,pns_283,iter_79,pns_282,pns_281,pns_280,iter_298,pns_290,ll_943,iter_299,ll_942,iter_296,ll_945,iter_297,ll_944,ll_947,ll_946,ll_949,ll_948,iter_290,iter_291,iter_80,iter_294,iter_295,iter_292,ll_941,iter_293,ll_940,iter_63,iter_64,iter_65,iter_66,iter_60,pns_279,iter_61,pns_278,iter_62,pns_277,pns_276,ll_929,pns_275,ll_928,pns_274,pns_273,iter_67,pns_272,iter_68,pns_271,iter_69,pns_270,iter_287,ll_932,iter_288,ll_931,iter_285,ll_934,iter_286,ll_933,ll_936,ll_935,iter_289,ll_938,ll_937,iter_280,iter_283,iter_284,iter_281,ll_930,iter_282,iter_96,iter_97,iter_98,iter_99,iter_92,pns_269,iter_93,pns_268,iter_94,pns_267,iter_95,pns_266,pns_265,pns_264,pns_263,threshold,pns_262,pns_261,ratio_652,pns_260,ratio_651,ratio_650,ratio_645,ratio_644,ratio_643,ratio_642,ratio_649,ratio_648,ratio_647,ratio_646,iter_85,iter_86,iter_87,iter_88,pns_259,iter_81,pns_258,iter_82,pns_257,iter_83,pns_256,iter_84,pns_255,pns_254,pns_253,pns_252,pns_251,iter_89,pns_250,ratio_663,ratio_662,ratio_661,ratio_660,ratio_656,ll_998,ratio_655,ll_997,ratio_654,ratio_653,ll_999,ratio_659,ratio_658,ratio_657,ll_990,iter_90,ll_992,iter_91,ll_991,ll_994,ll_993,ll_996,ll_995,pns_249,pns_248,pns_247,pns_246,pns_245,pns_244,pns_243,ratio_670,pns_242,pns_241,pns_240,ratio_674,ratio_673,ratio_672,ratio_671,ratio_667,ll_987,ratio_666,ll_986,ratio_665,ll_989,ratio_664,ll_988,ratio_669,ratio_668,ll_981,ll_980,ll_983,ll_982,ll_985,ll_984,pns_239,pns_238,pns_237,pns_236,pns_235,pns_234,pns_233,pns_232,ratio_681,pns_231,ratio_680,pns_230,ratio_685,ratio_684,ratio_683,ratio_682,ratio_678,ll_976,ratio_677,ll_975,ratio_676,ll_978,ratio_675,ll_977,ll_979,ratio_679,ll_970,ll_972,ll_971,ll_974,ll_973,trueState,ll_89,ll_90,ll_91,ll_96,ll_97,ll_98,ll_99,ll_92,ll_93,ll_94,ll_95,ll_78,ll_79,ll_80,ll_85,ll_86,ll_87,ll_88,ll_81,ll_82,ll_83,ll_84,ll_899,ll_898,ll_891,ll_890,ll_893,ll_892,ll_895,ll_894,ll_897,ll_896,pns_625,pns_624,pns_623,pns_622,pns_621,pns_620,iter_636,iter_637,iter_634,iter_635,iter_638,iter_639,iter_632,iter_633,iter_630,iter_631,pns_629,pns_628,pns_627,pns_626,pns_614,pns_613,pns_612,pns_611,pns_610,iter_625,iter_626,iter_623,iter_624,iter_629,iter_627,iter_628,iter_621,iter_622,iter_620,pns_619,pns_618,pns_617,pns_616,pns_615,pns_603,pns_602,pns_601,pns_600,iter_614,iter_615,iter_612,iter_613,iter_618,iter_619,iter_616,iter_617,iter_610,ratio_902,iter_611,ratio_901,ratio_900,ratio_906,ratio_905,pns_609,ratio_904,pns_608,ratio_903,pns_607,pns_606,ratio_909,pns_605,ratio_908,pns_604,ratio_907,iter_609,iter_603,iter_604,iter_601,iter_602,iter_607,iter_608,iter_605,iter_606,ratio_913,iter_600,ratio_912,ratio_911,ratio_910,ratio_917,ratio_916,ratio_915,ratio_914,ratio_919,ratio_918,iter_678,iter_679,iter_672,iter_673,iter_670,iter_671,iter_676,iter_677,iter_674,iter_675,iter_669,iter_667,iter_668,iter_661,iter_662,iter_660,iter_665,iter_666,iter_663,iter_664,iter_658,iter_659,iter_656,iter_657,iter_650,iter_651,iter_654,iter_655,iter_652,iter_653,iter_647,iter_648,iter_645,iter_646,iter_649,iter_640,iter_643,iter_644,iter_641,iter_642,pns_589,pns_588,pns_587,pns_586,pns_585,pns_584,pns_583,pns_582,pns_581,pns_580,ratio_971,ratio_970,iter_595,ratio_964,iter_596,ratio_963,iter_593,ratio_962,iter_594,ratio_961,iter_599,ratio_968,ratio_967,iter_597,ratio_966,iter_598,ratio_965,ratio_969,iter_591,iter_592,iter_590,pns_579,pns_578,pns_577,pns_576,pns_575,pns_574,pns_573,pns_572,pns_571,pns_570,ratio_982,ratio_981,ratio_980,iter_584,ratio_975,iter_585,ratio_974,iter_582,ratio_973,iter_583,ratio_972,iter_588,ratio_979,iter_589,ratio_978,iter_586,ratio_977,iter_587,ratio_976,iter_580,iter_581,pns_569,pns_568,pns_567,pns_566,pns_565,pns_564,pns_563,pns_562,pns_561,iter_579,pns_560,ratio_993,ratio_992,ratio_991,ratio_990,iter_573,ratio_986,iter_574,ratio_985,iter_571,ratio_984,iter_572,ratio_983,iter_577,iter_578,ratio_989,iter_575,ratio_988,iter_576,ratio_987,iter_570,pns_559,pns_558,pns_557,pns_556,pns_555,pns_554,pns_553,pns_552,pns_551,pns_550,iter_568,iter_569,iter_562,ratio_997,iter_563,ratio_996,iter_560,ratio_995,iter_561,ratio_994,iter_566,iter_567,iter_564,ratio_999,iter_565,ratio_998,pns_548,pns_547,pns_546,pns_545,pns_544,pns_543,pns_542,pns_541,pns_540,ratio_920,ll_800,ll_802,ll_801,ratio_924,ll_804,ratio_923,ll_803,ratio_922,ll_806,ratio_921,ll_805,ratio_928,ratio_927,ratio_926,ratio_925,pns_549,ratio_929,pns_537,pns_536,pns_535,pns_534,pns_533,pns_532,pns_531,pns_530,ratio_931,ratio_930,ratio_935,ratio_934,ratio_933,ratio_932,ratio_939,ratio_938,ratio_937,ratio_936,pns_539,pns_538,pns_526,pns_525,pns_524,pns_523,pns_522,pns_521,pns_520,ratio_942,ratio_941,ratio_940,ratio_946,ratio_945,ratio_944,ratio_943,ratio_949,ratio_948,ratio_947,pns_529,pns_528,pns_527,pns_515,pns_514,pns_513,pns_512,pns_511,pns_510,ratio_960,ratio_953,ratio_952,ratio_951,ratio_950,ratio_957,ratio_956,ratio_955,ratio_954,ratio_959,ratio_958,pns_519,pns_518,pns_517,pns_516,ll_844,ll_843,ll_846,ll_845,ll_848,ll_847,ll_849,ll_10,ll_11,ll_840,ll_842,ll_841,ll_829,ratio_102,ratio_101,ratio_100,ll_833,ll_832,ll_835,ll_834,ll_837,ll_836,ll_839,ll_838,ll_831,ll_830,ll_27,ll_28,ll_29,ll_23,ll_24,ll_25,ll_26,ll_819,ll_818,ratio_113,ratio_112,ratio_111,ratio_110,ratio_106,ll_822,ratio_105,ll_821,ratio_104,ll_824,ratio_103,ll_823,ll_826,ratio_109,ll_825,ratio_108,ll_828,ratio_107,ll_827,ll_30,ll_31,ll_32,ll_33,ll_820,ll_16,ll_17,ll_18,ll_19,ll_12,ll_13,ll_14,ll_15,ratio_120,ll_808,ll_807,ll_809,ratio_124,ratio_123,ratio_122,ratio_121,ratio_117,ll_811,ratio_116,ll_810,ratio_115,ll_813,ratio_114,ll_812,ll_815,ll_814,ratio_119,ll_817,ratio_118,ll_816,ll_20,ll_21,ll_22,ll_49,ll_45,ll_46,ll_47,ll_48,ll_888,ll_887,ll_889,ll_52,ll_880,ll_53,ll_54,ll_882,ll_55,ll_881,ll_884,ll_883,ll_50,ll_886,ll_51,ll_885,ll_38,ll_39,ll_34,ll_35,ll_36,ll_37,ll_877,ll_876,ll_879,ll_878,effect,ll_41,ll_42,ll_43,ll_871,ll_44,ll_870,ll_873,ll_872,ll_875,ll_40,ll_874,ll_67,ll_68,ll_69,ll_866,ll_865,ll_868,ll_867,ll_869,ll_74,ll_75,ll_76,ll_860,ll_77,ll_70,ll_862,ll_71,ll_861,ll_72,ll_864,ll_73,ll_863,pns_599,ll_56,pns_598,ll_57,pns_597,ll_58,pns_596,ll_59,pns_595,pns_594,pns_593,pns_592,pns_591,pns_590,ll_855,ll_854,ll_857,ll_856,ll_859,ll_858,ll_63,ll_64,ll_65,ll_66,ll_851,ll_60,ll_850,ll_61,ll_853,ll_62,ll_852,ll_790,ll_799,ll_792,ll_791,ll_794,ll_793,ll_796,ll_795,ll_798,ll_797,ll_789,ll_788,ll_781,ll_780,ll_783,ll_782,ll_785,ll_784,ll_787,ll_786,ll_778,ll_777,ll_779,ll_770,ll_772,ll_771,ll_774,ll_773,ll_776,ll_775,pns_504,pns_503,pns_502,pns_501,pns_500,iter_515,iter_516,iter_513,iter_514,iter_519,iter_517,iter_518,iter_511,iter_512,iter_510,pns_509,pns_508,pns_507,pns_506,pns_505,iter_504,iter_505,iter_502,iter_503,iter_508,iter_509,iter_506,iter_507,iter_500,iter_501,iter_559,iter_557,iter_558,iter_551,iter_552,iter_550,iter_555,iter_556,iter_553,iter_554,iter_548,iter_549,iter_546,iter_547,iter_540,iter_541,iter_544,iter_545,iter_542,iter_543,iter_537,iter_538,iter_535,iter_536,iter_539,iter_530,iter_533,iter_534,iter_531,iter_532,iter_526,iter_527,iter_524,iter_525,iter_528,iter_529,iter_522,iter_523,iter_520,iter_521,pns_469,pns_468,pns_467,pns_466,pns_465,pns_464,pns_463,pns_462,pns_461,pns_460,ratio_850,iter_474,ratio_843,iter_475,ratio_842,iter_472,ratio_841,iter_473,ratio_840,iter_478,ratio_847,iter_479,ratio_846,iter_476,ratio_845,iter_477,ratio_844,ratio_849,ratio_848,iter_470,iter_471,pns_459,pns_458,pns_457,pns_456,pns_455,pns_454,pns_453,pns_452,pns_451,iter_469,pns_450,ratio_861,ratio_860,iter_463,ratio_854,iter_464,ratio_853,iter_461,ratio_852,iter_462,ratio_851,iter_467,ratio_858,iter_468,ratio_857,iter_465,ratio_856,iter_466,ratio_855,ratio_859,iter_460,pns_449,pns_448,pns_447,pns_446,pns_445,pns_444,pns_443,pns_442,pns_441,pns_440,iter_458,iter_459,ratio_872,ratio_871,ratio_870,iter_452,ratio_865,iter_453,ratio_864,iter_450,ratio_863,iter_451,ratio_862,iter_456,ratio_869,iter_457,ratio_868,iter_454,ratio_867,iter_455,ratio_866,pns_438,pns_437,pns_436,pns_435,pns_434,pns_433,pns_432,pns_431,iter_449,pns_430,iter_447,iter_448,ratio_883,ratio_882,ratio_881,ratio_880,iter_441,ratio_876,iter_442,ratio_875,ratio_874,iter_440,ratio_873,iter_445,iter_446,ratio_879,iter_443,ratio_878,iter_444,ratio_877,pns_439,pns_427,pns_426,pns_425,pns_424,pns_423,pns_422,pns_421,pns_420,ratio_803,ratio_802,ratio_801,ratio_800,ratio_807,ratio_806,ratio_805,ratio_804,pns_429,ratio_809,pns_428,ratio_808,pns_416,pns_415,pns_414,pns_413,pns_412,pns_411,pns_410,ratio_810,ratio_814,ratio_813,ratio_812,ratio_811,ratio_818,ratio_817,ratio_816,ratio_815,pns_419,pns_418,pns_417,ratio_819,pns_405,pns_404,pns_403,pns_402,pns_401,pns_400,iter_496,ratio_821,iter_497,ratio_820,iter_494,iter_495,ratio_825,ratio_824,iter_498,ratio_823,iter_499,ratio_822,ratio_829,ratio_828,ratio_827,ratio_826,iter_492,pns_409,iter_493,pns_408,iter_490,pns_407,iter_491,pns_406,iter_485,ratio_832,iter_486,ratio_831,iter_483,ratio_830,iter_484,iter_489,ratio_836,ratio_835,iter_487,ratio_834,iter_488,ratio_833,ratio_839,ratio_838,ratio_837,iter_481,iter_482,iter_480,ll_719,ll_723,ll_722,ll_725,ll_724,ll_727,ll_726,ll_729,ll_728,ll_721,ll_720,method,ll_709,ll_708,ll_712,ll_711,ll_714,ll_713,ll_716,ll_715,ll_718,ll_717,exact,ll_710,ll_701,ll_700,ll_703,ll_702,ll_705,ll_704,ll_707,ll_706,ratio_890,ratio_894,ratio_893,ratio_892,ratio_891,ratio_887,ll_767,ratio_886,ll_766,ratio_885,ll_769,ratio_884,ll_768,ratio_889,ratio_888,ll_761,ll_760,ll_763,ll_762,ll_765,ll_764,pns_499,pns_498,pns_497,pns_496,pns_495,pns_494,pns_493,pns_492,pns_491,pns_490,ratio_898,ll_756,ratio_897,ll_755,ratio_896,ll_758,ratio_895,ll_757,ll_759,ratio_899,ll_750,ll_752,ll_751,ll_754,ll_753,pns_489,pns_488,pns_487,pns_486,pns_485,pns_484,pns_483,pns_482,pns_481,pns_480,ll_745,ll_744,ll_747,ll_746,ll_749,ll_748,ll_741,ll_740,ll_743,ll_742,pns_479,pns_478,pns_477,pns_476,pns_475,pns_474,pns_473,pns_472,pns_471,pns_470,ll_734,ll_733,ll_736,ll_735,ll_738,ll_737,ll_739,ll_730,ll_732,ll_731,ratio_292,ratio_291,ratio_290,ll_680,ratio_296,ratio_295,ratio_294,ratio_293,ratio_299,ratio_298,ratio_297,ll_689,ll_682,ll_681,ll_684,ll_683,ll_686,ll_685,ll_688,ll_687,ll_679,ll_678,ll_671,ll_670,ll_673,ll_672,ll_675,ll_674,ll_677,ll_676,ll_668,ll_667,ll_669,ll_660,ll_662,ll_661,ll_664,ll_663,ll_666,ll_665,ll_657,ll_656,ll_659,ll_658,ll_651,ll_650,ll_653,ll_652,ll_655,ll_654,iter_834,ratio_252,iter_835,ratio_251,iter_832,ratio_250,iter_833,iter_838,ratio_256,iter_839,ratio_255,iter_836,ratio_254,iter_837,ratio_253,ratio_249,ratio_248,ratio_247,ratio_246,iter_830,iter_831,iter_829,iter_823,ratio_263,iter_824,ratio_262,iter_821,ratio_261,iter_822,ratio_260,iter_827,ratio_267,iter_828,ratio_266,iter_825,ratio_265,iter_826,ratio_264,ratio_259,ratio_258,ratio_257,iter_820,iter_818,iter_819,ratio_270,iter_812,ratio_274,iter_813,ratio_273,iter_810,ratio_272,iter_811,ratio_271,iter_816,ratio_278,iter_817,ratio_277,iter_814,ratio_276,iter_815,ratio_275,ratio_269,ratio_268,iter_809,iter_807,iter_808,ratio_281,ratio_280,ll_691,ll_690,iter_801,ratio_285,iter_802,ratio_284,ratio_283,iter_800,ratio_282,iter_805,ratio_289,iter_806,ratio_288,iter_803,ratio_287,iter_804,ratio_286,ratio_279,ll_693,ll_692,ll_695,ll_694,ll_697,ll_696,ll_699,ll_698,pns_867,pns_866,pns_865,pns_864,pns_863,pns_862,pns_861,pns_860,iter_878,iter_879,iter_876,iter_877,iter_870,iter_871,iter_874,iter_875,iter_872,iter_873,pns_869,pns_868,pns_856,pns_855,pns_854,pns_853,pns_852,pns_851,pns_850,iter_867,iter_868,iter_865,iter_866,iter_869,iter_860,iter_863,iter_864,iter_861,iter_862,pns_859,pns_858,pns_857,pns_845,pns_844,pns_843,pns_842,pns_841,pns_840,iter_856,iter_857,iter_854,iter_855,iter_858,iter_859,iter_852,iter_853,iter_850,iter_851,pns_849,pns_848,pns_847,pns_846,pns_834,pns_833,pns_832,pns_831,pns_830,iter_845,iter_846,iter_843,iter_844,iter_849,iter_847,iter_848,iter_841,iter_842,iter_840,pns_839,pns_838,pns_837,pns_836,pns_835,pns_823,pns_822,pns_821,pns_820,pns_829,pns_828,pns_827,pns_826,pns_825,pns_824,pns_812,pns_811,pns_810,pns_819,pns_818,pns_817,pns_816,pns_815,pns_814,pns_813,pns_801,pns_800,cause,iter_898,iter_899,iter_892,iter_893,iter_890,iter_891,iter_896,iter_897,iter_894,iter_895,pns_809,pns_808,pns_807,pns_806,pns_805,pns_804,pns_803,pns_802,iter_889,iter_887,iter_888,iter_881,iter_882,iter_880,iter_885,iter_886,iter_883,iter_884,pns_799,pns_798,pns_797,pns_796,pns_795,pns_794,pns_793,pns_792,pns_791,pns_790,pns_789,pns_788,pns_787,pns_786,pns_785,pns_784,pns_783,pns_782,pns_781,pns_780,pns_779,pns_778,pns_777,pns_776,pns_775,pns_774,pns_773,pns_772,pns_771,pns_770,pns_768,pns_767,pns_766,pns_765,pns_764,pns_763,pns_762,pns_761,pns_760,pns_769,pns_757,pns_756,pns_755,pns_754,pns_753,pns_752,pns_751,pns_750,pns_759,pns_758,ratio_333,ratio_332,ratio_331,ratio_330,ratio_326,ll_602,ratio_325,ll_601,ratio_324,ll_604,ratio_323,ll_603,ll_606,ratio_329,ll_605,ratio_328,ll_608,ratio_327,ll_607,ll_600,ratio_340,ratio_344,ratio_343,ratio_342,ratio_341,ratio_337,ratio_336,ratio_335,ratio_334,ratio_339,ratio_338,ratio_351,ratio_350,ratio_355,ratio_354,ratio_353,ratio_352,ratio_348,ratio_347,ratio_346,ratio_345,ratio_349,ratio_362,ratio_361,ratio_360,ratio_366,ratio_365,ratio_364,ratio_363,ratio_359,ratio_358,ratio_357,ratio_356,ll_646,ll_645,ll_648,ll_647,falseState,ll_649,ll_640,ll_642,ll_641,ll_644,ll_643,ratio_300,ll_635,ll_634,ll_637,ll_636,ll_639,ll_638,ll_631,ll_630,ll_633,ll_632,ratio_311,ratio_310,ratio_304,ll_624,ratio_303,ll_623,ratio_302,ll_626,ratio_301,ll_625,ratio_308,ll_628,ratio_307,ll_627,ratio_306,ratio_305,ll_629,ratio_309,ll_620,ll_622,ll_621,ll_609,ratio_322,ratio_321,ratio_320,ratio_315,ll_613,ratio_314,ll_612,ratio_313,ll_615,ratio_312,ll_614,ratio_319,ll_617,ratio_318,ll_616,ratio_317,ll_619,ratio_316,ll_618,ll_611,ll_610,pns_91,pns_92,pns_90,pns_95,ratio_171,pns_96,ratio_170,pns_93,pns_94,pns_99,ratio_175,ratio_174,pns_97,ratio_173,pns_98,ratio_172,ratio_179,ratio_178,ratio_177,ratio_176,ll_569,ll_568,ratio_169,ll_561,ll_560,ll_563,ll_562,ll_565,ll_564,ll_567,ll_566,pns_80,pns_81,pns_84,ratio_182,pns_85,ratio_181,pns_82,ratio_180,pns_83,pns_88,ratio_186,pns_89,ratio_185,pns_86,ratio_184,pns_87,ratio_183,ratio_189,ratio_188,ratio_187,ll_558,ll_557,ll_559,ll_550,ll_552,ll_551,ll_554,ll_553,ll_556,ll_555,pns_70,pns_73,ratio_193,pns_74,ratio_192,pns_71,ratio_191,pns_72,ratio_190,pns_77,ratio_197,pns_78,ratio_196,pns_75,ratio_195,pns_76,ratio_194,pns_79,ratio_199,ratio_198,ll_547,ll_546,ll_549,ll_548,ll_541,ll_540,ll_543,ll_542,ll_545,ll_544,pns_62,pns_63,pns_60,pns_61,pns_66,pns_67,pns_64,pns_65,pns_68,pns_69,ll_536,ll_535,ll_538,ll_537,ll_539,ll_530,ll_532,ll_531,ll_534,ll_533,iter_719,iter_713,ratio_131,iter_714,ratio_130,iter_711,iter_712,iter_717,ratio_135,iter_718,ratio_134,iter_715,ratio_133,iter_716,ratio_132,ratio_128,ratio_127,ratio_126,ratio_125,iter_710,ratio_129,iter_708,iter_709,ll_590,ll_592,ll_591,iter_702,ratio_142,iter_703,ratio_141,iter_700,ratio_140,iter_701,iter_706,ratio_146,iter_707,ratio_145,iter_704,ratio_144,iter_705,ratio_143,ratio_139,ratio_138,ratio_137,ratio_136,ll_594,ll_593,ll_596,ll_595,ll_598,ll_597,ll_599,ll_581,ll_580,ratio_153,ratio_152,ratio_151,ratio_150,ratio_157,ratio_156,ratio_155,ratio_154,ratio_149,ratio_148,ratio_147,ll_583,ll_582,ll_585,ll_584,ll_587,ll_586,ll_589,ll_588,ratio_160,ll_570,ratio_164,ratio_163,ratio_162,ratio_161,ratio_168,ratio_167,ratio_166,ratio_165,ll_579,ratio_159,ratio_158,ll_572,ll_571,ll_574,ll_573,ll_576,ll_575,ll_578,ll_577,pns_746,pns_745,pns_744,pns_743,pns_742,pns_741,pns_740,iter_757,pns_11,iter_758,pns_12,iter_755,iter_756,pns_10,pns_15,pns_16,iter_759,pns_13,pns_14,pns_19,iter_750,pns_17,pns_18,iter_753,iter_754,iter_751,iter_752,time_learn,pns_749,pns_748,pns_747,pns_735,pns_734,pns_733,pns_732,pns_731,pns_730,iter_746,iter_747,iter_744,iter_745,iter_748,iter_749,iter_742,iter_743,iter_740,iter_741,pns_739,pns_738,pns_737,pns_736,pns_724,pns_723,pns_722,pns_721,pns_720,iter_735,iter_736,iter_733,iter_734,iter_739,iter_737,iter_738,iter_731,iter_732,iter_730,pns_729,pns_728,pns_727,pns_726,pns_725,pns_713,pns_712,pns_711,pns_710,iter_724,iter_725,iter_722,iter_723,iter_728,iter_729,iter_726,iter_727,iter_720,iter_721,pns_719,pns_718,pns_717,pns_716,pns_715,pns_714,pns_702,pns_701,pns_700,pns_51,pns_52,pns_50,pns_55,pns_56,iter_799,pns_53,pns_54,pns_59,pns_57,pns_58,iter_793,iter_794,iter_791,iter_792,iter_797,iter_798,iter_795,iter_796,pns_709,pns_708,pns_707,pns_706,iter_790,pns_705,pns_704,pns_703,pns_40,pns_41,pns_44,pns_45,iter_788,pns_42,iter_789,pns_43,pns_48,pns_49,pns_46,pns_47,iter_782,iter_783,iter_780,iter_781,iter_786,iter_787,iter_784,iter_785,pns_30,iter_779,pns_33,pns_34,iter_777,pns_31,iter_778,pns_32,pns_37,pns_38,pns_35,pns_36,iter_771,iter_772,pns_39,iter_770,iter_775,iter_776,iter_773,iter_774,iter_768,pns_22,iter_769,pns_23,iter_766,pns_20,iter_767,pns_21,pns_26,pns_27,pns_24,pns_25,iter_760,iter_761,pns_28,pns_29,iter_764,iter_765,iter_762,iter_763,pns_699,pns_698,pns_697,pns_696,pns_695,pns_694,pns_693,pns_692,pns_691,pns_690,pns_689,pns_688,pns_687,pns_686,pns_685,pns_684,pns_683,pns_682,pns_681,pns_680,iter_694,iter_695,iter_692,iter_693,iter_698,iter_699,iter_696,iter_697,iter_690,iter_691,pns_679,pns_678,pns_677,pns_676,pns_675,pns_674,pns_673,pns_672,pns_671,iter_689,pns_670,iter_683,iter_684,iter_681,iter_682,iter_687,iter_688,iter_685,iter_686,iter_680,pns_669,pns_668,pns_667,pns_666,pns_665,pns_664,pns_663,pns_662,pns_661,pns_660,pns_658,pns_657,pns_656,pns_655,pns_654,pns_653,pns_652,pns_651,pns_650,pns_659,pns_647,pns_646,pns_645,pns_644,pns_643,pns_642,pns_641,pns_640,pns_649,pns_648,pns_636,pns_635,pns_634,pns_633,pns_632,pns_631,pns_630,pns_639,pns_638,pns_637,ratio_212,ratio_211,ratio_210,ratio_205,ratio_204,ratio_203,ratio_202,ratio_209,ratio_208,ratio_207,ratio_206,modelID,ratio_223,ratio_222,ratio_221,ratio_220,ratio_216,ratio_215,ratio_214,ratio_213,ratio_219,ratio_218,ratio_217,ratio_230,ratio_234,ratio_233,ratio_232,ratio_231,ratio_227,ratio_226,ratio_225,ratio_224,ratio_229,ratio_228,ratio_241,ratio_240,ratio_245,ratio_244,ratio_243,ratio_242,ratio_238,ratio_237,ratio_236,ratio_235,ratio_239,ll_525,ll_524,ll_527,ll_526,ll_529,ll_528,ll_521,ll_520,ll_523,ll_522,ll_514,ll_513,ll_516,ll_515,ll_518,ll_517,ll_519,ll_510,ll_512,ll_511,ll_503,ll_502,ll_505,ll_504,ll_507,ll_506,ll_509,ll_508,ll_501,ll_500,ratio_201,ratio_200,ll_448,ll_447,ll_449,ll_440,ll_442,ll_441,ll_444,ll_443,ll_446,ll_445,ll_437,ll_436,ll_439,ll_438,ll_431,ll_430,ll_433,ll_432,ll_435,ll_434,ll_426,ll_425,ll_428,ll_427,ll_429,ll_420,ll_422,ll_421,ll_424,ll_423,ll_415,ll_414,ll_417,ll_416,ll_419,ll_418,ll_411,ll_410,ll_413,ll_412,ratio_490,ll_480,ll_482,ll_481,ratio_494,ratio_493,ratio_492,ratio_491,ratio_498,ratio_497,ratio_496,ratio_495,ratio_489,ratio_488,ll_484,ll_483,ll_486,ll_485,ll_488,ll_487,ll_489,ll_471,ll_470,ratio_499,ll_473,ll_472,ll_475,ll_474,ll_477,ll_476,ll_479,ll_478,ll_460,ll_469,ll_462,ll_461,ll_464,ll_463,ll_466,ll_465,ll_468,ll_467,pns_199,pns_198,pns_197,pns_196,pns_195,pns_194,pns_193,pns_192,ll_459,ll_458,ll_451,ll_450,ll_453,ll_452,ll_455,ll_454,ll_457,ll_456,ll_1,ll_2,ll_0,ll_5,ll_6,ll_3,ll_4,ll_9,ll_7,ll_8,ll_491,ll_490,ll_493,ll_492,iter_9,iter_8,iter_7,iter_6,iter_5,iter_4,iter_3,iter_2,iter_1,iter_0,ll_495,ll_494,ll_497,ll_496,ll_499,ll_498,pns_108,pns_107,pns_106,pns_105,pns_104,pns_103,pns_102,pns_101,iter_119,pns_100,iter_117,iter_118,iter_111,iter_112,iter_110,iter_115,iter_116,iter_113,iter_114,pns_109,iter_108,iter_109,iter_106,iter_107,iter_100,iter_101,iter_104,iter_105,iter_102,iter_103,ratio_502,ratio_501,ratio_500,ratio_506,ratio_505,ratio_504,ratio_503,ratio_509,ratio_508,ratio_507,ratio_520,ratio_513,ratio_512,ratio_511,ratio_510,ratio_517,ratio_516,ratio_515,ratio_514,ratio_519,ratio_518,iter_155,iter_156,iter_153,iter_154,iter_159,iter_157,iter_158,iter_151,iter_152,iter_150,iter_144,iter_145,iter_142,iter_143,iter_148,iter_149,iter_146,iter_147,iter_140,iter_141,iter_139,iter_133,iter_134,iter_131,iter_132,iter_137,iter_138,iter_135,iter_136,iter_130,pns_999,pns_998,pns_997,pns_996,pns_995,pns_994,pns_993,pns_992,pns_991,pns_990,iter_128,iter_129,iter_122,iter_123,iter_120,iter_121,iter_126,iter_127,iter_124,iter_125,pns_189,pns_188,ratio_571,pns_187,ratio_570,pns_186,pns_185,pns_184,ratio_575,pns_183,ratio_574,pns_182,ratio_573,pns_181,ratio_572,iter_199,pns_191,ratio_568,pns_190,ratio_567,iter_197,ratio_566,iter_198,ratio_565,ratio_569,iter_191,iter_192,iter_190,iter_195,iter_196,iter_193,iter_194,pns_179,pns_178,pns_177,ratio_582,pns_176,ratio_581,pns_175,ratio_580,pns_174,pns_173,ratio_586,pns_172,ratio_585,pns_171,ratio_584,pns_170,ratio_583,iter_188,pns_180,ratio_579,iter_189,ratio_578,iter_186,ratio_577,iter_187,ratio_576,iter_180,iter_181,iter_184,iter_185,iter_182,iter_183,pns_169,pns_168,pns_167,pns_166,ratio_593,pns_165,ratio_592,pns_164,ratio_591,pns_163,ratio_590,pns_162,ratio_597,pns_161,ratio_596,pns_160,ratio_595,ratio_594,iter_177,iter_178,ratio_589,iter_175,ratio_588,iter_176,ratio_587,iter_179,iter_170,iter_173,iter_174,iter_171,iter_172,pns_159,pns_158,pns_157,pns_156,pns_155,pns_154,pns_153,pns_152,pns_151,pns_150,iter_166,iter_167,iter_164,ratio_599,iter_165,ratio_598,iter_168,iter_169,iter_162,iter_163,iter_160,iter_161,pns_149,pns_148,pns_147,pns_146,pns_145,pns_144,pns_143,pns_142,pns_141,pns_140,ratio_531,ratio_530,ratio_524,ll_404,ratio_523,ll_403,ratio_522,ll_406,ratio_521,ll_405,ratio_528,ll_408,ratio_527,ll_407,ratio_526,ratio_525,ll_409,ratio_529,ll_400,ll_402,ll_401,pns_139,pns_138,pns_137,pns_136,pns_135,pns_134,pns_133,pns_132,pns_131,pns_130,ratio_542,ratio_541,ratio_540,ratio_535,ratio_534,ratio_533,ratio_532,ratio_539,ratio_538,ratio_537,ratio_536,pns_129,pns_128,pns_127,pns_126,pns_125,pns_124,pns_123,pns_122,pns_121,pns_120,ratio_553,ratio_552,ratio_551,ratio_550,ratio_546,ratio_545,ratio_544,ratio_543,ratio_549,ratio_548,ratio_547,pns_119,pns_118,pns_117,pns_116,pns_115,pns_114,pns_113,pns_112,pns_111,ratio_560,pns_110,ratio_564,ratio_563,ratio_562,ratio_561,ratio_557,ratio_556,ratio_555,ratio_554,ratio_559,ratio_558,iter_919,pns_900,iter_917,iter_918,iter_911,iter_912,iter_910,iter_915,iter_916,iter_913,iter_914,ll_327,ll_326,ll_329,ll_328,pns_909,pns_908,pns_907,pns_906,ll_321,pns_905,ll_320,pns_904,ll_323,pns_903,ll_322,pns_902,ll_325,pns_901,ll_324,iter_908,iter_909,iter_906,iter_907,iter_900,iter_901,iter_904,iter_905,iter_902,iter_903,ll_316,ll_315,ll_318,ll_317,ll_319,ll_310,ll_312,ll_311,ll_314,ll_313,ll_max,ll_305,ll_304,ll_307,ll_306,ll_309,ll_308,ll_301,ll_300,ll_303,ll_302,ll_361,ll_360,iter_955,ratio_373,iter_956,ratio_372,iter_953,ratio_371,iter_954,ratio_370,iter_959,ratio_377,ratio_376,iter_957,ratio_375,iter_958,ratio_374,ratio_369,ratio_368,ratio_367,iter_951,iter_952,iter_950,ll_363,ll_362,ll_365,ll_364,ll_367,ll_366,ll_369,ll_368,ratio_380,ll_350,iter_944,ratio_384,iter_945,ratio_383,iter_942,ratio_382,iter_943,ratio_381,iter_948,ratio_388,iter_949,ratio_387,iter_946,ratio_386,iter_947,ratio_385,ll_359,ratio_379,ratio_378,iter_940,iter_941,ll_352,ll_351,ll_354,ll_353,ll_356,ll_355,ll_358,ll_357,iter_939,ratio_391,ratio_390,iter_933,ratio_395,iter_934,ratio_394,iter_931,ratio_393,iter_932,ratio_392,iter_937,ratio_399,iter_938,ratio_398,iter_935,ratio_397,iter_936,ratio_396,ll_349,ll_348,ratio_389,iter_930,ll_341,ll_340,ll_343,ll_342,ll_345,ll_344,ll_347,ll_346,iter_928,iter_929,iter_922,iter_923,iter_920,iter_921,iter_926,iter_927,iter_924,iter_925,ll_338,ll_337,ll_339,ll_330,ll_332,ll_331,ll_334,ll_333,ll_336,ll_335,pns_988,pns_987,pns_986,pns_985,pns_984,pns_983,pns_982,pns_981,iter_999,pns_980,iter_997,iter_998,iter_991,iter_992,iter_990,iter_995,iter_996,iter_993,iter_994,pns_989,pns_977,pns_976,pns_975,ll_390,pns_974,pns_973,ll_392,pns_972,ll_391,pns_971,ll_394,pns_970,ll_393,iter_988,iter_989,iter_986,iter_987,iter_980,iter_981,iter_984,iter_985,iter_982,iter_983,ll_396,ll_395,ll_398,ll_397,ll_399,pns_979,pns_978,pns_966,pns_965,pns_964,pns_963,pns_962,ll_381,pns_961,ll_380,pns_960,ll_383,ll_382,iter_977,iter_978,iter_975,iter_976,iter_979,iter_970,iter_973,iter_974,iter_971,iter_972,ll_385,ll_384,ll_387,ll_386,ll_389,pns_969,ll_388,pns_968,pns_967,pns_955,pns_954,pns_953,pns_952,pns_951,ll_370,pns_950,ll_372,ll_371,iter_966,iter_967,iter_964,iter_965,iter_968,iter_969,iter_962,iter_963,iter_960,iter_961,ll_374,ll_373,ll_376,ll_375,pns_959,ll_378,pns_958,ll_377,pns_957,pns_956,ll_379,pns_944,pns_943,pns_942,pns_941,pns_940,pns_949,pns_948,pns_947,pns_946,pns_945,pns_933,pns_932,pns_931,pns_930,pns_939,pns_938,pns_937,pns_936,pns_935,pns_934,pns_922,pns_921,pns_920,pns_929,pns_928,pns_927,pns_926,pns_925,pns_924,pns_923,pns_911,pns_910,pns_919,pns_918,pns_917,pns_916,pns_915,pns_914,pns_913,pns_912,ratio_0,ratio_1,ratio_2,ratio_3,pns_899,pns_898,pns_897,pns_896,pns_895,pns_894,pns_893,pns_892,pns_891,pns_890,pns_889,pns_888,pns_887,pns_886,pns_885,pns_884,pns_883,pns_882,modelPath,pns_881,pns_880,pns_878,pns_877,pns_876,pns_875,pns_874,pns_873,pns_872,pns_871,pns_870,pns_879,ratio_450,ratio_454,ratio_453,ratio_452,ratio_451,ratio_447,ratio_446,ratio_445,ratio_444,ratio_449,ratio_448,ratio_461,ratio_460,ratio_465,ratio_464,ratio_463,ratio_462,ratio_458,ratio_457,ratio_456,ratio_455,ratio_459,ratio_472,ratio_471,ratio_470,ratio_476,ratio_475,ratio_474,ratio_473,ratio_469,ratio_468,ratio_467,ratio_466,ratio_483,ratio_482,infoPath,ratio_481,ratio_480,ratio_487,ratio_486,ratio_485,ratio_484,ratio_479,ratio_478,ratio_477,ratio_410,ratio_403,ratio_402,ratio_401,ratio_400,ratio_407,ratio_406,ratio_405,ratio_404,ratio_409,ratio_408,ratio_4,ratio_5,ratio_6,ratio_7,ratio_8,ratio_9,ratio_421,ratio_420,ratio_414,ratio_413,ratio_412,ratio_411,ratio_418,ratio_417,ratio_416,ratio_415,ratio_419,ratio_432,ratio_431,ratio_430,ratio_425,ratio_424,ratio_423,ratio_422,ratio_429,ratio_428,ratio_427,ratio_426,ratio_443,ratio_442,ratio_441,ratio_440,ratio_436,ratio_435,ratio_434,ratio_433,ratio_439,ratio_438,ratio_437
-5526.063772670518,-5524.757789781862,-5451.2518153521405,-5654.264979942205,-5430.647741073362,-5592.758506828624,1000,-5488.591979229135,-5597.32412090762,-5556.479367948725,-5735.721991860446,/mnt/beegfs/rcabanas/dev/credici/papers/journalEM/output/synthetic/s12/random_mc2_n6_mid3_d1000_05_mr098_r10_90_uai_ccve.csv,-5524.641373310062,-5565.788286918796,-5579.343156724647,KL,-5481.897686717463,-5638.08613947406,-5461.920153315279,-5676.346994833777,-5608.4575894654445,-5432.110593920555,-5515.724941248982,-5875.813558225336,-5510.396906825147,-5678.09694769087,-5472.919254423652,-5430.053756220557,-5487.945091403076,-5445.056907938231,-5468.933423089402,-5650.666591676803,-5488.156346570564,-5498.714887575394,-5439.675311858462,-5577.708311856637,-5549.349217797262,-5500.460869633551,-5649.985528260011,-5907.895207683257,-5484.773961659275,-5993.02039087673,-5556.276014736897,-5625.232169470474,-5432.430460213035,-5853.964027174579,-5544.5358096884,-6046.51740367461,-5461.8790998628865,-5477.807051945489,-5489.89828859887,-5502.664055190938,-5470.179894546664,-5576.469863638842,-5725.095407474586,-5494.254397557464,-5602.811172186175,-5616.4767023242275,-5911.99277127839,-5692.122708784871,-5478.784104638049,-5479.675245730623,-5629.9989791410135,-5504.578058608831,-5541.892100323078,-5501.72260072978,-5870.478648266029,-5445.834027977064,-5607.906245834327,-5513.730754291803,-5821.1843912527365,-5630.134724288936,-5417.722623483914,-5738.795295189853,-5491.173685778933,-5781.916053250287,-5406.7126467458365,-5611.017523292362,-5449.369717746335,-6178.614573754099,-5550.1747289393,-5719.736759015761,-5470.68981472545,-5679.675759377835,-5555.792525793782,-5699.575678411684,-5448.928383706612,-5675.530139777746,-5713.273181235905,-5566.157873434795,-5924.485690242965,-5509.744397770145,-5474.688509044936,19,31,24,13,28,30,24,24,19,23,31,15,24,11,15,12,15,8,19,24,21,16,14,12,23,36,30,23,43,28,-5502.444631673705,-5520.266962298132,-5454.0007812787635,-5844.4181939455175,-5798.449735857123,-5462.897904047987,12,27,39,15,18,18,15,2327,25,11,15,-5488.48861939415,-5510.185801863169,-5578.638316774661,-5504.501040859696,0.9640647149012921,0.06784142766025136,0.9029823803209179,0.08603614230835516,0.9826544025529309,0.11229288154883826,0.9437705217290666,0.03840608267139182,0.9466404568791809,0.014369462070016593,0.976635774978019,0.13873995590658855,0.9761854428716051,0.08175549732685203,0.9579030347066941,0.13671069099432367,0.1486225798800097,18,0.026379599408197257,20,0.9056521504842447,33,0.9853417197230905,35,0.9766343423095861,25,25,0.9564007605463736,20,0.981306852719616,22,0.9549406711264706,11,0.8673263086133597,0.8268011521759225,0.9749150004746352,0.9587693829396046,17,0.9567847032345628,0.982045075557183,0.14851104621225933,0.9838519560101182,0.04348468839490757,0.9743899393579629,0.12538769992131718,0.9625772990405935,0.16170833646925115,0.9744241042017925,0.06422836329635982,0.9876612874255817,0.1389679859887845,0.979072996338956,0.09891878869277632,0.9871074333525478,0.015926835383078358,0.9873322621295805,0.02564249288171802,0.9825562218909875,0.11695761839480599,29,23,0.9785223453128317,14,0.8992311118688785,16,0.8068988744374368,27,0.9804304834092403,11,0.9527453675236722,12,0.9710176051953515,11,0.9787783066052796,14,0.9841163658766404,24,0.8412999392101094,0.9823228980598161,0.9783332992812814,0.979062713003863,0.03910249945042153,0.9502379737410791,0.055958667319962165,0.9799378880257105,0.009695516810143589,0.9810730479389158,0.0011424605792769533,0.9894031237018117,0.098229605958488,0.9730386466913348,0.06793230809523192,0.9864201629473127,0.13509909632129236,0.9313627043323023,0.13072735072519437,0.9569503635203634,28,0.1337727483707725,0.9644629609977861,0.9454388098447081,25,10,0.9595366320452289,0.9695032000579313,11,0.9755612635482243,14,0.9845596421786467,0.9880486519881222,19,0.9939069834997835,18,0.9541348102171997,29,0.9746397539484257,16,0.926276667819447,17,0.9720173613373724,0.8961459201594727,0.01873229788115196,0.019056772825494266,0.1097163220939684,0.9808620789993256,0.015812951632623203,0.983250623950029,0.02162105769853245,0.9824227978191725,0.09765307722520976,0.9582530856184546,0.16874310224423017,0.8565001084908455,0.14561044346551116,0.9927524752838431,0.07069165576620563,0.9854705591792414,34,0.9537351115157278,19,0.91084707876002,37,0.9834721836177188,18,0.9662821243735024,0.9777749939855204,0.9793820927975978,14,0.9885099909891669,12,0.9709554005738338,0.9673194030160673,0.9108814831875811,11,0.9781255256656112,23,0.906934119427997,25,0.9749879355838068,27,0.9440142292388548,0.0230040530700118,0.09284518194445225,0.04031928978518983,0.13666445016574472,0.12791806415529028,0.10497420267908585,0.06613010860284825,0.10622552095347149,0.19915196499512147,25,12,19,12,36,43,13,23,0.13343668735978426,15,0.16436904166364574,21,0.00310397674814391,0.9817028225253965,0.958543828160528,0.9924660206216351,0.910812294881633,0.9873317042972092,26,23,17,18,0.28375456456388487,15,7,0.9834052974805293,16,0.8156898942431119,1.4576294302612171E-5,16,0.988099920545691,29,0.9757111355683926,20,0.9783246291455341,0.9647038626103622,0.9797908855346187,0.9881185844143954,0.9811674823323221,0.9850747110502444,0.9758892428892543,24,0.850463105294664,21,18,13,12,0.9941182523853964,0.9103780533199581,31,0.9141641083168633,18,0.9141559117165929,0.9914721960143902,0.9559815672227299,0.9819983455070452,0.9495933033759061,22,0.9738057890370352,13,0.9706217525524065,0.9755583011680924,14,0.9811668607428007,0.9977765438794995,0.9698031344288499,0.9650137953985386,0.9704123742196166,0.9159803172962965,0.9799831017913948,0.9748456588574042,0.9739063553052091,20,0.05512328742673325,0.9858392096784305,16,0.020357478245141756,0.8683824406920106,23,0.2116365334495048,24,0.015678104508480777,12,0.13041574163908254,0.9856342626962026,6,0.11879231540427862,0.9929985581084672,28,0.036747290965428225,0.923579927330639,22,0.0055183950185084055,0.9776864324814997,0.023166842986125525,0.9714593624740634,0.05140323989046877,0.9848943126908157,0.9765680548273998,0.9901885207376533,11,19,0.9906842555498012,0.9906418334365318,0.9814866649146715,0.09903558542444413,0.031324036864317464,0.15004765102869702,0.13114283851978675,0.1035802349012198,0.05044723931586855,0.04643414548307186,0.023477150129405315,0.025696066659587895,0.06675135986679659,0.9833224534456915,0.982037211978337,0.9372037742080359,0.045760707117260345,0.9555126635662338,0.010607181976079277,0.8516822878143944,0.12254338886302393,0.9589317353128101,0.14206229659027847,0.9675934817485998,0.009913645576632749,0.9792134233823914,0.004956373849846596,0.9915075702689705,0.19409914334196754,0.993146311603204,0.10312239789725566,0.9909026280176165,0.042385771257027256,0.9615341514599957,0.16451908857009945,0.9177277214955281,0.9326091633181592,0.9134305673475471,0.9765160709870282,0.9726756431523673,0.948006471461307,0.9980721513470278,0.9721185168289205,0.9814548979954263,0.9381049080648497,0.017311168250163624,0.9833898858681822,0.11912953486379507,0.9758519690777429,0.11959778323722023,0.962691613615125,0.09440124802916415,0.9412899453562958,0.13706377303492404,0.9807947088168654,0.9734351363275513,0.012415459596435786,0.9850086527709814,0.0024299592873985813,0.9855812771528553,0.045401715308183814,0.9506743012370693,0.24703586875428188,0.9809839245940672,0.9682077677156851,0.02759290249871911,0.9059115211618591,0.9666760792837139,0.9798541156769687,0.9816706441955126,0.9183191887297757,0.9869641240726647,0.9614114014510755,0.9522320128916626,0.9841979667150924,0.02987553123124062,0.09018478190345129,0.14591009099444768,0.04615002707037501,0.16292325561660437,0.06905279303071367,0.9648600726176425,0.0994585211779403,0.9892459026173965,0.06752578576053185,0.04080847886476312,0.0016720411351010761,0.9781284575682108,0.9701345899392064,0.9602916821257128,0.9829372754491751,0.9778050099117508,0.9697226440344067,0.9799295901320948,0.9825312989341748,0.9041011987827262,0.012279324981272979,0.0029414267300627434,0.1397610884971421,0.13364862997256732,0.1792387763065535,0.10454676593338505,0.11409831203712476,0.017883623221555785,0.04938011760418812,0.006714773465390027,0.9790204047675817,0.9812995940520286,0.9787846474219359,0.9882824915424915,-5860.637810404802,-5613.0927638702615,-5494.7014855514135,-5589.068098957014,-5686.640133502796,-5468.442102113057,-5451.395461505377,-5782.575053572672,-5561.456455560983,-5619.249690743838,-5513.766976089026,-5457.137696942711,-5459.881816639351,-5724.00589462915,-5567.179435285203,-5549.2313601034,-5451.6032365706815,-5480.822574188418,-5549.22784127507,-6066.374610506634,-5453.917404907612,-5451.1078857051725,-5444.788482437836,-5704.681255442688,-5525.451286175775,-5476.965060100867,-5997.270840427205,-5465.38118537067,-5449.593597449886,-5579.279998224158,-5615.528344964153,-5611.541656273996,-5746.556222551914,-5484.545749142679,-5506.875696229771,-5695.183804707581,-5510.5790311309975,-5913.527247375472,-5526.569339110122,-5493.015304501657,-5921.040077475023,-5830.238492976268,-5496.4075035570395,-5665.040857537315,-5841.0852341324335,-5472.323178347384,-6623.5904189280445,-5479.216625826852,-5517.764019458315,-5557.561450546072,-5778.089742122891,-5509.292582326639,-5500.602755264669,-5502.3538576308465,-5602.695889867415,-5547.102693899233,-5487.890055189675,-5606.291149176092,-5564.193348832072,-5925.855620099679,-5959.89094579845,-5426.538782715764,-5578.930478653909,-5474.7426762247,-5489.966066624148,-5497.356206405323,-5452.887064495776,-5503.819589797158,-5869.179376245824,-5929.232068136844,18,12,12,15,14,16,25,19,24,17,-5526.556723846983,-5439.73866705805,-5969.964739185274,-5878.75336707523,-5937.909935385187,-5506.136645570457,-5592.4281439014885,18,18,24,32,10,13,27,11,32,8,-6622.801251557111,-5890.48318691659,-5609.039964429381,-5514.538497014564,-5497.331304651851,-5545.481837537533,-5614.981255311419,-5849.211818833765,500,-5471.0543292385455,-5674.0716241165765,-5473.9580768188725,-5860.3468609551,-5480.513132814356,-6017.188514018543,-5919.693175374987,-5521.077898530574,-5877.445362473589,-5603.426733873637,-5949.9847418187765,-5572.679035355325,-5420.210989838682,-5468.987171806793,-5498.595296014317,0.004910406935288368,0.1841498205051768,0.1632990377462265,0.12118600046501246,0.16477318019600046,0.1167368845822998,0.1428237358012036,0.12086114035461007,0.05986199173139089,0.04926274505625014,12,9,21,0.8047114122446876,15,0.9889019069422462,15,21,46,0.9436292166102394,20,0.9591465565510902,20,0.9487956769835938,15,0.983700087916477,0.9875569485233062,0.9855556645565452,0.9644623388625602,0.9755329516671306,0.029995786201658013,0.051455445973101886,0.006962087274922088,0.13446695788152266,0.1796087074180128,0.029561405756397933,0.1720188062987874,0.008497139958657725,9,0.022382392837714198,13,11,19,0.9824618043956796,33,0.9857793514347879,0.9138202440458071,15,18,0.9807331341625525,14,0.9399040890604604,26,0.962928690895111,10,0.8118144275246686,0.9153892134335694,0.9549082785804341,0.972864721672259,0.04204040864624194,0.0313066160051015,0.08782537466637097,0.14611391388254322,0.077400186222318,0.03631194916670576,0.11723402670522136,0.10044935691897074,0.08232909794541723,15,29,16,24,0.9229463461052267,15,0.9246197880007532,17,0.9675722052300164,0.90147882799417,0.9737298334596051,27,0.9935991117442393,25,0.9625621683102061,27,0.9226408070670725,18,0.9705652005163441,0.9773388068154072,0.977406722009757,0.0259747494077489,0.11248527010690927,20,24,23,14,0.9773579692796637,0.9703326216531734,39,0.9758844142230001,23,0.9802589825226161,0.9813277496059236,0.9873241746760497,18,0.9625087404554564,10,0.9602739322804428,33,0.9852792817655475,36,0.9478543135432375,0.8641978402468988,26,19,16,-5563.539557592122,14,-5646.364154885865,23,17,-5961.724896823912,12,21,16,19,19,-5439.178020046388,23,-5436.554720841579,36,-5565.831986427416,22,-5718.246203103932,-5545.842305413259,-5480.25253475316,17,-5471.59936390308,14,-5480.940448858732,32,23,10,16,-5473.711630416599,-5664.376995553354,-5534.200658633208,-5500.510524340824,11,-5419.674923111874,25,28,-5567.783576691668,23,-5446.632615943063,15,-5488.076421934021,-5428.276114882972,19,-5652.029672070068,26,-5545.304609903264,19,34,29,20,12,18,19,29,21,22,16,15,14,15,21,15,-5432.552407274044,14,-5622.030383842841,22,-5985.683899511645,29,-5467.146761206327,18,-5805.997500279445,13,-5496.538547036729,17,32,19,21,17,16,12,14,21,17,25,31,22,16,13,16,13,18,25,20,33,22,24,26,34,20,37,16,0.9733737937235721,0.9932444258684876,0.958280222918075,15,0.985844605618854,12,0.9609149941816749,16,0.9941590061362242,8,0.9950347446023425,0.982449138803409,-5523.653809473526,0.9901730845564424,-5530.248521475361,0.9769082069202083,-5605.416541140074,0.9701927422553075,-5944.019596566589,-5614.69905874529,-5407.962178772879,-5661.528749339733,-5467.757824154382,-5484.235917285212,-5580.793392764281,11,16,21,17,29,0.011025859268811007,15,0.1380930118773518,0.11801178819448929,0.013668233894413299,0.06402338503607191,26,0.03510433179524498,8,0.17986445961807332,15,0.13541878837979315,13,0.20926897979085315,-5767.6260039868375,0.8884852439528906,-5603.358067657101,0.9396064590391298,-6059.231329858964,0.9597678023123406,-5522.512691708216,-5666.531864041377,-5651.579870071394,-5945.94186637401,-5491.518142291318,-5554.496063622581,-5445.353915022199,20,14,10,20,18,17,28,0.002160084737449073,16,0.09143046734318303,0.023142982601609234,0.05771920753320702,-5499.903655100944,0.08440466368710722,0.16991705036511473,21,0.09950573130943027,28,0.0761286122130229,0.007769508840342916,0.15692250222584986,25,0.03791025686434113,-5483.544372309612,13,-5460.0606399920225,18,-5547.782798623836,38,-5703.397090264406,-5616.7780665027485,-5490.946388218543,-5621.048186918359,-5953.612031207699,32,17,27,10,13,17,-5732.489406360583,15,-5557.083705829175,11,24,13,24,16,0.13546238250442583,37,0.06543279472822056,19,0.20333786022256722,0.09233681730045609,-5626.8395583024385,0.10391175907111595,-5470.195697301382,0.130318555964813,0.06635168113676176,31,0.017809465513980206,11,0.010114870186568663,18,0.16816777225313878,13,-5872.976439861071,30,-5614.166334717935,22,-5501.315188842039,18,-5980.621165159734,-5483.526390294012,-5670.644946832928,13,-5460.705949475256,-5890.619671823613,19,15,16,17,-5460.433718434622,19,10,18,19,30,19,0.19049231519232615,36,0.11104744289210164,34,0.08458713558873283,21,0.048203370700055176,0.06313327694629442,0.07659515978329247,0.0022257172662870943,0.001,0.13114491618079113,0.03545930667438428,0.981055444207913,0.10867024833097189,0.9863961238565129,0.9665701588227188,0.9786879596469825,0.9891638097301293,0.9887206694808528,0.9744342393423094,0.9804232841396451,0.9787375837617904,0.9881670352551967,0.927904144880945,31,25,25,17,0.15932593083677637,16,0.05565143054601288,27,0.04313716719644988,15,0.10640613349362435,12,0.0010308220043151275,0.009717039690055402,0.1368801407160093,0.1350508503300299,0.1280545920056211,20,0.027845607142159716,0.9515906740958867,0.9771308751948552,0.9580685134256447,0.9833969961256025,0.9730005519394959,-5524.552648333619,0.9572863776396434,-5608.477880299128,0.9880209714756489,0.9605525307001442,-5490.794739413486,0.9649503092668583,0.9799791804862583,0.8051627928062987,-5675.4929134036665,24,-5488.327674441453,17,-5920.905168147102,-5428.367732431831,-5485.454555312053,-5548.6202684883065,-5504.925010968982,0.11378458958714482,0.09086891257381073,0.002444074939192479,0.15072710159315394,0.1712760036917312,0.09806682730903554,0.11902140384719707,0.9728292859748547,0.014280343391189039,0.1742808846253457,0.07655326758700216,0.9780482713572454,0.9149052727976262,0.9845392697431015,0.9835003099379042,0.9383449006961982,-5891.0780849913,0.9878488331656535,-5916.010678159821,0.9599488739621439,-5643.792416656635,0.9092125012829594,-5708.2534387401865,0.9763048807220378,0.9406965082967507,-5509.63450751694,-5469.538573331452,-5903.643015692483,-5543.7331213651,-5886.542898307293,-5589.432413643692,0.10783343307854239,0.038565152273674144,0.061629605407420636,0.07801884082143838,0.15370370552880047,0.05593591316254671,0.05024998456281431,0.068854332950425,0.9596698604250061,0.010421954029050075,0.9259986750908625,0.17278422653986245,0.914316219577067,0.9866637130591643,0.9480862630636704,0.9786412067651078,0.9543991107215706,-5544.311393818662,0.9864959084744483,-5466.773665652445,0.9536769226125941,-5509.409529605663,0.9609995613505173,-5573.066808061077,-5429.520060268363,0.9850889608551922,-5884.576582657073,-5628.019769096896,-6599.1047482077665,-5630.800677017757,-5470.142210918923,0,-5515.182666750369,-5473.030754298452,-6598.350028652945,-5614.983143107353,-5423.064694627819,-5909.238892905388,-5451.265682673539,-5447.027497055726,-5516.189413904347,-5501.453481501083,-5482.522117238508,-5521.086736293544,-5526.4116593265735,-5526.982379487848,-5493.220560134295,-5446.924612029941,-5485.513466321745,-5463.755567648953,-5545.113143093665,-5517.053599571165,-5485.516941508104,-5579.129145899144,-5457.858455500412,-5526.008809175166,-5594.508147476452,-5461.523641483687,-5454.329916711314,-5513.991727965578,-5461.904624651733,-5499.691991983616,-5505.182337644841,-6211.568824812486,0.00382054380794094,0.18944187258788217,0.1553536139676908,0.023817619666742007,0.033939363380635204,0.0031387519364587803,20,21,15,7,26,41,40,13,13,19,0.10266146324239138,0.030880258697009798,0.07462992860203199,0.15538042607288013,0.010549541750869569,0.03770945177731487,0.0977855109600233,0.0503626557825453,0.08010481102099345,18,16,12,24,17,14,13,26,20,20,0.02980488664278145,0.027139449402968443,0.18262893812313233,0.12685420780583756,0.03618338208632398,0.10365770858940068,0.0450654633178109,0.023231008448485413,0.1438812820368657,10,24,19,10,16,9,17,15,32,0.9844636831851519,47,0.9907327225862236,0.9573422890987723,0.9501852438981538,0.9270082249935361,0.17682993977360875,0.9791994345154893,0.16466793303814262,0.899180031456401,0.021264961136359235,0.0874253551016805,0.9725356504113837,0.1955608976414227,0.9784923441621728,0.008093206189890964,0.9832829714928408,16,12,19,9,22,42,15,18,33,0.9915132029290646,15,0.9666696564109305,0.9881715578349225,0.9930867650564905,0.9532164928458727,0.9522610016800764,0.9705882391814805,0.9807092728410373,0.9027936595863905,0.9674070582829384,26,28,29,9,21,28,32,19,19,15,25,24,10,13,31,28,11,27,13,18,14,20,26,20,13,13,22,23,23,17,18,33,20,20,15,16,16,22,23,18,0.141080399475905,0.1681369588283193,0.06994406888366574,0.1508151289632766,0.0038037252097875658,0.06363876158168132,0.1619179488446854,0.10129659683397742,0.07598862424359511,0.015505190112245238,0.8155966062688572,0.9146295169160187,17,0.9732306633509282,12,0.9813960446317267,47,0.9644161785364066,29,0.950663270530711,27,0.9952376253992651,0.9601797471337037,24,0.9054827881388295,11,0.9743926072665925,0.9585923271644966,30,13,18,0.09844954800146244,0.1256175210895088,0.07448127219942442,0.039817744114939393,0.10439186473374006,0.18616616792752777,0.11643558810633284,0.01802644844888687,0.16653399971122168,0.16166783456353276,0.9708633729694461,0.9768719557908727,0.9840331802930675,32,0.9845308707157904,14,0.9558511738869678,21,0.9839245909014137,23,0.9563234775052353,30,0.9912860395224198,15,0.9769118465651959,24,0.9657532598148553,16,0.9707621117839025,22,17,0.11037919584838049,0.032743866697079696,0.10134329437521004,0.09565301301298318,0.09116071621337136,0.027114495616076623,0.002004063881193209,0.08478852544834722,0.1483425573959462,15,0.06794396718770483,0.9811780195752211,0.9806643765304525,0.9090176728392483,0.9483242282515996,22,0.9097697299500305,33,0.9143239979782766,10,0.9629255779018092,18,0.9116756251596686,18,11,0.9536508502981684,40,0.942881652822831,8,0.9136201149265372,11,4.6977078990845174E-4,0.0067239762006354835,0.01652655030820478,0.18445220222358116,0.14379229358317627,0.009818760199232095,0.028329174358037036,0.11352150103651021,0.13664695877495364,0.008357044852609354,16,16,13,0.9596556413206172,22,0.9700082500901273,27,0.9777076756407214,37,0.9914964686152173,18,26,29,0.9802237549360423,18,0.974234074622205,0.016956160718373126,0.15181554551585572,0.15583581840172897,0.0018559224113637368,0.18286334852028616,0.0646524607258417,0.013276845442951584,0.02659660432824757,0.06764243232824725,0.9900033593734874,-5603.663929413801,-5481.742523951911,-5971.863593646059,0.9821093832664736,-5617.202801829598,0.9670086071904004,-5624.977274344998,0.9412339458432954,-5429.122866629829,0.9895258837299563,-5471.721594880547,0.9839149703010015,0.98366255990125,0.9819861184902425,0.970494136084147,0.05307095255682479,0.9565240631589493,0.061068457354434585,0.15926726323063878,0.19061485111615817,0.16741858472220947,0.06202847455311448,0.028003301000939267,0.06471215082118026,0.051390737598924915,0.9586832872705341,0.9856739802335531,0.9491349727436091,0.978349222376376,0.8999412081817098,0.9164360681784507,0.9786003127635099,0.9856248417053396,0.9136912136418298,0.9815230298841283,0.0837863202670521,0.1403744450176492,0.04193950503820073,0.062169045157637354,0.10487256281159467,0.00415482831603629,0.11668554204049202,0.09799311176871531,0.16024647673097958,0.9857413299825218,0.9388953132785616,0.9685309277247739,0.9801966831435652,0.9701546784394744,0.9436845009859622,0.9815198112063468,0.9575095708264435,0.9040238780824902,0.9582375114924477,0.13134992649807778,0.05452655549262269,0.016768578907370345,0.022571767338606233,0.1820358747438272,0.05967007351277928,0.05190982024437275,0.12976466182856242,0.04599753691921448,0.9843536619845342,0.9605324828547653,0.9689821318445115,0.9884036044384481,0.9800946291338749,0.9523367909127619,0.8882657129342896,0.9745939461817946,0.9331755272152766,0.9051900536547234,0.9498239074953967,0.039605032324581284,0.03861340223436978,0.024692170400070157,0.04307917970753639,-5449.152333160662,-5635.56840297376,-5518.21833841279,-5585.928898181708,-5441.483103694985,-5492.650583897888,-6304.241993811298,-5737.319345395528,-5473.1165272249,-5586.5650815052995,-5729.915362910751,-5528.058743079172,-5452.446434865948,0.9847817113758968,0.9740756289928384,0.9826988812216073,-5432.837701771602,-5472.551790678985,-5847.531998648816,-5502.624007425919,-5534.038197849359,-5602.20992708545,-5454.3315164462,-5968.954430483658,-5514.5491108124015,-5450.47617010877,-5496.460024475336,-5428.306952402695,-5419.349973079628,-5632.7955057791605,-6319.501431528995,-5612.711769618557,-5562.467646355395,-5438.990871849032,-5522.917123964401,0.9820072378183006,0.9667745578556566,0.9699014309885734,0.9402868438869176,0.9873602852669823,-5588.5840324239025,0.9876346448237052,-5462.03889102103,0.9646777789901334,-5463.008225068716,0.8974427836024766,-5523.734233892357,-5989.098794092717,0.988506248573524,-5649.395179001569,0.9434720707517061,-5443.886613423666,0.9868516586275897,-5601.39793154662,-5487.221447628883,-5473.891707720382,-5478.504213255868,-5616.686779127134,-5482.115529184881,-5464.121987060697,-5460.947322983919,-5661.463058428457,-5486.53989338115,-5515.393325626596,-5590.790821205504,-5717.90601142955,-5487.598361479257,0.9629883447037152,-5555.801464689108,-5492.642717962572,-5504.057889058439,0.930763092080516,0.9464652783885026,0.9842304876870179,0.979526813459063,0.9862693111200521,-5707.181534386878,0.9699020460140745,-6005.742792954367,0.8872197618210492,-5700.963936764507,0.9872705704160196,-5557.094314019147,-5931.268985542074,-5591.267003786445,0.9857736152178829,-5673.459311707724,0.9761398079373702,-5459.903512672639,-5473.491852231169,-5480.655286176348,-5742.835854026596,-5692.814152546799,-5456.30314466558,-5778.852225899986,-5624.332924908727,-5580.522689521211,-5459.0098031498965,-5488.511263182315,-5450.599326414894,-5523.668933401914,-5447.504819337437,-5591.454777102507,-5523.475264869227,-5556.050126548304,-5449.446592242277,-5458.388610936558,-5625.234623987402,-5513.440133456227,-5497.306112841129,-5440.2088663133345,-5470.546055402266,-5465.676875898088,-5909.013227970182,-5472.658532397344,-6283.954180151143,-5421.49989151334,-5461.560862390023,-5643.293795168406,-5663.884110114712,-6005.584876804096,-5422.794901355064,-5940.8606695088965,5,-5492.396510859006,-5486.041481170183,-5439.852885155287,-5498.156824729752,-5531.339844879037,-5628.075563295384,-5740.492551043741,-5711.179027874809,-5492.110450652561,-5664.062672491658,-5584.935425254829,-5510.966907977636,-5513.509217283895,-5618.73931081027,-5575.866025339046,-5723.285343869701,-5673.178382072668,-5483.479586674062,-5442.516757740125,-5577.337300994926,-5546.309569041929,-5875.8985705475025,-5718.681979686997,-5492.143106562102,-5432.818182887125,-5610.664989976187,-5433.050831681621,-5717.055481280233,-5483.7295599109075,-5458.956445584097,-5549.79381482482,-5430.481142141247,0.11135135538368446,-5497.24837389717,0.07925456716003913,-5452.5042109866135,0.01676740800857892,-5451.262602765611,0.13992483669993722,-5477.760271766007,0.16835594068324264,0.16633347711155094,0.07587822462774195,0.03866852932384607,0.042582990902631006,0.07954327649845369,-5525.796997065956,-5545.583373249203,-5437.20398431869,-5438.699228928904,-5507.065270418016,-5820.110504733511,-5960.478913373847,-5477.212968331499,-5702.877249429555,-5685.5878046820935,-5482.260143987852,-5625.306737090955,-5596.9793104064465,-5480.61140065007,-5599.8846837094425,-5582.827951131915,-5496.233204412487,-5440.717442256208,-5497.543678191963,-5475.6367181124915,-5578.225889738762,-5547.897676123714,-5604.7631539792565,-5446.021236954744,-5502.556842515362,-5484.774955247347,-5498.867857426443,-5953.10286536232,-5504.3770306890865,-5492.866081735502,-5529.086876148979,-5941.206521082887,-5567.746582742644,-5477.899221011523,-5558.938501133203,-5550.2544672556805,-5492.443019631066,-5468.622796503914,-5482.701829656646,-5652.201736745539,-5771.128623593437,-5597.520825317124,-5864.710535582511,-5598.235499316415,-5431.620912963478,-5860.933217017555,-5453.29592613915,0.012021465557657193,0.001863761291667119,0.09065677688748307,0.026096853487731567,0.004993203027712809,24,14,19,9,22,19,20,16,30,22,0.061466015826607906,0.0900316534550252,0.08250447975348006,0.041089543921820786,0.07086325171043541,24,17,24,18,32,23,21,27,17,23,24,23,32,19,14,17,17,28,14,12,19,17,16,23,14,19,21,35,15,15,10,17,25,30,40,14,27,16,18,15,16,8,12,19,19,21,30,31,18,27,0.0861623281283581,0.008387492290113721,0.014195806344730664,0.17266870230244438,0.0866551389523836,0.030309383906520826,0.048045287962037435,0.03061024289687427,0.18224799460220142,0.041852678148509195,0.9616271811196146,13,0.9550425178427236,16,0.9393170921667571,16,0.9736161801444648,13,0.9634198042137048,18,0.9798925591278819,13,0.9753523885753032,17,0.9635295284196927,32,0.9877146220151866,0.8537437874901569,0.9891067075805531,10,29,0.11814618390790696,0.09105983538155213,0.0015244587722309747,0.07044433399031697,0.11451532627637948,0.02221792446111261,0.14823183470808612,0.08150523875145115,0.02124800387752845,17,0.02383942528722101,0.9414299816880047,0.9411622216742926,20,0.9705394500087511,13,0.9611282626423134,16,0.9792538338311428,16,0.9817497338125005,19,0.9247603516588889,15,0.9898851418070116,7,0.9896129957734263,11,0.9740146878194688,0.9773277004654819,21,0.1274158659747255,0.15180928209897562,0.011446362583852464,0.1620417014462023,0.14574891631628228,0.14563877806063508,0.14011536297796445,0.1805788376039343,0.01599077327590661,0.10117965132780676,32,19,0.942398655475826,0.9789112258207557,0.9563139969463262,20,0.9404052242154799,19,0.9859407179195897,25,0.991110602573374,14,0.959281555157297,15,0.9889188543878344,15,0.9487111235667849,16,0.9815314075629608,15,0.9652684287233543,0.03585740555903011,0.09201605823626437,0.028256588999820954,0.00884145980529524,0.0022911288474810605,0.10992674414731411,0.09004968554477905,0.1272782352490893,16,0.06122931776369238,30,9,0.9761976745500627,0.9687111013151803,0.9860432850579814,0.9880133410704495,14,0.8962003780579528,27,0.9799889287389429,0.9637009252985905,16,0.9375863463270863,31,12,0.9925153974947555,37,0.9059642594674548,33,0.9502679314075776,0.07640831240213519,0.11129525105879759,0.03165929351441182,0.03332109498826496,0.16491428575902872,0.14927890664939406,0.01630174788706898,0.023011274227528893,0.027695577899489045,0.9568407434459703,0.9818424366948926,0.9012609468805542,0.9604800546298978,0.9798939624180434,0.9913585618282392,0.983640586188935,0.9581650559773093,0.14734870726627872,0.9778617059515833,0.048706575186656664,0.9687544580666786,0.09856572865828425,0.12375283347454108,0.08612825780973193,0.12966873834614356,0.06363538979026373,0.14438183767251273,0.16302704710608928,0.896176813193713,0.9626096255832692,0.9440872625666078,0.968529078852055,0.9430587418013795,0.9745225786020045,0.9486641467480444,0.985769698046614,0.9074293292330026,0.04509668264043076,0.06870002557563115,0.19765251047295163,0.9895599319550296,0.10777880861343483,0.08044756450030928,0.09039223754683315,0.12458588640356058,0.09457431324454199,0.10602614793339754,13,0.985384312421995,16,0.9817756317607594,30,22,0.9527050713421973,0.9852094698215936,6,0.9743784203133768,16,0.9630717558910111,0.9871178931046721,0.988670010830016,0.9608686086626337,0.8986673324473521,17,0.09320265773242434,28,0.06782510570196414,12,0.08160333451105868,16,0.012457735247615023,17,0.98349136617,18,0.9760013609268683,20,0.9874747213037622,24,9,0.9607293384400268,0.9204237682315578,14,0.9781165185532468,18,0.9906806962585802,0.9867767334681119,0.901700205577686,0.9725642007933,39,17,10,-5540.332045741804,-6205.516174939713,-5942.9080295046315,-5484.7343846979,-5636.169449880041,-5613.662193247149,-5627.564990617744,-6509.675782243899,-5520.694044537873,-5462.274994875393,-5510.974992260548,EMCC,-5394.201206739292,-5428.500626328042,-5505.044621914399,-5459.518534271496,-5420.156346755788,-5827.5491679499655,-5435.538106462205,-5460.653754393568,-5464.756337506207,-5511.349066197148,false,-6197.968987905715,-5887.625259617147,-6328.560761240968,-5912.057542933039,-5887.572469849583,-5667.907953769925,-5414.051521673902,-5630.032650825139,-5480.872204801837,0.9854772752734648,0.9786379755259192,0.9867770228860956,0.9761000202002035,0.9620519436509783,0.9806315736574215,-5483.907052727387,0.9893383819100159,-5892.300552936393,0.9847284351522485,-5392.603560561197,0.9567969688055111,-5536.575370056602,0.9874524093098359,0.9859310811175636,-5504.546005121767,-5495.5134228324705,-5677.395248952824,-5570.016562751336,-5511.642457262183,-5533.404146532993,0.16268419626801256,0.05520738261203849,0.013278012537184218,0.06253132724609681,0.051546676768235655,0.0968882654242601,0.03082827991980138,0.062140007187047604,0.07343647617062368,0.10039757572673225,0.9739773538027212,-5701.40498982791,0.9776619750170717,-5444.76786892682,0.8664811722847539,-5934.507613899797,0.9854085354692808,-5520.281062583793,-5502.573336268248,0.9861390655206134,-5551.510749762713,-5908.790041725525,-5609.173487810374,-5543.207683761866,-5564.043707041774,0.182559045791849,0.010057821422010381,0.00499152391966771,0.08555680874783901,0.0073857275103860805,0.10258778410531101,0.039896832722131265,0.02579527668403457,0.008861916863738661,0.08147787626538194,-5537.151548039968,-5517.036846538239,-5522.253135321793,-5810.582975949552,-6005.949830238776,-5640.929750614326,-5415.20235434801,-5500.341880624375,-5466.613911922223,-5447.31013621752,0.140240176436067,0.10087403010839402,0.12288263567022153,0.18672340319227887,0.1524884092336304,0.1497837072280367,0.04783192651733968,0.036105720586821474,0.17581326581616982,0.007212469645075235,-6397.48939255157,-5985.343885472418,-5498.903480726085,-5469.076243088939,-5501.404726799055,-5542.852578834708,-5479.06136330665,-5649.156238922597,-6670.23787931714,-5489.636978988521,0.9209141540601279,0.9781484044508821,0.9749904259721343,-5812.327362696099,0.9767742197061775,0.9282148991941483,0.9852293657296358,0.9868365724342683,0.9647887408056107,0.9777829810729507,0.9806356194367172,-5478.357326066069,-5499.673833316101,-5608.394781375496,-5454.956299510954,-5676.9174354016595,-5547.565141066187,-5886.592977143717,-5435.6228431133,-5509.430055889132,-5463.676531689545,-5639.367615275494,-5472.502024316368,-5532.530233870933,-5882.802949198305,-5466.7270290349625,-5600.634644918257,-5503.007974833413,-5455.884196594579,-5643.638122548274,-5721.513144336124,-5735.851959186505,-5512.834713138462,-5473.076954938677,-5508.17456871134,-5617.768835556943,-5919.63642103062,-5656.011122812474,-5448.412000248228,-5606.764675743769,-6684.620160218674,-5531.556406954265,-5577.704245869616,-5492.165082915685,-5456.436118187629,-5568.356717743571,-5603.241119075371,-5486.139920864978,-5622.358745270906,-5447.462748703008,25,0.9877552168137931,16,0.947625826732147,13,0.9687560167272399,16,24,0.9084682989301355,22,0.9483180080974293,20,0.9420532269886435,35,0.9443172160056007,0.9670161996101598,0.9908133024895609,0.9757932990458744,0.9481815403373812,14,26,18,24,0.9592212846793697,20,0.9801561096109238,15,0.9308691768406708,24,0.9378636386563949,12,0.9409886615091555,24,0.9876752204063789,25,0.8711026351949236,24,0.9954676323126531,0.9768524723631817,0.9831075189316817,0.9669519908406178,16,16,10,0.9711858945678835,10,0.9597534625420986,32,0.9782767739574927,30,0.9168259965719667,20,0.9777693003432851,26,0.9934446281396889,26,0.9761462205715303,6,0.924589752755227,17,0.9883164652835108,0.9838261022519817,0.9697365758572353,21,15,9,0.9796065212130842,0.9651639063174058,-5418.814641063585,-5616.527721569278,17,0.9455536558873525,52,0.9606262413000182,0.958288927794123,24,0.9401079028349535,34,0.9559872847209887,26,0.9823726093705106,20,0.9822128494283291,24,0.9103880274006363,0.955964235426126,-5409.064825371411,-5529.435322541101,-5601.127539522369,-5413.8295824214065,-5607.822458811141,-5459.488652039971,-6057.734187126616,-5728.150743615539,0.25507227322658205,0.06171218118363353,0.19552912395761285,0.15063532240170768,0.13696711185605856,0.050969263636197554,0.02343618776906004,0.027046518980587627,13,19,22,16,29,12,30,23,21,14,0.19674669886851867,0.0509648461689412,0.019192195396026908,0.10912319279094979,0.03275637011618891,0.12305091475881155,0.017279287858797072,0.06356773157796747,0.010642844898597577,11,15,17,26,16,17,11,14,24,18,0.1720828575950971,0.13672393811064695,0.143600543169583,0.09983557983742355,0.006099217757946915,0.022277713077864532,3.9848033099248125E-4,0.08881919121813,0.1750698761685828,24,27,19,18,10,22,12,15,48,9,0.16288331886244733,0.07562884135316836,0.02867604458674176,0.14925090680948824,0.03535472599291419,0.0422210559218841,0.07194910050769165,0.07235003096865278,0.17145063210320127,31,34,20,20,14,16,15,23,18,22,0.05529124796229688,0.12122225795406527,0.11371281962228257,0.1590883916779762,0.1366002247196904,0.06621797157647184,0.07624296502151907,0.11410625485195472,0.1205218053821082,0.11590024194822517,0.007789623256712006,0.04354400556826288,0.1135446332431898,0.010482981569037288,0.04194864697965181,0.10553903504296118,0.03491867860733313,0.18291772071426843,0.018479158462600113,0.11273533043914305,0.21246370170210044,0.21409397986115108,0.04833943098403774,0.0660169496227624,0.007066083523738302,0.07331316691254099,9.592733145692912E-5,1,13,23,17,20,22,16,26,27,22,20,0.13380310173609355,0.0033338456748575026,0.10584112954289393,0.02880617308766526,0.14215925950116798,0.0765095576201106,0.16879617675723704,0.06961256295535319,15,38,13,13,25,17,21,15,17,21,0.025972778662250597,0.09664741552246961,0.17357529485956352,0.06223282743828414,0.016788225579127722,0.09500220777418517,0.007302456208301122,0.015143483007859603,0.025606024709877107,0.1076145434035586,0.20699244220925456,0.17855603235929554,0.0726372933312276,0.04234881461072583,0.14069070868631556,0.13191012258993343,0.013272966533509546,0.1576249412489382,0.10309170201022348,0.0861438497517791,0.1195309108353239,0.06647515147982573,0.15308637221017643,0.00936994507101849,0.055026003857943456,0.17255496589810201,0.07287137913842898,0.04771225920642266,0.06775358541243906,0.07916695997365858,0.060659572053229374,0.0015434175788150719,0.18560848414672523,0.04305862391847239,0.09639033773486133,0.17579644996845695,0.0316222295204416,0.19177811495519015,0.08696639745280531,0.04307490567352873,0.04350559872803513,0.07202702726255561,0.013521541009761873,0.013481230143873783,0.07311684724080046,0.013645476451313934,0.1517858895462257,0.024898598981134994,0.1606061239285912,0.05064943714614796,0.9727857256183385,0.9707505016640412,0.9075239411484357,0.9807088421420862,0.9816203867070838,-5471.390623183458,0.9365927626403601,-6688.369712612446,0.89978057727628,-5611.454683634957,0.9753212127495656,-5672.672807871597,-5517.196961776707,0.9689590866541247,-5703.731235013303,0.9841896516516254,-5461.0892419483,0.9748020059234338,-5580.5262892882565,-5442.61002963693,0.9719195821145133,0.9866379996449514,0.9088813072921701,0.9875386205251605,0.9409195077481417,0.9847423407208902,0.9764657854053703,0.98584398027313,0.9883747114571155,0.9706629806322883,0.9879171077649096,0.9832587097521847,0.9561641581085497,0.9830556370029444,0.9778163797520655,0.9619652478191506,0.9845503635357454,0.9757296109040337,0.8786214914352064,0.9662320571954277,0.9324147955284816,0.9799281140026181,0.9333792719241367,0.9846344841638637,0.9553411105785625,0.9041963100090551,0.8989368561847484,0.9560455452772892,0.9823337280685018,0.9645392463137039,0.9863421093663612,0.9845262313008585,0.9913247656957574,-5800.391631768734,-5499.411108513426,-5499.132276462065,-5446.657543743085,1,-5489.677289512792,-5546.76542553129,-5523.417814919614,-5506.894716393188,-5441.168979402278,-5443.607687373411,0.9778317880955881,-5678.306634414487,-5515.209955818665,-5604.8667532496465,-5462.621143729359,-6227.980661827708,-5591.853051125654,-5451.307255610254,-5831.549645072565,-5490.597416613603,-5484.617590007328,0.9780825455785399,0.9750075683109315,0.977323806889547,-5545.436240849766,0.957139252904707,-5820.995296551636,0.9714111378722092,-5591.542670432925,0.8162928232291515,-5833.480804041317,0.9687449480688338,-5506.620034271903,0.9828222387062789,-5416.880282433646,0.8984646268671634,0.9812707006546834,-5507.002688851082,0.9744903328815543,-5527.413510509673,-5562.58996275267,-5970.420236076539,-5450.022345646972,0.9705004210608197,0.985545362799631,0.983495815947781,0.9781593491948392,-6629.8494515083075,0.9814634476304156,-5478.286700785886,0.9749998338220718,-5726.336867446843,0.9698985346025691,-5589.4143439093195,0.9323646748770809,-5532.328716575794,0.98923089068862,-5487.942896562599,0.9665670466142531,-5879.6928760637475,0.9895791523095435,-5636.360640890182,-5459.850045770617,-5889.787922865455,0.07111200820206923,0.19715367048330643,0.04281989082521696,0.1513545574422257,0.9748472193234986,0.024766940251337667,0.8944721317126361,0.06282890651870218,0.004341392294690582,0.04852307265649566,0.9658204613802549,0.915739254917683,0.13962669812295056,0.9605207121768231,0.09870235559367938,0.90920378431776,0.9788331650725912,0.9929885473353397,0.9841323937998618,0.9045749981882703,-5468.110962809442,-5491.991591147106,0.973878568565574,-5471.1351086806135,-5482.476044861462,-5559.6965416109215,-5641.8256353233355,-6165.745666822962,-5477.995407996546,-5431.1651829980365,-5611.476928912871,0.10278805475998976,0.16407400428681357,0.10239968395904413,0.9585441504296611,0.13219596452491755,0.976003239430598,0.0992979818868372,0.9790582263973292,0.06684370443761742,0.13731064103849436,0.9832387025109924,0.008282401319765676,0.9201594340832194,0.005267335223429255,0.9837605538455775,0.023990821038716796,0.9705572202254151,0.9184110710084797,0.9820626840259176,0.9485617724977058,-5668.640325132658,-5588.495072456641,-5461.938165594502,-5474.061502536393,-5576.8308629103885,-5464.200786641462,-5505.587190619129,-5914.240998821688,-5444.664259539994,-5431.432931501031,0.031813678300693975,0.0035281289614326325,0.9064144615898115,0.006696351549447713,0.9894238981818204,0.07222695067414364,0.9015476091045506,0.06398374913715234,0.9738807916015477,0.11161044402130188,0.9137123842413183,0.20223321037731784,0.977492529427289,0.1573107262198629,0.9624097616560746,0.058458514800712805,0.9155355057408516,0.18751215125366477,0.9595594738463408,0.8126783867756148,-5576.360089562218,-5464.460551315792,-5959.742068106994,-5503.01371652858,-5424.823008799588,-5442.620536718923,-5467.518070422908,-6686.498819920872,-5509.752295280514,-5530.06292502051,0.057078717930357084,0.19063913115723072,0.13663884810111057,0.015603531788100228,0.14809254096221777,0.18345336910281165,0.1879265503751866,0.020290562601547414,0.05025152044532641,0.14094139079715737,-5481.6524377804435,-5466.483811211228,-5454.2736591738485,-5487.5412889266545,-5544.089046836681,-5627.242467129404,-5483.641488113135,-5832.870144592083,-5537.001518568174,-5528.941572866126,22,16,0.9830977920522914,7,0.9030714632195166,12,13,21,0.9779040444981801,17,0.980371713000504,28,0.979053791489771,13,0.96473821597963,0.9588666468679365,0.9677694107753384,0.9578160311894764,0.987308199351343,6,0.9183654767908614,18,18,-5842.6972576120415,-5594.589726189266,-5463.069867642681,12,0.9781645412693208,16,0.9314856080919078,25,0.9769325837434443,13,29,0.9600299545345466,22,0.9606460073595613,23,0.9702736246383846,12,0.9784759373687917,0.991830640590645,0.9170289561832482,0.9077410658244347,0.987038127397682,-5539.0925012890475,-5508.932933004604,-5691.063861304785,-5664.817868156463,-5566.619137282838,-5565.207361253855,-5434.464442504095,-5553.017755273433,-6377.360203382825,0.9214396334434529,0.9231539058882311,0.9792227802556163,0.9089969611126414,0.9754326966631192,0.9835324526056878,0.8125815602472002,0.9500738957407431,0.9672933882106531,0.9082582806768452,0.9807425773701899,-5436.833585648528,-5539.942826810932,-5428.034808842656,-5567.362691309148,-5589.404374102061,-5486.292244766849,-5540.601563749907,-5464.13893224874,0.9591316908488715,-5508.7261619134215,0.9450454316508763,0.9365970206519341,0.9813406038033832,0.9584507648113944,0.9798274970470424,0.9767045180996714,0.9101517946737583,0.9773613449702218,-5472.157037038913,0.9684476698898424,0.982295062341826,-5681.040868590023,-5685.8355995035745,-5694.39402696446,-5428.533980315858,-5994.164053222583,-5576.974143336359,-6216.352656589317,-5929.656279641254,0.2061947914363911,0.05975532480926019,0.0520189755088276,0.04540829368580247,0.13011970643840132,0.10030138220205204,0.01301494594924788,21,0.06621643408629403,14,0.11570464233898356,20,14,0.09202579139840367,0.19247701117489854,0.046555598246995,35,0.10305564301881337,0.18523221408844895,0.03441376428249984,30,0.06773270631453086,0.16197389225191122,15,21,29,14,144937,0.05641150501123969,0.20415091739746666,0.1659602653734961,0.016626131440673257,0.24093712875788592,0.1888768997744802,0.03930217720458457,0.06886646550057644,0.005954816568400041,17,29,20,21,12,10,19,19,33,18,0.04950933025029566,0.011204555888549409,0.03433103679873907,0.007191366879777459,0.0780909864669134,0.05425312670667219,1.4576294302612171E-5,0.12749340609843796,0.02680922546335382,19,18,25,11,28,15,27,16,11,21,0.05164000486455736,0.17934678971330587,0.11729265030476511,0.13521616847992618,0.1373249710868685,0.025779274701169284,0.06581832887702022,0.02865973280717461,0.0898698549116578,24,17,17,12,29,16,20,28,14,18,0.0746990386015165,0.08024117235392011,0.014590402561234058,0.09095796038668176,0.00721206971412202,0.20903248121451085,0.04981620241764936,0.004407488785335455,0.1924598909164444,0.06453323029008247,0.027624224557023565,0.1867702934750881,0.00813044255585902,0.11836283912326058,38,0.08160301262139034,0.19594744071470652,0.013774534473576995,0.1815430655106611,0.009740531705449484,11,17,27,17,17,13,19,12,0.007446349004748075,0.17304847658934255,0.1684419257802359,0.016512850230864427,7,0.012725314399084784,0.020033115456208714,0.09888756278339288,0.12134582690347648,0.13572592115702453,0.16626725261129988,0.008430143157482067,22,0.010816829680010825,17,0.06087015915641144,0.06644510562561612,0.003596831383482448,0.0423356704059595,0.07815518481580566,22,12,15,31,26,19,28,22,0.016342469025247,35,0.15297898709903524,0.032236009264518264,17,0.04136408274906498,33,0.14064859823791032,0.06332548963359738,0.050173706761855716,0.15485271720032653,0.17697584989184195,19,25,0.01301099053487923,7,36,14,17,30,16,0.06863997090010576,9,0.022440589038243232,10,0.16593200298340455,18,0.018260481845203163,0.12412091083217801,0.11806457261343181,0.01713907898224863,0.13022221728957634,22,23,0.05621605134692532,0.014574867079513727,19,14,15,28,0.07275467606981521,0.028257479352525608,0.14751329934342164,0.12749400457221696,0.0012859487850895922,0.10075381511626805,0.06480722682475294,0.18196229275580303,0.1422466697119139,0.0956667155949113,0.014104716526402628,0.16775293186462048,0.05144798178496948,0.1168600847318669,0.2243381713709115,0.010774659700620332,0.2062004939176411,4.1102679575199424E-4,0.18597532513404585,0.0034166237146961717,25,16,23,13,11,16,17,22,16,23,0.06664892578262209,0.014344803642867035,0.06907155403724229,0.006622820764618554,0.02656868155929397,0.1040608262397415,0.08134459196591014,0.11851960315164235,0.17747756346887145,17,0.062148363246708346,20,21,20,39,23,20,30,11,27,0.1989269591296483,0.06255548460938283,0.12289935324101427,0.01996995548704566,0.03414969158151468,0.07192433802180916,0.16320348462733372,0.1825973164132951,0.07694311979509567,0.1541321743329893,0.16423334581958363,0.005052532919117478,0.07377875894094756,0.12466467790845934,0.048903297499794225,0.1514126142870047,0.02940692083963149,0.06081469485980479,0.08856510680187782,0.18055362160011104,0.026173296019415357,0.18676418579447832,0.18198421514719898,0.03352226005350228,0.08755407529417747,0.20424138651268536,0.008943877074226166,0.11081891450700516,0.007443937059998478,0.11895797511215514,0.021179870629458274,0.05154512320016671,0.09975872005535426,0.004357209331389052,0.007857474686145886,0.10245809572250644,0.03807813307751704,0.13673552010048357,0.02509197618344436,0.012974232590426339,0.9803838166234227,0.8901334566208413,0.9854131405409667,0.974197900042866,0.9686362677952127,0.9383661629152943,0.9806171523442119,0.9910801977347856,0.9873342159489426,0.9518845431092563,0.97396766640099,random_mc2_n6_mid3_d1000_05_mr098_r10_90_uai,0.9812997718182553,0.9785011773767106,0.9526055261788393,0.9698808321144634,0.9907549625292195,0.9781093999321385,0.9839178127243293,0.9825478309133613,0.9194124548880569,0.9707228200503644,0.9567973862948317,0.9834253324129758,0.9841420658601738,0.9911886104046779,0.9807327419296232,0.9478893169021632,0.9894354218748632,0.898079279897725,0.9686717187511453,0.9110194490334493,0.9649496058461677,0.9788118764281282,0.9818146460653479,0.9742184285576952,0.9596591132579013,0.9546160352833889,0.9854057338762197,0.9646668587795879,0.9767367991921931,0.95249071056125,0.9806949906618799,0.9884575180847699,0.9159935698634618,-5735.724530413187,-6053.480724627391,-5517.135570103961,-6061.146318069728,-5756.0972758279,-5747.962421489543,-5558.680482731597,-6043.576177073446,-5464.994966554197,-5512.947877448509,-5920.169143352834,-5689.992720862741,-5460.886222546265,-5607.31484688818,-5436.102656643018,-5443.133790118337,-5680.613250770788,-5482.693992128909,-5488.806716163439,-6132.756612829197,-5475.041617569171,-5487.976460226275,-5491.464621856541,-5778.143920815978,-5566.840966683726,-5526.34470122783,-5510.790230342305,-5779.258592497364,-5474.031836252239,-6745.993317006225,0.9615679422506299,0.9623529123382335,-5656.683141213961,-5616.0991935256525,-6825.372331776303,-6016.492737697175,-5470.961536248338,-5660.146515920582,-5510.3710809865715,-5525.60474934198,-5600.750555947137,-5455.7919923956615,-5558.678899726548,-5453.754420477233,-5494.443618456895,-6353.003842504372,-5497.475399008606,-5612.991422504364,-5953.131536914505,-5492.638832822502,-5530.813637156225,-5468.734608376328,-5520.148346180817,-5937.710085488194,-5536.520030306427,-5694.232202825402,-6118.894554354861,-5743.290715679503,-5476.49869215719,-5467.760822229761,-5915.869364767133,-5486.04147829682,-5833.10551821252,-5395.798152117697,-5541.810740806635,-5940.61665417316,-5483.570303370821,-5439.927680039589,-5530.348004038766,-5524.182286333396,-5600.085181964863,-5592.728651851862,0.9067128200458768,-6840.589032991988,-5496.584992539903,-5453.583325049036,0.9823356614659047,0.9622073485464858,0.9871864176894851,0.9493274292472578,0.9138684640423038,0.9944094592318555,0.902759029490954,0.9188839777006947,0.9518055633688082,0.9793984644457021,-5429.526237595133,-5763.650247552214,-5452.43872615363,-5448.829919944558,-5495.42155969895,-5478.420756493291,-5654.734164403537,-5639.430921736174,-5479.547925481089,0.9730969089101947,-5501.397809357366,-5446.230651425824,-5625.572129628355,-5458.2891681903075,-5546.324653370403,-5437.8195924175825,-5434.921707977171,-5625.058024968798,-5662.53249487211,-5605.42646602342,-5920.097677794587,-6561.27064586883,-5584.236698726205,-5494.914641603032,-5431.524746010631,-5581.875535425398,-5407.838647635181,-5594.126028373592,0.04604709126446776,0.08130784736309425,0.039416110981765444,0.052313633981732374,0.17909096743428154,0.010151149796640856,0.010606880845239735,0.1521118179017312,-5461.967396775253,-5702.789016206221,-5430.751036401459,-5447.234086187054,-5903.657157496165,-5484.1866459712355,-5899.463649560894,-6350.814237659194,-5894.192319451179,-5429.173577430964,-5478.384592089868,-5937.443209008541,-5822.975765740102,-5625.693887283032,-5683.5872266796,-5573.443902636781,-5461.485768016031,-5477.133126976951,-5434.029280131555,-5618.403744670047,-5669.495340842121,-5935.9560359791,-5593.604585520303,-5452.067958601011,16,18,15,18,8,15,13,13,29,21,-5857.330813971474,-5478.9901743150385,-5412.466049154953,-5961.953590301794,-5531.008667038803,-5889.477149965214,0.0830394096640362,0.032146805920858626,0.008507301877886071,0.09333398549491734,0.16048324961545943,0.17667180275668598,0.10616263884762231,0.12282686297584791,17,0.15909907861693104,19,19,14,19,27,7,21,16,18,0.14134537490779603,34,28,17,16,20,12,11,16,19,9,0.9807271361417322,0.9832254539344898,0.7978376473458325,0.9739181553143345,0.9801041812468878,0.9314768740289339,0.9830441141816503,0.9766670862223397,0.9312972158813139,0.9668333385599194,0.8905666577793094,0.9459076137859949,0.980578787954298,0.8776163439768412,0.9816720474966844,0.9888067507769166,0.9855923045657919,0.9598546869608812,0.9091306864254205,0.9474694367409466,0.990085687670706,13,37,11,18,34,14,29,16,22,16,19,21,23,30,18,40,21,20,19,29,11,18,14,15,28,15,14,36,21,15,0.006625794437201901,0.28375456456388487,0.10042264903774903,0.09897857324308323,0.18737980624317552,0.014035380061139087,0.10875891802576981,0.04285132064799356,0.15640468366777435,0.02876155946153023,15,12,21,13,12,28,22,25,21,27,0.1484050960090761,0.01345535047405428,0.9465992012714668,0.18890838672302093,0.9770330342907222,0.10524089864166941,0.1322724733653466,0.1553542460984621,0.9650766345190751,0.01342586252205697,0.9451765036920137,0.13899600752150704,0.9914661042128712,0.13805924322000607,0.9473981197369499,12,0.04672598224839803,0.9800101379847126,0.10218392093141453,0.9909857748204125,9,0.9591427542576868,8,0.8729207670715128,0.9842900909760708,21,11,17,11,23,21,13,0.1558325025346857,0.03734229091419594,0.011338901052534198,0.971527614148542,0.08488223692252234,0.9692400914691357,0.14984268493645214,0.8439553773669555,0.008043129467465786,0.018375213571129104,0.9810282057403749,0.08795229214338995,0.9915572811513582,0.1607752054381574,0.9667427353803937,0.051551693838789575,0.9899525803508556,28,0.03573063033910149,0.9835623138409363,18,0.8658143664590572,18,0.9076761254324477,17,0.8979079299902333,23,27,15,22,28,30,0.00801413665829112,0.08087308858317235,0.08043854445383297,0.01592884384641185,0.9769963625451996,0.06552383042415583,0.9620379152837407,0.010149845389765585,0.985198353206012,0.005975527444268513,0.9211854045730083,0.05993973800129475,0.9671171418558481,0.1773399371893766,0.9457295803067972,0.09585158205214606,0.9501112943640888,0.9716767567608624,19,11,0.9714121066320188,20,0.9850055980981315,29,0.9629304084687214,15,10,20,24,18,12,0.1635709509563047,0.16119951027220344,0.0906479274581474,0.12468811806392426,0.022728521141135903,0.08139162887206125,0.05486819784936877,0.11776594731855328,0.16989072495168495,0.04784566890923924,10,24,23,0.9903841480598481,31,0.9668718668038968,21,20,27,21,18,30,0.1151982970080526,0.0992873270500029,0.001425825206240882,0.0013750471351157124,0.11782751116733381,0.03336238276457878,0.019053602679182866,0.036133662818993065,0.004788054671618608,0.15609803717615284,0.9227374009073462,0.9564555763307198,0.8891095358005369,-5472.238308317175,0.9848513072729433,-5688.338557663706,0.9762848401066216,-5627.815747359744,0.968252709212399,-5588.428253153681,0.9363678887198075,-5554.178093639454,0.9755438068652602,-5514.495265597241,0.8879850699207354,0.9383657476073447,-5588.457687475076,0.9350445586896082,-5442.971898294714,-5589.071831121291,-5618.227435983089,0.08292119665027836,0.02045970167541274,0.1057320146909003,0.06134941057670829,0.15918160403238266,0.20008502351964513,0.11126530544260754,0.10671665072498938,0.06782979200074306,0.0323736298013544,0.8049365717400437,0.9921443387775958,0.9888999978483916,0.9845830744092885,0.9720436989229423,0.9734607186780044,0.9815024283987096,0.9708010444244055,0.9867872008949021,0.9808049094613187,0.9818585724180364,0.02969216897904039,0.060222730039655364,0.08469972461227994,0.027589042022616757,0.19085668347986787,0.015374522032299139,0.14803876279288425,0.06794935849117538,0.05075969587133937,0.15404993034247677,0.9100419543476955,0.9651014293523211,0.9849944478996893,0.98322012541458,0.9849476241081051,0.9768510721727347,0.9732633262994911,0.9843968264442602,0.9030940224499543,0.9780472508882222,0.9651829061622698,0.07461724813764128,0.03767716592951668,0.014668253798047032,0.1460872639194533,0.10987157056174258,0.009172032075711812,0.005536391352675177,0.07397812043327728,0.0021669398912442955,0.9817110723348286,0.16434188590683807,0.9825140468709114,0.9680757567914778,0.9539832999008482,0.9837460289568496,0.9630870864640482,0.9885288018669647,0.9909369230788844,0.9775900827111779,0.9854024842233146,0.9494706187634158,20,0.10396392096972583,8,21,21,40,17,18,16,15,14,-5521.333977921363,-5482.982535749852,-5554.628168704263,-5468.668998925932,0.10606228568940028,0.10608105345615046,0.07605234806548511,0.09432486827735384,-5461.146325889821,0.16728096355453922,-5472.527030391277,0.20246567913238284,-5518.394726469413,0.04777253895900839,-5545.806390447369,0.098886766356005,-5746.582347997125,0.11087503588850449,-5981.688839453948,17,27,30,29,26,13,36,21,20,14,-5438.885231655915,-5502.383064151316,-5440.800007068432,-5568.374647060504,-5772.64195231391,-5520.169906347395,-5549.2479316472,-5502.815137006006,-5483.859281815766,-5520.213696808853,-5382.207437050955,-5484.936453783914,-5507.087210103366,-5476.27762690406,-5990.45001450759,-5523.099876358797,-5555.856005009612,-6593.476365208775,-5504.226291858716,-5623.222974835836,-5540.607089229189,-5466.198395053615,-5633.807000927078,13,0.9886447047503154,12,0.9554728226526407,17,0.8642986750763676,33,0.9630752777425444,13,0.9830833154903403,0.9018114764337588,9,0.9747247657959945,31,0.933560588112432,0.843842882587691,0.9849368930923585,0.8982200383759915,9,12,23,-5479.000957885906,-5766.367005296439,-5987.303112583482,-5629.655892063083,-5992.081235219541,-5952.47666626405,-6378.210385025846,-5464.520087325291,0.9771719192279958,-5628.9575293199105,21,0.968161227001507,24,0.9108772260615275,20,0.9473948768177648,21,0.9708326663050837,18,0.986167700999458,36,0.9697881213477915,34,0.965066979611859,23,0.9563535321418336,-5580.081326520187,0.9718214979842159,0.9805172409321251,31,25,-5466.665430625832,-5473.8466933158,-5504.313026966949,-5595.012345043477,-5429.307955676336,-5474.977442232841,-5456.7349258854565,-5466.7994269075225,50,0.9834935592272647,0.9652413773029315,22,0.8964216042245794,15,0.9242226447438378,20,0.9615583106801542,27,0.9728213158720225,10,0.9866656105736596,19,0.9667777427174791,31,0.9708083508431792,21,0.944721306456813,-5492.45129325535,-5516.084965448808,0.6818572607438157,19,-5720.157136429171,-5537.7086089174145,-5921.793521187233,-5450.12349409562,-5772.331652030881,-5455.098464672739,-6125.740708048528,-5570.305183905075,26,14,15,13,30,30,8,17,37,12,-5448.035462436526,-5465.599694952549,-5544.877619155717,-5488.0788321384125,-5544.3777034623035,-5930.650634119894,-5445.513098080195,-5532.777974954171,-5511.926293266471,-5459.4921151314475,0.1352072940938589,0.03126935778047669,0.05771775663392596,0.08515471792396351,0.21880810263059985,0.04925389498646647,0.011828829176547116,0.14384848800767125,25,0.01047476929358811,12,21,26,10,10,22,13,16,18,0.002999909935003863,0.07983382301048347,0.015807260338316947,0.007804842043278107,-5576.022292050793,0.030475907323468093,0.13789869377612704,-5532.575560627415,0.12935507586098974,-5472.53958763063,0.11312507037752072,-5823.496608376995,0.01869156875680078,-5597.380187212853,25,40,12,18,31,27,24,13,12,18,-5697.137769906958,-6004.102770042742,-5567.161095291987,-5544.047321365055,-5454.945808764605,0.1949245175536831,0.15012761941316877,0.15584577774145414,0.04520107795026437,0.15583614114158692,0.1612918431776894,0.056808481732013257,-5543.908465230401,0.1539376537417468,-5507.943209525618,0.06481375268493828,-5908.8176573726305,-5681.060314712095,27,28,25,13,11,15,13,36,16,26,-5627.8429013557925,-5559.205726219996,-5549.879729987697,-5577.029937565192,-7893.4518218368485,0.03711211234437813,-5457.699974959851,0.07136308626326386,0.15776941266319455,0.0022230952319446983,0.05874196515221753,0.16762185851224273,0.20779097193239252,0.025086224919591303,-5588.563595638017,0.12037020458651711,-5633.030379774225,-6227.254064198807,22,34,26,28,16,20,13,32,36,26,-5765.247061182447,-5444.0259591642125,-5968.217945434737,-5521.771505062412,0.06457692873689849,-5489.151248308883,0.13516731908367677,-5474.823295486842,0.12425561867646245,0.04167361514576111,-5538.267519513519,0.16570743824767123,0.028411640659826876,0.19132679160749877,0.03156281224189318,0.0684047924323856,0.13258196985437123,0.05192234678856937,0.016984674495274923,0.005065527836065685,0.0814036240825273,0.019295541419187746,0.08433462244721376,0.012634761445292315,0.10139592151832226,0.09492238128288888,0.008472863646360747,0.01552435279832239,0.06288826254614349,0.07063443508916792,0.020069115245576804,0.018221761496851036,0.2027718722768008,0.09871384416095702,0.13534135157454782,0.0929824053463617,0.07911140649226789,0.12550623418721926,0.17506792315307354,0.12532618523424582,0.10721197103701197,0.01022765883564821,0.189866260899641,0.013471288558102222,0.010896596627312967,0.061722631717639594,0.1355623370423418,0.0924864059154682,0.06423335064953238,0.07637379158787581,0.16548761203149462,0.9243053128810119,0.982444249135451,0.9064857123828723,0.9656879177530877,0.024630053382839173,0.14580758455891477,0.16670416198093435,0.031167597052025778,0.1349742766816193,0.0012770605068863194,0.014734951785903446,0.023402083966240387,0.01043927141776044,0.08134453776491829,0.008210514748507664,0.005119136741412098,0.11437040671928504,0.1596155187595874,0.17169669998985576,0.1045451557837532,0.02111935643131129,0.11854430604444183,/mnt/beegfs/rcabanas/dev/credici/papers/journalEM/models/synthetic/s12/random_mc2_n6_mid3_d1000_05_mr098_r10_90.uai,0.028683982065791227,0.007494709213661063,0.02221184864823108,0.1980647568390114,0.1176704226165653,0.07355301234172615,0.04188369676535781,0.12187170140565787,0.1468826790918339,0.137775785978878,0.16384021469864815,0.1567449773180757,0.9880624463521787,0.8474830526667629,0.9116734413035656,0.9814048617409484,0.9910613469435217,0.9583533430562747,0.960979672864716,0.9865125804929387,0.9767413769323374,0.788558803157664,0.9514776243761639,0.8202995620123906,0.9504947551161937,0.9642292098583625,0.9638215081890542,0.9794888161321472,0.9091416611652917,0.9437851236922434,0.913137397856761,0.9913493021156579,0.912321484928814,0.9853972105781172,0.9882444908281458,0.9543883969402309,0.9822356716732998,0.9897730782675888,0.9567395658664364,0.9860612494510661,0.9783345294347412,0.9601780470539613,0.9952603595901601,0.9621176587284987,0.9909201722783462,0.933819230154839,0.9791911603942842,/mnt/beegfs/rcabanas/dev/credici/papers/journalEM/models/synthetic/s12/random_mc2_n6_mid3_d1000_05_mr098_r10_90_info.csv,0.9869121119557774,0.7868046758974563,0.9824377637792244,0.9871192887018065,0.9877730661678865,0.9912849117080357,0.9903008223929256,0.9568270075011023,0.9704097349909517,0.9742993909462978,0.9461826827799641,0.962987701657641,0.9579903089325836,0.9888361611305035,0.9760108909020965,0.956358146511102,0.9630986018320356,0.9835477064057344,0.9630935292063907,0.9690376049004558,0.9854841092090084,0.9567188590224434,0.9469736668746943,0.9904634589898005,0.9579602466549042,0.9826687269187507,0.9843531222450368,0.9371295488067894,0.9974812410168813,0.9610938516407599,0.9623580495486405,0.9732131564090318,0.9893895201584345,0.9712001525818168,0.9060014726366944,0.9227001672173185,0.9815151697321075,0.9798946555321209,0.9790325642969797,0.9588839590012344,0.9064449694512889,0.90979146177661,0.9810730484527613,0.9827825659410334,0.8796045411863485,0.9721282335454803,0.9452033646222535,0.9750113764197482,0.9740485758942311,0.9837772394104152,0.950895426807795,0.8945755727964209,0.9868811505047533,0.9731312226637094,0.9841778441409756,0.9040968444383713,0.9795727849442449,0.8471909620204596,0.9682529849521847
