trueState,ll_89,ll_90,ll_91,ll_96,ll_97,ll_98,ll_99,datasize,ll_92,ll_93,ll_94,ll_95,ll_78,ll_79,ll_80,ll_85,ll_86,ll_87,ll_88,ll_81,ll_82,ll_83,ll_84,exactPath,stop_criteria,pns_199,pns_198,pns_197,pns_196,pns_195,pns_194,pns_193,pns_192,ll_1,ll_2,ll_0,ll_5,ll_6,ll_3,ll_4,ll_9,ll_7,ll_8,iter_9,iter_8,iter_7,iter_6,iter_5,iter_4,iter_3,iter_2,iter_1,iter_0,cause,time_pns,pns_108,ratio_62,pns_107,ratio_63,pns_106,ratio_64,pns_105,ratio_65,pns_104,ratio_66,pns_103,ratio_67,pns_102,ratio_68,pns_101,ratio_69,iter_119,pns_100,iter_117,iter_118,iter_111,iter_112,iter_110,iter_115,iter_116,iter_113,iter_114,ratio_60,pns_109,ratio_61,ratio_51,ratio_52,ratio_53,ratio_54,ratio_55,ratio_56,ratio_57,ratio_58,iter_108,ratio_59,iter_109,iter_106,iter_107,iter_100,iter_101,iter_104,iter_105,iter_102,iter_103,ratio_50,ratio_40,ratio_41,ratio_42,ratio_43,ratio_44,ratio_45,ratio_46,ratio_47,ratio_48,ratio_49,ratio_30,ratio_31,ratio_32,ratio_33,ratio_34,ratio_35,ratio_36,ratio_37,ratio_38,ratio_39,iter_155,iter_156,iter_153,iter_154,iter_159,iter_157,iter_158,iter_151,iter_152,iter_150,ratio_95,ratio_96,ratio_97,ratio_98,ratio_99,iter_144,iter_145,iter_142,iter_143,iter_148,iter_149,pns_u,iter_146,iter_147,ratio_90,iter_140,ratio_91,pns_l,iter_141,ratio_92,ratio_93,ratio_94,ratio_84,ratio_85,ratio_86,ratio_87,ratio_88,ratio_89,iter_139,iter_133,iter_134,iter_131,iter_132,iter_137,iter_138,iter_135,iter_136,ratio_80,iter_130,ratio_81,ratio_82,ratio_83,ratio_73,ratio_74,ratio_75,ratio_76,ratio_77,ratio_78,ratio_79,iter_128,iter_129,iter_122,pns_8,iter_123,pns_9,iter_120,pns_6,iter_121,pns_7,iter_126,pns_4,iter_127,pns_5,iter_124,pns_2,iter_125,pns_3,pns_0,pns_1,ratio_70,ratio_71,ratio_72,pns_189,pns_188,pns_187,pns_186,pns_185,pns_184,pns_183,pns_182,pns_181,iter_199,pns_191,pns_190,iter_197,iter_198,iter_191,iter_192,ll_10,iter_190,ll_11,iter_195,iter_196,iter_193,iter_194,pns_179,pns_178,pns_177,pns_176,pns_175,pns_174,pns_173,ratio_102,pns_172,ratio_101,pns_171,ratio_100,pns_170,iter_188,pns_180,iter_189,iter_186,iter_187,iter_180,iter_181,iter_184,iter_185,iter_182,iter_183,ll_27,ll_28,ll_29,ll_23,pns_169,ll_24,pns_168,ll_25,pns_167,ll_26,pns_166,pns_165,pns_164,pns_163,pns_162,ratio_113,pns_161,ratio_112,pns_160,ratio_111,ratio_110,iter_177,ratio_106,iter_178,ratio_105,iter_175,ratio_104,iter_176,ratio_103,ratio_109,iter_179,ratio_108,ratio_107,ll_30,iter_170,ll_31,ll_32,ll_33,iter_173,iter_174,iter_171,iter_172,ll_16,ll_17,ll_18,ll_19,pns_159,ll_12,pns_158,ll_13,pns_157,ll_14,pns_156,ll_15,pns_155,ratio_120,pns_154,pns_153,pns_152,pns_151,ratio_124,pns_150,ratio_123,ratio_122,ratio_121,iter_166,ratio_117,iter_167,ratio_116,iter_164,ratio_115,iter_165,ratio_114,iter_168,ratio_119,iter_169,ratio_118,ll_20,ll_21,ll_22,iter_162,iter_163,iter_160,iter_161,ll_49,ratio_20,pns_149,ratio_21,pns_148,ratio_22,ll_45,pns_147,ratio_23,ll_46,pns_146,ratio_24,ll_47,pns_145,ratio_25,ll_48,pns_144,ratio_26,pns_143,ratio_27,pns_142,ratio_28,pns_141,ratio_29,pns_140,falseState,ll_52,ll_53,ll_54,ll_55,ll_50,ll_51,ll_38,ll_39,pns_139,pns_138,ratio_10,pns_137,ratio_11,ll_34,pns_136,ratio_12,ll_35,pns_135,ratio_13,ll_36,pns_134,ratio_14,ll_37,pns_133,ratio_15,pns_132,ratio_16,pns_131,ratio_17,pns_130,ratio_18,ratio_19,effect,ll_41,ll_42,ll_43,ll_44,ll_40,pns_129,pns_128,pns_127,pns_126,ll_67,pns_125,ll_68,pns_124,ll_69,pns_123,pns_122,pns_121,pns_120,ll_74,ll_75,ll_76,ll_77,ll_70,ll_71,ll_72,ll_73,pns_119,pns_118,pns_117,pns_116,pns_115,ll_56,pns_114,ll_57,pns_113,ll_58,pns_112,ll_59,pns_111,pns_110,ll_63,ll_64,ll_65,ll_66,ll_60,ll_61,ll_62,pns_91,pns_92,pns_90,pns_95,ratio_171,pns_96,ratio_170,pns_93,pns_94,pns_99,ratio_175,ratio_174,pns_97,ratio_173,pns_98,ratio_172,ratio_179,ratio_178,ratio_177,ratio_176,ratio_169,pns_80,pns_81,pns_84,ratio_182,pns_85,ratio_181,pns_82,ratio_180,pns_83,pns_88,ratio_186,pns_89,ratio_185,pns_86,ratio_184,pns_87,ratio_183,ratio_189,ratio_188,ratio_187,pns_70,pns_73,ratio_193,pns_74,ratio_192,pns_71,ratio_191,pns_72,ratio_190,pns_77,ratio_197,pns_78,ratio_196,pns_75,ratio_195,pns_76,ratio_194,pns_79,ratio_199,ll_max,ratio_198,pns_62,pns_63,pns_60,pns_61,pns_66,pns_67,pns_64,pns_65,pns_68,pns_69,ratio_131,ratio_130,ratio_135,ratio_134,ratio_133,ratio_132,ratio_128,ll_129,ratio_127,ll_128,ratio_126,ratio_125,ratio_129,ll_121,ll_120,ll_123,ll_122,ll_125,ll_124,ll_127,ll_126,ratio_142,ratio_141,ratio_140,ratio_146,ratio_145,ratio_144,ratio_143,ratio_139,ll_118,ratio_138,ll_117,ratio_137,ratio_136,ll_119,ll_110,ll_112,ll_111,ll_114,ll_113,ll_116,ll_115,ratio_153,ratio_152,ratio_151,ratio_150,ratio_157,ratio_156,ratio_155,ratio_154,ll_107,ratio_149,ll_106,ratio_148,ll_109,ratio_147,ll_108,ll_101,ll_100,ll_103,ll_102,ll_105,ll_104,ratio_160,ratio_164,ratio_163,ratio_162,ratio_161,ratio_168,ratio_167,ratio_166,ratio_165,ratio_159,ratio_158,ll_161,ll_160,ll_163,ll_162,pns_11,pns_12,pns_10,pns_15,pns_16,pns_13,pns_14,pns_19,pns_17,pns_18,ll_165,time_learn,ll_164,ll_167,ll_166,ll_169,ll_168,ll_150,ll_152,ll_151,ll_154,ll_153,ll_156,ll_155,ll_158,ll_157,ll_159,ll_141,ll_140,ll_143,ll_142,ll_145,ll_144,ll_147,ll_146,ll_149,ll_148,ll_130,ll_139,ll_132,ll_131,ll_134,ll_133,ll_136,ll_135,ll_138,ll_137,pns_51,pns_52,pns_50,pns_55,pns_56,pns_53,pns_54,pns_59,pns_57,pns_58,ll_190,ll_192,ll_191,pns_40,ll_194,pns_41,ll_193,ll_196,ll_195,pns_44,pns_45,pns_42,pns_43,pns_48,pns_49,pns_46,pns_47,ll_198,ll_197,ll_199,ll_181,ll_180,ll_183,pns_30,ll_182,ll_185,iter_max,ll_184,pns_33,pns_34,pns_31,pns_32,pns_37,pns_38,pns_35,pns_36,pns_39,ll_187,ll_186,ll_189,ll_188,ll_170,ll_172,ll_171,ll_174,ll_173,pns_22,pns_23,pns_20,pns_21,pns_26,pns_27,pns_24,pns_25,pns_28,pns_29,ll_176,ll_175,ll_178,ll_177,ll_179,ratio_0,ratio_1,ratio_2,ratio_3,iter_10,iter_11,iter_16,iter_17,iter_18,iter_19,iter_12,iter_13,iter_14,iter_15,iter_30,iter_31,iter_32,iter_33,modelPath,iter_38,iter_39,iter_34,iter_35,iter_36,iter_37,iter_20,iter_21,iter_22,iter_27,iter_28,iter_29,iter_23,iter_24,iter_25,iter_26,iter_52,iter_53,iter_54,iter_55,iter_50,iter_51,iter_56,iter_57,iter_58,iter_59,iter_41,iter_42,iter_43,iter_44,method,modelID,iter_40,iter_49,iter_45,iter_46,iter_47,iter_48,exact,iter_74,iter_75,iter_76,iter_77,iter_70,iter_71,iter_72,iter_73,iter_78,iter_79,iter_80,iter_63,iter_64,iter_65,iter_66,iter_60,iter_61,iter_62,infoPath,iter_67,iter_68,iter_69,iter_96,iter_97,iter_98,iter_99,iter_92,iter_93,iter_94,iter_95,threshold,iter_85,ratio_4,iter_86,ratio_5,iter_87,ratio_6,iter_88,ratio_7,iter_81,ratio_8,iter_82,ratio_9,iter_83,iter_84,iter_89,iter_90,iter_91
0,-6961.939652236019,-6210.785126654473,-5978.3744247757095,-7429.919546476334,-5916.782576743892,-7307.7512133811,-5720.384154329012,1000,-6643.264571150163,-6688.338147957444,-7214.523725431192,-6233.644930058005,-7081.081806024059,-6558.178441521065,-5933.987806344646,-5875.200373699141,-6678.912045718331,-5769.2211681092485,-6568.384066598248,-5275.4427297546235,-6183.134991459555,-6119.263225471737,-5670.027067846256,/mnt/beegfs/rcabanas/dev/credici/papers/journalEM/output/synthetic/s1d/random_mc2_n6_mid3_d1000_05_mr098_r10_24_uai_ccve.csv,KL,0.03236991103000244,0.06630295276157269,0.10793903871972513,0.10704180552947151,0.36524232783812205,0.10182216764394184,0.060220281395624076,0.34160750608785273,-6708.54554731047,-6065.779976565662,-6285.440665787377,-6433.262675955092,-5975.513307839232,-6811.023606327053,-5568.344379094061,-7595.409325381187,-5606.698958144509,-5354.270288586144,9,15,6,13,16,14,8,13,7,12,0,785,0.07708894710543457,0.8599017707645001,0.1332599711672195,0.8333345716964776,0.05742864569815661,0.7847186939306205,0.09534324080155002,0.8297388218008034,0.013957501929113394,0.6678337539002859,0.033200188706460285,0.9416142331254603,0.057301714730922285,0.7667547269477537,0.0348786614028736,0.7801140076390599,11,0.038794769228217105,9,13,10,7,7,11,10,21,12,0.97112415114263,0.07630161568694795,0.7576525217200899,0.9435273079423523,0.6739270510542408,0.7691004461436173,0.7556313047375386,0.6887899997295921,0.6479247359594114,0.7564141761987333,0.6846577090557238,7,0.7166130043602233,17,11,8,16,7,8,10,9,9,0.8292709212782755,0.8116239158125952,0.8130433936229021,0.7387177972102367,0.8867443299543998,0.7601339840957793,0.8414232145630207,0.9112181337625108,0.7602617081702238,0.7506112215766679,0.6449056725567449,0.9124065136917897,0.8537615557287046,0.8693664277116004,0.7858263346391632,0.9179926500137645,0.9233292058962209,0.8152232039697079,0.7493851697843411,0.6720642050070043,0.7122854645608061,13,11,9,8,14,8,8,7,11,13,0.8018726429152399,0.6727649342355796,0.8448154499893097,0.6840119742866952,0.8738205687249202,6,8,23,11,6,13,0.36524232783812205,13,13,0.8048240654162446,7,0.8361117889079572,0.0031618617869283196,6,0.7524296648922086,0.7473589439534124,0.6928509109258002,0.8815812120910206,0.8507946992646295,0.7484137088263136,0.8664235933078278,0.7610074691703523,0.7179880298812076,11,12,14,7,14,6,11,8,11,0.8423659599900567,14,0.9475203487410992,0.8084231287146555,0.8168613035396031,0.845414977639899,0.8327188590865793,0.8021755432998747,0.8308979466758323,0.7882594027307086,0.7059075819189616,0.7621917243687342,4,12,7,0.0525492256503152,9,0.0404857351424395,14,0.04865041886977779,15,0.045881730503477866,16,0.06812806056586981,12,0.10901302378798705,8,0.032176904382934184,11,0.08538098556939434,0.004058694029166056,0.08238084640306459,0.7014271451461714,0.789523927408992,0.7230313586452294,0.05969906710959692,0.05627764248580466,0.07125938615827368,0.09145302479328912,0.16734725848919713,0.10447207481000681,0.12488922257132437,0.07665950003827986,0.2953578460696431,8,0.058083211731379154,0.150471858043416,12,7,16,4,-5638.299161086078,4,-5884.504733554439,7,11,8,4,0.04441745884842805,0.04972868247113041,0.006948765642320951,0.10417408269424368,0.15300090206973563,0.016975670934827308,0.07686652987632644,0.7127846569408672,0.025844104499444968,0.7090375454123624,0.09776782404654819,0.7810270561618132,0.04519647555241489,9,0.1613700698803432,27,11,13,12,7,4,7,7,10,-7953.284771563662,-6537.291187328261,-7029.944384450506,-6125.155346707635,0.06392546153875042,-7578.9082780272065,0.05512106927511862,-9166.789974634845,0.06490021394099474,-5541.100778761528,0.08839214706473861,0.04449391037602457,0.09481254705143928,0.03449144025623256,0.04401436235357968,0.893454435026208,0.05060120097657628,0.6698333254139465,0.04508638107573694,0.9589945904579499,0.6902656411884215,15,0.7039125657125251,5,0.5372635434712977,7,0.7135805433706875,11,0.6397744458720743,0.8104387623726551,10,0.7444934970307435,0.7197554934106536,-5478.467393700917,12,-5854.783811147821,-5749.692161702622,-6360.933853605273,6,12,8,9,-5860.762778711397,-7307.543647832568,-5939.11465194289,-6436.628702003984,0.0634485239350041,-5372.636863815073,0.03762823211772348,-6790.981567231442,0.056267220374145666,-7117.066426459559,0.039461371934892596,-5887.543675255699,0.015074277617643485,0.7626465110762248,0.08094442767258868,0.07133049990647533,0.06938124142585976,0.27357159683460675,0.7959813812638803,0.019528613906959043,0.9310103440185362,0.7561176157005083,0.9182631444144741,12,0.9487194720507681,13,0.6723848657946528,10,0.7886492920029656,11,0.8247664647191725,7,0.8229934274473508,9,0.9160744651812663,-5369.301227463746,-5438.458879519612,-6279.101054466308,7,7,9,11,-7750.884428173447,0.9309571438259467,0.05474815918157391,0.9191187146573282,0.052882750510861665,0.7960676682381652,-5940.63635106233,0.022517226553299186,0.816075520067849,-5485.612225934446,0.327637078318217,0.6595394945671428,-6574.827169832426,0.05112317306133787,0.5452933195690365,-6659.358655152,0.0562278718468274,0.9020932003655086,0.00952401612288876,0.6284936952003602,0.022178253687473178,0.7646269979146642,0.31095766007953396,0.711042514947508,0.09309964311487295,1,-7417.10742615448,-6499.26724152152,-6615.116795349038,-7257.058518595167,-6027.691562313253,-5297.768589190851,-7437.66636851118,-7017.677018220384,0.047883530190113086,0.05440264692121417,0.886542056788974,0.04514733248628312,0.8494494543539067,-5445.130018182443,0.06690229994381988,0.9303791530610417,-5413.658858769624,0.029112808545360115,0.7360628630153434,-6131.559198413757,0.08798049780095743,0.7023384405233641,-6670.253878255022,0.0702911740466596,0.8490109986052388,0.05135509098158529,0.8528905747930366,0.11440224573924083,0.684031403157392,0.07536062883532768,0.8416388010670222,0.7765850053622846,5,-6147.99821788995,-6766.574940982797,-5637.013021913372,-6575.9319273258025,-6158.750669706706,0.036713508076264,0.017180918566873295,0.08520271159230713,0.07560312498929887,-5308.532049764363,0.06659355036684585,-6519.150335021541,0.11437173860446989,-6407.511320285799,0.0488576879152016,0.10179456271625448,0.033318053003180324,0.2666658125551925,-6002.733432198017,-6231.291114284435,-6015.888419340329,-6341.299980367576,-7126.312931643291,-6331.143568333441,-6913.3783414689515,-5912.586679047372,0.05583170175779283,0.04602453500924744,0.05596378348629507,0.060705300116645586,0.07845359854871424,-7714.768487205792,0.023852611656502182,-6608.270299983795,0.042265727234972315,-7300.858909417415,0.06965461953011395,-6975.2981102030535,0.06782815206756783,0.05825818400917687,-5998.298288387123,-6369.912395005005,-6024.29246857732,-7484.780914214075,-5147.219672355415,-6597.469409476205,-5812.977138792001,0.048419356253966706,0.08059901065972139,0.05570328221607439,0.018884249735242865,0.6098219596209576,0.06066679555591175,0.8786241669561452,0.08843242882482981,0.26419565588573,0.04748806293476257,0.7733084664328687,0.7646011170837841,0.04312154504775577,0.8290823837581333,0.029758886381071086,0.8004589896142095,0.9066477173796463,0.7581278660659487,0.7658381419676752,0.7021720284153607,0.7119347337066674,0.06849142095606983,0.04317177783686914,0.047987700336639585,0.7758356323523193,0.017405764481579208,0.6978962460590499,0.12712719139840412,0.7411473375423048,0.09293665566178388,0.11615311542978901,0.8085295576746693,0.0700305378887428,0.7109629238171549,0.08767716184782101,0.5988067457794596,0.025281925569247885,0.8017543327595622,0.9153606919351176,0.8166556223260989,0.7542843432427252,0.0824811329488063,0.025860741132765118,0.7500433973663482,0.06104439794986327,0.7751306306117152,0.03286726430466061,0.8793849707892969,0.06192999965460791,0.7641826558029094,0.05767619936106927,0.772943762448835,0.050927225108563345,0.6026843005335749,0.09393963153696644,0.5991342753365391,0.071406410680946,0.6242199249438302,0.032570661007236025,0.7180907081554528,-4998.5893350607985,0.6869357548878801,0.0291438720825287,0.01182397742918896,0.047015865020509084,0.06472192854575584,0.3192295789178148,0.019232605727044508,0.04546871575060596,0.0842135942596646,0.16608737012773153,0.06696400882280854,0.7061605399167135,0.7217902141666936,0.6527087753364449,0.7740591158819948,0.7775956358004673,0.906770716762479,0.8078756527632313,-6084.118085129564,0.7243783654947492,-6187.325138421721,0.7339012813951139,0.7502228672201039,0.8215799340381066,-5443.526036589571,-6554.26762263284,-5368.994412548952,-6610.862161212624,-6662.805885380043,-6279.781729471996,-6900.522673184434,-6810.9832504430315,0.9203088667204913,0.843502904919905,0.7258330510242431,0.6686594413948873,0.7430487513199803,0.8112305523613336,0.7811164396331023,0.7729263328888937,-5456.531674061795,0.9638224480550277,-5268.774893231361,0.8401576862634585,0.6768306862206028,-6073.668596072201,-7241.544467510786,-7462.4375130511,-5212.32276469236,-6060.611759672825,-5594.677399429074,-7434.119340495943,-6338.164993929902,0.7358257004979626,0.7635158848327263,0.8261223379846315,0.8459393007643745,0.6728467788264995,0.8658376338627994,0.6853045468935416,0.872496805725462,-6944.843604283369,0.8252555889318874,-7101.150879443457,0.7875707151376581,-6167.756981942521,0.9632265502208577,-6714.08058632698,-7049.823196814938,-6400.020710710425,-7813.0493759362935,-7012.762250682792,-9303.794005386184,-7004.940621628126,0.9301605002214465,0.6667907362088031,0.7591008673705977,0.6086554836930368,0.8195059801226575,0.8261687941219812,0.7630794205297933,0.8860199880834523,0.865861576624589,0.9463656590680347,0.9458210071562873,-6099.515386468134,-5373.899809625079,-6584.881601275337,-8212.510145693086,0.03889634533481816,0.05410319139632484,0.05191300718851563,0.05499953503508409,0.04187077459945322,0.033265141564234435,0.04948991279254482,0.038117238059019,0.07598761816751073,0.05972784443215777,-5772.965875846959,33515,-7496.488873677916,-6550.549262081216,-5641.621410678597,-7021.134239420782,-6050.324547023224,-5908.921988308345,-6546.80463675737,-6050.664780781884,-5729.063192276768,-6793.170354987676,-5773.125514030122,-7293.96785373628,-5284.921033938119,-7429.015776487409,-5281.879458710841,-5925.98947307175,-6886.692922025459,-6399.288353742347,-5431.425813458917,-6727.13509871474,-6161.737030873506,-5189.422295216712,-7475.538406566524,-6057.01967014895,-6346.845100997824,-6925.266146523843,-6467.09669779013,-5512.517379153674,-7078.545249286157,-6457.632540591167,-6428.263103502612,-7385.287689854509,-7658.222968557806,-5186.213856242756,-5949.584722948461,0.03928782861635128,0.12511388494124623,0.04997627809078629,0.012621952959854747,0.07315566488385461,0.012345446444716265,0.04950886250053273,0.08179942345666827,0.11410618107460302,0.0543798643446331,-6541.092364637474,-6448.70572475768,-5684.187814324694,0.0419062927933487,-8007.737554213111,0.052103585182665044,-6664.400156860935,-8293.87679525648,-8343.020155628798,0.08323537470237927,0.028466559540614233,0.11023233935983218,0.05751602270863562,0.053966914679193116,0.060099809892449896,0.056790094195265525,0.04704320915207316,-7276.647487764929,-6466.950867452896,-6960.944179183975,-7162.367419637707,-6744.393566381095,-6234.564792255165,0.011991677560500198,-6442.84578668444,-7030.731375165681,500,-8347.58354058653,0.05262726772833101,0.015830855806054582,0.09917065352377069,0.039001845547389356,0.04647238453435279,0.0641064156573533,0.09245230238347638,0.04565474818150049,0.1833166408862517,-6626.929724633401,-6182.321088466746,-5460.786528306711,-6120.804410582763,-5689.109773041667,-6244.6538797320845,-8196.801142037804,-6537.5124667952305,-6029.062289808619,0.2343723441750053,0.06196793279472582,0.061976356389683275,0.03009205227722365,0.036252300056755477,0.0031618617869283196,0.21013016084953756,0.3101972424364562,0.07660237524689661,0.0910546273090152,-7118.753144213752,-6463.900955485955,-6593.332812048326,-6526.952708594372,-5513.265228866955,0.7952647397133014,0.7451077584268303,0.824063740256354,0.7338969329686941,13,9,8,7,19,9,5,8,18,8,12,16,7,9,/mnt/beegfs/rcabanas/dev/credici/papers/journalEM/models/synthetic/s1/random_mc2_n6_mid3_d1000_05_mr098_r10_24.uai,8,9,18,14,10,6,7,15,7,5,9,6,13,6,8,9,12,9,22,6,6,17,10,9,6,7,14,8,13,10,EMCC,random_mc2_n6_mid3_d1000_05_mr098_r10_24_uai,9,8,14,17,17,14,false,5,16,11,14,8,13,6,10,13,11,11,13,17,13,6,8,12,9,/mnt/beegfs/rcabanas/dev/credici/papers/journalEM/models/synthetic/s1/random_mc2_n6_mid3_d1000_05_mr098_r10_24_info.csv,18,16,12,7,7,9,15,10,7,6,12,0.01,21,0.8976796323567261,15,0.776991331901227,10,0.8365121249923727,5,0.8915387418473136,19,0.9335706017151281,6,0.6581066432268858,9,16,10,19,13
