trueState,ll_89,ll_90,ll_91,ll_96,ll_97,ll_98,ll_99,datasize,ll_92,ll_93,ll_94,ll_95,ll_78,ll_79,ll_80,ll_85,ll_86,ll_87,ll_88,ll_81,ll_82,ll_83,ll_84,exactPath,stop_criteria,pns_199,pns_198,pns_197,pns_196,pns_195,pns_194,pns_193,pns_192,ll_1,ll_2,ll_0,ll_5,ll_6,ll_3,ll_4,ll_9,ll_7,ll_8,iter_9,iter_8,iter_7,iter_6,iter_5,iter_4,iter_3,iter_2,iter_1,iter_0,cause,time_pns,pns_108,ratio_62,pns_107,ratio_63,pns_106,ratio_64,pns_105,ratio_65,pns_104,ratio_66,pns_103,ratio_67,pns_102,ratio_68,pns_101,ratio_69,iter_119,pns_100,iter_117,iter_118,iter_111,iter_112,iter_110,iter_115,iter_116,iter_113,iter_114,ratio_60,pns_109,ratio_61,ratio_51,ratio_52,ratio_53,ratio_54,ratio_55,ratio_56,ratio_57,ratio_58,iter_108,ratio_59,iter_109,iter_106,iter_107,iter_100,iter_101,iter_104,iter_105,iter_102,iter_103,ratio_50,ratio_40,ratio_41,ratio_42,ratio_43,ratio_44,ratio_45,ratio_46,ratio_47,ratio_48,ratio_49,ratio_30,ratio_31,ratio_32,ratio_33,ratio_34,ratio_35,ratio_36,ratio_37,ratio_38,ratio_39,iter_155,iter_156,iter_153,iter_154,iter_159,iter_157,iter_158,iter_151,iter_152,iter_150,ratio_95,ratio_96,ratio_97,ratio_98,ratio_99,iter_144,iter_145,iter_142,iter_143,iter_148,iter_149,pns_u,iter_146,iter_147,ratio_90,iter_140,ratio_91,pns_l,iter_141,ratio_92,ratio_93,ratio_94,ratio_84,ratio_85,ratio_86,ratio_87,ratio_88,ratio_89,iter_139,iter_133,iter_134,iter_131,iter_132,iter_137,iter_138,iter_135,iter_136,ratio_80,iter_130,ratio_81,ratio_82,ratio_83,ratio_73,ratio_74,ratio_75,ratio_76,ratio_77,ratio_78,ratio_79,iter_128,iter_129,iter_122,pns_8,iter_123,pns_9,iter_120,pns_6,iter_121,pns_7,iter_126,pns_4,iter_127,pns_5,iter_124,pns_2,iter_125,pns_3,pns_0,pns_1,ratio_70,ratio_71,ratio_72,pns_189,pns_188,pns_187,pns_186,pns_185,pns_184,pns_183,pns_182,pns_181,iter_199,pns_191,pns_190,iter_197,iter_198,iter_191,iter_192,ll_10,iter_190,ll_11,iter_195,iter_196,iter_193,iter_194,pns_179,pns_178,pns_177,pns_176,pns_175,pns_174,pns_173,ratio_102,pns_172,ratio_101,pns_171,ratio_100,pns_170,iter_188,pns_180,iter_189,iter_186,iter_187,iter_180,iter_181,iter_184,iter_185,iter_182,iter_183,ll_27,ll_28,ll_29,ll_23,pns_169,ll_24,pns_168,ll_25,pns_167,ll_26,pns_166,pns_165,pns_164,pns_163,pns_162,ratio_113,pns_161,ratio_112,pns_160,ratio_111,ratio_110,iter_177,ratio_106,iter_178,ratio_105,iter_175,ratio_104,iter_176,ratio_103,ratio_109,iter_179,ratio_108,ratio_107,ll_30,iter_170,ll_31,ll_32,ll_33,iter_173,iter_174,iter_171,iter_172,ll_16,ll_17,ll_18,ll_19,pns_159,ll_12,pns_158,ll_13,pns_157,ll_14,pns_156,ll_15,pns_155,ratio_120,pns_154,pns_153,pns_152,pns_151,ratio_124,pns_150,ratio_123,ratio_122,ratio_121,iter_166,ratio_117,iter_167,ratio_116,iter_164,ratio_115,iter_165,ratio_114,iter_168,ratio_119,iter_169,ratio_118,ll_20,ll_21,ll_22,iter_162,iter_163,iter_160,iter_161,ll_49,ratio_20,pns_149,ratio_21,pns_148,ratio_22,ll_45,pns_147,ratio_23,ll_46,pns_146,ratio_24,ll_47,pns_145,ratio_25,ll_48,pns_144,ratio_26,pns_143,ratio_27,pns_142,ratio_28,pns_141,ratio_29,pns_140,falseState,ll_52,ll_53,ll_54,ll_55,ll_50,ll_51,ll_38,ll_39,pns_139,pns_138,ratio_10,pns_137,ratio_11,ll_34,pns_136,ratio_12,ll_35,pns_135,ratio_13,ll_36,pns_134,ratio_14,ll_37,pns_133,ratio_15,pns_132,ratio_16,pns_131,ratio_17,pns_130,ratio_18,ratio_19,effect,ll_41,ll_42,ll_43,ll_44,ll_40,pns_129,pns_128,pns_127,pns_126,ll_67,pns_125,ll_68,pns_124,ll_69,pns_123,pns_122,pns_121,pns_120,ll_74,ll_75,ll_76,ll_77,ll_70,ll_71,ll_72,ll_73,pns_119,pns_118,pns_117,pns_116,pns_115,ll_56,pns_114,ll_57,pns_113,ll_58,pns_112,ll_59,pns_111,pns_110,ll_63,ll_64,ll_65,ll_66,ll_60,ll_61,ll_62,pns_91,pns_92,pns_90,pns_95,ratio_171,pns_96,ratio_170,pns_93,pns_94,pns_99,ratio_175,ratio_174,pns_97,ratio_173,pns_98,ratio_172,ratio_179,ratio_178,ratio_177,ratio_176,ratio_169,pns_80,pns_81,pns_84,ratio_182,pns_85,ratio_181,pns_82,ratio_180,pns_83,pns_88,ratio_186,pns_89,ratio_185,pns_86,ratio_184,pns_87,ratio_183,ratio_189,ratio_188,ratio_187,pns_70,pns_73,ratio_193,pns_74,ratio_192,pns_71,ratio_191,pns_72,ratio_190,pns_77,ratio_197,pns_78,ratio_196,pns_75,ratio_195,pns_76,ratio_194,pns_79,ratio_199,ll_max,ratio_198,pns_62,pns_63,pns_60,pns_61,pns_66,pns_67,pns_64,pns_65,pns_68,pns_69,ratio_131,ratio_130,ratio_135,ratio_134,ratio_133,ratio_132,ratio_128,ll_129,ratio_127,ll_128,ratio_126,ratio_125,ratio_129,ll_121,ll_120,ll_123,ll_122,ll_125,ll_124,ll_127,ll_126,ratio_142,ratio_141,ratio_140,ratio_146,ratio_145,ratio_144,ratio_143,ratio_139,ll_118,ratio_138,ll_117,ratio_137,ratio_136,ll_119,ll_110,ll_112,ll_111,ll_114,ll_113,ll_116,ll_115,ratio_153,ratio_152,ratio_151,ratio_150,ratio_157,ratio_156,ratio_155,ratio_154,ll_107,ratio_149,ll_106,ratio_148,ll_109,ratio_147,ll_108,ll_101,ll_100,ll_103,ll_102,ll_105,ll_104,ratio_160,ratio_164,ratio_163,ratio_162,ratio_161,ratio_168,ratio_167,ratio_166,ratio_165,ratio_159,ratio_158,ll_161,ll_160,ll_163,ll_162,pns_11,pns_12,pns_10,pns_15,pns_16,pns_13,pns_14,pns_19,pns_17,pns_18,ll_165,time_learn,ll_164,ll_167,ll_166,ll_169,ll_168,ll_150,ll_152,ll_151,ll_154,ll_153,ll_156,ll_155,ll_158,ll_157,ll_159,ll_141,ll_140,ll_143,ll_142,ll_145,ll_144,ll_147,ll_146,ll_149,ll_148,ll_130,ll_139,ll_132,ll_131,ll_134,ll_133,ll_136,ll_135,ll_138,ll_137,pns_51,pns_52,pns_50,pns_55,pns_56,pns_53,pns_54,pns_59,pns_57,pns_58,ll_190,ll_192,ll_191,pns_40,ll_194,pns_41,ll_193,ll_196,ll_195,pns_44,pns_45,pns_42,pns_43,pns_48,pns_49,pns_46,pns_47,ll_198,ll_197,ll_199,ll_181,ll_180,ll_183,pns_30,ll_182,ll_185,iter_max,ll_184,pns_33,pns_34,pns_31,pns_32,pns_37,pns_38,pns_35,pns_36,pns_39,ll_187,ll_186,ll_189,ll_188,ll_170,ll_172,ll_171,ll_174,ll_173,pns_22,pns_23,pns_20,pns_21,pns_26,pns_27,pns_24,pns_25,pns_28,pns_29,ll_176,ll_175,ll_178,ll_177,ll_179,ratio_0,ratio_1,ratio_2,ratio_3,iter_10,iter_11,iter_16,iter_17,iter_18,iter_19,iter_12,iter_13,iter_14,iter_15,iter_30,iter_31,iter_32,iter_33,modelPath,iter_38,iter_39,iter_34,iter_35,iter_36,iter_37,iter_20,iter_21,iter_22,iter_27,iter_28,iter_29,iter_23,iter_24,iter_25,iter_26,iter_52,iter_53,iter_54,iter_55,iter_50,iter_51,iter_56,iter_57,iter_58,iter_59,iter_41,iter_42,iter_43,iter_44,method,modelID,iter_40,iter_49,iter_45,iter_46,iter_47,iter_48,exact,iter_74,iter_75,iter_76,iter_77,iter_70,iter_71,iter_72,iter_73,iter_78,iter_79,iter_80,iter_63,iter_64,iter_65,iter_66,iter_60,iter_61,iter_62,infoPath,iter_67,iter_68,iter_69,iter_96,iter_97,iter_98,iter_99,iter_92,iter_93,iter_94,iter_95,threshold,iter_85,ratio_4,iter_86,ratio_5,iter_87,ratio_6,iter_88,ratio_7,iter_81,ratio_8,iter_82,ratio_9,iter_83,iter_84,iter_89,iter_90,iter_91
0,-4590.290585513047,-4590.599820129521,-4591.012144203087,-4589.954259485861,-4590.194849609375,-4589.876597895702,-4589.68249927607,1000,-4590.018419687627,-4589.783346832613,-4589.741844248387,-4589.821877300954,-4589.917111800285,-4590.454175741097,-4589.870308456832,-4590.283371169675,-4589.797016702243,-4589.915616462778,-4592.015834978736,-4589.786793282536,-4590.035828611279,-4590.115330934458,-4589.664207226337,/mnt/beegfs/rcabanas/dev/credici/papers/journalEM/output/synthetic/s1d/random_mc2_n6_mid3_d1000_05_mr098_r10_63_uai_ccve.csv,KL,0.040473956932342146,0.059639043336692885,0.05405286861674784,0.16915193298211145,0.03654703229438554,0.03923792089675463,0.25040814924119487,0.21381589721850547,-4589.85996045138,-4589.741559902179,-4590.032879887173,-4590.069333089485,-4589.8656810637885,-4589.836306990308,-4590.247341403004,-4589.757717882905,-4589.979663791068,-4589.787360283042,70,57,153,81,274,246,124,77,96,294,2,842,0.23255412117067245,0.9998976799793252,0.03571999258304487,0.999884667764197,0.04917419970151344,0.9999100030175163,0.013424238779676106,0.9997661323100412,0.28615350105997184,0.9999448133139062,0.3106020285586223,0.9999243920697316,0.20612454412436101,0.9914411238843486,0.23688163665260553,0.9998866207494022,226,0.09255825652808633,153,108,256,274,240,470,345,430,197,0.9997191045778938,0.2690950679227987,0.9998709423939106,0.9999259270236682,0.9984554516669396,0.9999371378933971,0.999945753508912,0.999937301203307,0.9998254460288258,0.9999297035018796,0.9998779230505291,312,0.9998911860129246,174,160,235,500,310,100,330,149,235,0.999877889503626,0.9999300626274282,0.999872768917613,0.9999138533707057,0.9997652141434916,0.9998897705981235,0.9999235196544726,0.9999269118674483,0.9997216916362465,0.9997734384144387,0.9976752957313972,0.9873108788796229,0.9999432164340186,0.9998308345536754,0.9999324040876424,0.9998667192394003,0.9999197538139314,0.9999477077172966,0.9999023275679351,0.9999165710323441,0.9998833505498175,87,113,298,281,59,90,258,355,222,92,0.9999325832782736,0.9999037435006524,0.9998513346219376,0.9999206620632912,0.9999629489143484,241,149,108,116,166,204,0.3170948821308891,99,252,0.9997631303935325,191,0.9996733405185385,0.002022136253705586,397,0.9998897666447741,0.9999409775461142,0.9999500194783292,0.9999669342542704,0.9998320529364614,0.9999379994050867,0.9999121618043137,0.9994548388960267,0.9998304815475462,96,282,83,161,92,73,232,339,145,0.9999220322414129,228,0.9999402266950046,0.9998859742986451,0.9998686559412315,0.9999351376271952,0.9998148501894721,0.999925176987183,0.9999247819007521,0.999941887972197,0.9999118360454556,0.9997948505423718,212,66,137,0.07346209250104276,227,0.2803245373860999,159,0.1577852767695029,221,0.017541791272248138,360,0.04421475598228017,156,0.22504834675424817,211,0.29040265187893155,77,0.03184881987056715,0.2183752259809798,0.07682669351414051,0.9969843764474887,0.9999216939909874,0.9999455858685761,0.2535834524129152,0.03239402083250433,0.15519367696368025,0.2526351878053485,0.2536944467160736,0.015807664748548708,0.04139971791002167,0.06834162930307155,0.25119277080811664,268,0.0575087569253714,0.14986368850487783,155,182,67,500,-4589.904841001655,166,-4589.865951006967,138,200,360,231,0.03484534312710054,0.03052256086582748,0.1252551131137039,0.2982823004025394,0.18154333647516188,0.1868102425165524,0.032849002874270936,0.9992681997967818,0.2480560708728711,0.9998778536536699,0.30141733427084433,0.9992789705757104,0.02243104555620912,249,0.11661006355356328,58,178,241,268,500,79,121,142,184,-4589.864680569744,-4590.205909437183,-4590.008885167367,-4589.9619686511305,0.2893965758525844,-4589.93275274876,0.24825081687197925,-4589.821692870277,0.03214776271324153,-4589.910965726419,0.044370170693347165,0.2584490302694104,0.13757684501270523,0.023904133803044868,0.1842088289356643,0.9998715184057704,0.04297516858778329,0.9998966911155804,0.1643807890941066,0.9998844793323237,0.9998963868205032,224,0.9998585931958037,424,0.9998771842099705,165,0.9999513779485454,293,0.9998939053979118,0.9999108188405107,108,0.999874957740549,0.9999263774802394,-4648.497798145147,82,-4589.77307023865,-4590.288964838172,-4589.822699809631,368,257,48,189,-4599.991824024768,-4590.265484685324,-4589.80423278004,-4589.971023950203,0.22726705610069364,-4591.479286297646,0.03697811780987796,-4589.878677274949,0.08067994426179056,-4593.997323945661,0.27326442296628584,-4589.818385284656,0.2359756049988037,0.9999040801660061,0.1948488225894568,0.14954397341998754,0.2556642220170413,0.31626049293482883,0.9998712030590378,0.09297035936809486,0.9998410375161185,0.9998932271523994,0.9999159153935238,139,0.9999360769330393,230,0.9999033360274335,363,0.999851917820231,316,0.9999125529238316,234,0.9999120005109865,91,0.9999382811300346,-4589.9134341365825,-4589.98248146637,-4589.8042636168975,116,196,200,145,-4600.2065663980375,0.9999126372238475,0.03503415417856532,0.9998975954893966,0.07972741783024552,0.9999364205871404,-4589.86348090162,0.2319136317521053,0.9999020640917021,-4589.847909969113,0.05874048629150205,0.9999084286819167,-4590.790101838255,0.29342008402430064,0.9999326234581006,-4590.5524894072805,0.30396543815769994,0.9999131749672886,0.1768087792276204,0.9999232583011524,0.14028253591612228,0.9998489255396844,0.2933004994777649,0.9998918436493021,0.022863223107845942,1,-4596.612136169323,-4589.800971114609,-4589.761425008914,-4589.800221507627,-4590.072942642097,-4589.852430587134,-4589.895376789611,-4590.047873117388,0.24983993855574027,0.22982350547421668,0.999914509241788,0.2679969917929237,0.9999229815306017,-4590.124221804206,0.1740291196462877,0.9995716326660039,-4589.8807669827365,0.002022136253705586,0.9999202090634582,-4589.752455189602,0.28378140779269956,0.9990237527206193,-4589.96075918711,0.043554197049363974,0.9999333440449496,0.07397257989531857,0.9977218704143429,0.058701834786671084,0.9998359488942067,0.01822156004433591,0.9999364273052694,0.999900091440418,4,-4590.096449496208,-4589.907851646867,-4590.5902522209235,-4590.018401539681,-4589.833447448534,0.04524095141280919,0.23614116571508,0.018440633286029354,0.030558617552021418,-4589.859476331905,0.08153459723942232,-4629.13261916705,0.23392728192348541,-4590.032861042681,0.26694366099746586,0.16389831440344024,0.29281841645417234,0.020743731415658127,-4590.36235127627,-4589.855873401521,-4589.857686927707,-4589.779167931293,-4603.394551587948,-4589.871861103999,-4589.762194479933,-4589.810152533893,0.04778886807209201,0.11969817834582928,0.27699097592981453,0.05368356890511783,0.01012244022769311,-4590.313704042653,0.2731016873794996,-4589.835095890869,0.21824199703128397,-4590.072788640564,0.2347097457000489,-4590.0119040526815,0.23671361962309379,0.2595165034028083,-4590.041826342939,-4589.925526003841,-4590.586036308545,-4589.765740517843,-4590.801981817165,-4590.104834498317,-4589.982093619394,0.28707286619192535,0.19738794979576008,0.2754131300086641,0.1500860369225356,0.9999314602212455,0.06660856443731594,0.9999466207262535,0.2693000598452411,0.034227609151565495,0.16232411236440672,0.9999276793003148,0.9998622214718308,0.05314092381289691,0.9996175211068138,0.12215638192960684,0.9996297384712052,0.9999501413127104,0.9998844139320482,0.9952242231289525,0.9990696741800971,0.9999129920494404,0.1709419017852112,0.03317046211074097,0.03874329250635148,0.9999391427368111,0.02427776050377597,0.9998389730673166,0.0493600229975808,0.9995657970396556,0.01687726862659613,0.04483633205925512,0.9992286537630841,0.1447717608614184,0.9990066593559257,0.050035515461577564,0.9999382334967742,0.043871013524350896,0.9951292933569487,0.9999740231975396,0.9999189198880548,0.9999095311897235,0.05399728927682819,0.28279809297333747,0.9997390518991428,0.08344587107702914,0.9997095652992599,0.029350772268890855,0.9999204410654893,0.24324805068766392,0.9999378369060661,0.02626424094928241,0.9999157039287935,0.025260215984383706,0.9999228565930887,0.04118808929701454,0.9998882540481745,0.24895827669211834,0.9995330206384396,0.22162040668585528,0.9984415969686932,-4589.512446556677,0.9999616553562073,0.025628974437041263,0.277505536328347,0.05809445940274559,0.23049341409109853,0.2166227624661848,0.028842746693292818,0.3170948821308891,0.02894246214611678,0.1924272129336542,0.028589661111728833,0.9999043739565963,0.9993604343722281,0.999878091080831,0.9999651992013034,0.9998998937805513,0.9999144478235796,0.9999082595009533,-4592.169296900158,0.999767753760644,-4589.9335293492495,0.999818104273113,0.9999644963757975,0.999421438938396,-4589.898386356259,-4589.95271405905,-4590.242122846143,-4590.002534197747,-4589.675396667171,-4590.103637863933,-4590.5785911709445,-4590.347411135689,0.9999490363360853,0.9998700399540933,0.9999303225256398,0.9999413666234558,0.9999382653520592,0.999646070807655,0.9999460169526482,0.9999355957431015,-4589.795723562108,0.999788108033485,-4589.8058410227895,0.9999698023275396,0.9999050509232477,-4589.916356850695,-4589.988029810298,-4589.98663295523,-4590.042691353045,-4589.913821100197,-4590.102190203752,-4589.956129950104,-4590.192172219098,0.9999049145824646,0.9996425703906812,0.9996927292493228,0.999903188617776,0.9991907650373312,0.9999289507248068,0.9999475685368733,0.9998934109483585,-4589.850362905718,0.999921710830632,-4590.161526628902,0.999512854609867,-4589.92178110308,0.9999370983449601,-4590.086401331374,-4590.073107216112,-4592.824007806889,-4589.999420718804,-4592.873512326354,-4590.076180389066,-4589.735608917617,0.999885520741868,0.9998788884315015,0.99990292592723,0.9999573437469058,0.9999176917460889,0.9998629548389804,0.9999258424459921,0.9997538852016442,0.9998988762996996,0.9999679498787972,0.9997505776807815,-4589.89023240735,-4590.037910691492,-4589.958012474792,-4589.7082263124075,0.08959590092652253,0.02815774479048478,0.011704311435709776,0.04423915138675753,0.22100322721778012,0.048276984814066816,0.289696941957267,0.03751288815385177,0.039211065441557044,0.28279270711132903,-4589.97660197496,113553,-4590.0683569349,-4589.852818814976,-4590.642271553665,-4589.911805376112,-4590.141503238091,-4589.956806619474,-4591.153460744475,-4590.92310294482,-4590.001690483899,-4589.948883762756,-4589.8385512589975,-4589.753094026788,-4590.657458986834,-4593.2294484178965,-4589.659545701396,-4590.108977330087,-4589.832254475906,-4589.76021579974,-4589.746356847461,-4589.7957959842615,-4591.137384102978,-4589.801152645483,-4589.781560947196,-4589.871783806137,-4591.749296058898,-4592.4496194805715,-4589.808049733426,-4589.905122929506,-4589.951365445169,-4589.672170813977,-4589.971931294094,-4589.948257906106,-4590.072017275211,-4590.485133478869,-4589.651043335592,0.14544599405461453,0.09423924827837912,0.03541463231571068,0.013924687433661024,0.2355235833574038,0.17711474634835103,0.1661226441229675,0.06418682283319335,0.2557836855988056,0.12129174759319604,-4589.7977625861295,-4590.8457874791075,-4589.877612329048,0.06007732976730105,-4591.656655450144,0.07688741670271189,-4590.710383712892,-4589.8665244976455,-4590.025363309804,0.07336366359729325,0.10876982840193249,0.09042995359130639,0.236485402421163,0.2146454802707489,0.23953396178354425,0.07626979394771298,0.3010297916492304,-4589.688436524895,-4589.89935703971,-4596.675920244721,-4590.251600692182,-4591.506092094303,-4611.976028837931,0.2662062575350938,-4589.791768722328,-4594.075928898816,500,-4589.795942202547,0.2783303863485781,0.02097989930286212,0.2035193392587364,0.02858904008006276,0.20451222139366357,0.24761321931608393,0.1109341959259401,0.032068504031927195,0.23292286010985672,-4589.927691854215,-4593.055282464753,-4589.631670511948,-4589.8845949134475,-4589.757444475736,-4591.2123958773955,-4589.827032285992,-4590.144869960945,-4591.268509854646,0.2826330106339858,0.03867038750016451,0.0303381909228774,0.23439603700774228,0.1888454223233037,0.06553708498809144,0.2146332857183586,0.07901592776185734,0.11903093646145685,0.03232082852631059,-4593.786164436567,-4589.844387314213,-4590.042991577803,-4611.536114070254,-4589.741285032147,0.9998866166443432,0.9999242866018359,0.9999500814277861,0.9999294396549311,187,143,125,277,91,357,202,197,80,89,56,103,232,87,/mnt/beegfs/rcabanas/dev/credici/papers/journalEM/models/synthetic/s1/random_mc2_n6_mid3_d1000_05_mr098_r10_63.uai,93,191,279,156,90,111,130,273,119,121,406,260,138,189,122,182,313,149,99,138,187,141,348,101,416,201,325,251,129,399,EMCC,random_mc2_n6_mid3_d1000_05_mr098_r10_63_uai,172,37,305,177,239,309,false,443,134,103,124,500,135,172,143,294,313,73,100,281,359,106,171,310,209,/mnt/beegfs/rcabanas/dev/credici/papers/journalEM/models/synthetic/s1/random_mc2_n6_mid3_d1000_05_mr098_r10_63_info.csv,140,140,242,314,187,240,81,231,76,100,141,1.0E-6,149,0.99983990081761,91,0.9998786757906263,161,0.9999230403389432,268,0.9998982093018678,111,0.9999401031671437,239,0.9999465611604567,241,82,249,140,231
