trueState,ll_89,ll_90,ll_91,ll_96,ll_97,ll_98,ll_99,datasize,ll_92,ll_93,ll_94,ll_95,ll_78,ll_79,ll_80,ll_85,ll_86,ll_87,ll_88,ll_81,ll_82,ll_83,ll_84,exactPath,stop_criteria,pns_199,pns_198,pns_197,pns_196,pns_195,pns_194,pns_193,pns_192,ll_1,ll_2,ll_0,ll_5,ll_6,ll_3,ll_4,ll_9,ll_7,ll_8,iter_9,iter_8,iter_7,iter_6,iter_5,iter_4,iter_3,iter_2,iter_1,iter_0,cause,time_pns,pns_108,ratio_62,pns_107,ratio_63,pns_106,ratio_64,pns_105,ratio_65,pns_104,ratio_66,pns_103,ratio_67,pns_102,ratio_68,pns_101,ratio_69,iter_119,pns_100,iter_117,iter_118,iter_111,iter_112,iter_110,iter_115,iter_116,iter_113,iter_114,ratio_60,pns_109,ratio_61,ratio_51,ratio_52,ratio_53,ratio_54,ratio_55,ratio_56,ratio_57,ratio_58,iter_108,ratio_59,iter_109,iter_106,iter_107,iter_100,iter_101,iter_104,iter_105,iter_102,iter_103,ratio_50,ratio_40,ratio_41,ratio_42,ratio_43,ratio_44,ratio_45,ratio_46,ratio_47,ratio_48,ratio_49,ratio_30,ratio_31,ratio_32,ratio_33,ratio_34,ratio_35,ratio_36,ratio_37,ratio_38,ratio_39,iter_155,iter_156,iter_153,iter_154,iter_159,iter_157,iter_158,iter_151,iter_152,iter_150,ratio_95,ratio_96,ratio_97,ratio_98,ratio_99,iter_144,iter_145,iter_142,iter_143,iter_148,iter_149,pns_u,iter_146,iter_147,ratio_90,iter_140,ratio_91,pns_l,iter_141,ratio_92,ratio_93,ratio_94,ratio_84,ratio_85,ratio_86,ratio_87,ratio_88,ratio_89,iter_139,iter_133,iter_134,iter_131,iter_132,iter_137,iter_138,iter_135,iter_136,ratio_80,iter_130,ratio_81,ratio_82,ratio_83,ratio_73,ratio_74,ratio_75,ratio_76,ratio_77,ratio_78,ratio_79,iter_128,iter_129,iter_122,pns_8,iter_123,pns_9,iter_120,pns_6,iter_121,pns_7,iter_126,pns_4,iter_127,pns_5,iter_124,pns_2,iter_125,pns_3,pns_0,pns_1,ratio_70,ratio_71,ratio_72,pns_189,pns_188,pns_187,pns_186,pns_185,pns_184,pns_183,pns_182,pns_181,iter_199,pns_191,pns_190,iter_197,iter_198,iter_191,iter_192,ll_10,iter_190,ll_11,iter_195,iter_196,iter_193,iter_194,pns_179,pns_178,pns_177,pns_176,pns_175,pns_174,pns_173,ratio_102,pns_172,ratio_101,pns_171,ratio_100,pns_170,iter_188,pns_180,iter_189,iter_186,iter_187,iter_180,iter_181,iter_184,iter_185,iter_182,iter_183,ll_27,ll_28,ll_29,ll_23,pns_169,ll_24,pns_168,ll_25,pns_167,ll_26,pns_166,pns_165,pns_164,pns_163,pns_162,ratio_113,pns_161,ratio_112,pns_160,ratio_111,ratio_110,iter_177,ratio_106,iter_178,ratio_105,iter_175,ratio_104,iter_176,ratio_103,ratio_109,iter_179,ratio_108,ratio_107,ll_30,iter_170,ll_31,ll_32,ll_33,iter_173,iter_174,iter_171,iter_172,ll_16,ll_17,ll_18,ll_19,pns_159,ll_12,pns_158,ll_13,pns_157,ll_14,pns_156,ll_15,pns_155,ratio_120,pns_154,pns_153,pns_152,pns_151,ratio_124,pns_150,ratio_123,ratio_122,ratio_121,iter_166,ratio_117,iter_167,ratio_116,iter_164,ratio_115,iter_165,ratio_114,iter_168,ratio_119,iter_169,ratio_118,ll_20,ll_21,ll_22,iter_162,iter_163,iter_160,iter_161,ll_49,ratio_20,pns_149,ratio_21,pns_148,ratio_22,ll_45,pns_147,ratio_23,ll_46,pns_146,ratio_24,ll_47,pns_145,ratio_25,ll_48,pns_144,ratio_26,pns_143,ratio_27,pns_142,ratio_28,pns_141,ratio_29,pns_140,falseState,ll_52,ll_53,ll_54,ll_55,ll_50,ll_51,ll_38,ll_39,pns_139,pns_138,ratio_10,pns_137,ratio_11,ll_34,pns_136,ratio_12,ll_35,pns_135,ratio_13,ll_36,pns_134,ratio_14,ll_37,pns_133,ratio_15,pns_132,ratio_16,pns_131,ratio_17,pns_130,ratio_18,ratio_19,effect,ll_41,ll_42,ll_43,ll_44,ll_40,pns_129,pns_128,pns_127,pns_126,ll_67,pns_125,ll_68,pns_124,ll_69,pns_123,pns_122,pns_121,pns_120,ll_74,ll_75,ll_76,ll_77,ll_70,ll_71,ll_72,ll_73,pns_119,pns_118,pns_117,pns_116,pns_115,ll_56,pns_114,ll_57,pns_113,ll_58,pns_112,ll_59,pns_111,pns_110,ll_63,ll_64,ll_65,ll_66,ll_60,ll_61,ll_62,pns_91,pns_92,pns_90,pns_95,ratio_171,pns_96,ratio_170,pns_93,pns_94,pns_99,ratio_175,ratio_174,pns_97,ratio_173,pns_98,ratio_172,ratio_179,ratio_178,ratio_177,ratio_176,ratio_169,pns_80,pns_81,pns_84,ratio_182,pns_85,ratio_181,pns_82,ratio_180,pns_83,pns_88,ratio_186,pns_89,ratio_185,pns_86,ratio_184,pns_87,ratio_183,ratio_189,ratio_188,ratio_187,pns_70,pns_73,ratio_193,pns_74,ratio_192,pns_71,ratio_191,pns_72,ratio_190,pns_77,ratio_197,pns_78,ratio_196,pns_75,ratio_195,pns_76,ratio_194,pns_79,ratio_199,ll_max,ratio_198,pns_62,pns_63,pns_60,pns_61,pns_66,pns_67,pns_64,pns_65,pns_68,pns_69,ratio_131,ratio_130,ratio_135,ratio_134,ratio_133,ratio_132,ratio_128,ll_129,ratio_127,ll_128,ratio_126,ratio_125,ratio_129,ll_121,ll_120,ll_123,ll_122,ll_125,ll_124,ll_127,ll_126,ratio_142,ratio_141,ratio_140,ratio_146,ratio_145,ratio_144,ratio_143,ratio_139,ll_118,ratio_138,ll_117,ratio_137,ratio_136,ll_119,ll_110,ll_112,ll_111,ll_114,ll_113,ll_116,ll_115,ratio_153,ratio_152,ratio_151,ratio_150,ratio_157,ratio_156,ratio_155,ratio_154,ll_107,ratio_149,ll_106,ratio_148,ll_109,ratio_147,ll_108,ll_101,ll_100,ll_103,ll_102,ll_105,ll_104,ratio_160,ratio_164,ratio_163,ratio_162,ratio_161,ratio_168,ratio_167,ratio_166,ratio_165,ratio_159,ratio_158,ll_161,ll_160,ll_163,ll_162,pns_11,pns_12,pns_10,pns_15,pns_16,pns_13,pns_14,pns_19,pns_17,pns_18,ll_165,time_learn,ll_164,ll_167,ll_166,ll_169,ll_168,ll_150,ll_152,ll_151,ll_154,ll_153,ll_156,ll_155,ll_158,ll_157,ll_159,ll_141,ll_140,ll_143,ll_142,ll_145,ll_144,ll_147,ll_146,ll_149,ll_148,ll_130,ll_139,ll_132,ll_131,ll_134,ll_133,ll_136,ll_135,ll_138,ll_137,pns_51,pns_52,pns_50,pns_55,pns_56,pns_53,pns_54,pns_59,pns_57,pns_58,ll_190,ll_192,ll_191,pns_40,ll_194,pns_41,ll_193,ll_196,ll_195,pns_44,pns_45,pns_42,pns_43,pns_48,pns_49,pns_46,pns_47,ll_198,ll_197,ll_199,ll_181,ll_180,ll_183,pns_30,ll_182,ll_185,iter_max,ll_184,pns_33,pns_34,pns_31,pns_32,pns_37,pns_38,pns_35,pns_36,pns_39,ll_187,ll_186,ll_189,ll_188,ll_170,ll_172,ll_171,ll_174,ll_173,pns_22,pns_23,pns_20,pns_21,pns_26,pns_27,pns_24,pns_25,pns_28,pns_29,ll_176,ll_175,ll_178,ll_177,ll_179,ratio_0,ratio_1,ratio_2,ratio_3,iter_10,iter_11,iter_16,iter_17,iter_18,iter_19,iter_12,iter_13,iter_14,iter_15,iter_30,iter_31,iter_32,iter_33,modelPath,iter_38,iter_39,iter_34,iter_35,iter_36,iter_37,iter_20,iter_21,iter_22,iter_27,iter_28,iter_29,iter_23,iter_24,iter_25,iter_26,iter_52,iter_53,iter_54,iter_55,iter_50,iter_51,iter_56,iter_57,iter_58,iter_59,iter_41,iter_42,iter_43,iter_44,method,modelID,iter_40,iter_49,iter_45,iter_46,iter_47,iter_48,exact,iter_74,iter_75,iter_76,iter_77,iter_70,iter_71,iter_72,iter_73,iter_78,iter_79,iter_80,iter_63,iter_64,iter_65,iter_66,iter_60,iter_61,iter_62,infoPath,iter_67,iter_68,iter_69,iter_96,iter_97,iter_98,iter_99,iter_92,iter_93,iter_94,iter_95,threshold,iter_85,ratio_4,iter_86,ratio_5,iter_87,ratio_6,iter_88,ratio_7,iter_81,ratio_8,iter_82,ratio_9,iter_83,iter_84,iter_89,iter_90,iter_91
0,-10976.428325336983,-11546.54425510255,-10014.14700172191,-11211.6605928349,-10105.501368172769,-9711.743018127812,-9287.144920697394,1000,-10340.468400017982,-12107.081346149442,-9987.007690672044,-11433.059588627242,-9823.252313046247,-11523.820976976192,-10142.843000666273,-10422.70701033975,-10930.403891914711,-13265.390489329915,-12487.55505817338,-11943.70061670497,-10899.66694899468,-10411.533513902938,-10862.303507942592,/mnt/beegfs/rcabanas/dev/credici/papers/journalEM/output/synthetic/s1d/random_mc2_n8_mid3_d1000_05_mr098_r10_52_uai_ccve.csv,KL,0.23465349092758053,0.19740701812757486,0.4350903102762983,0.10003794521376566,0.1653188438236814,0.1430975662396805,0.31284436904150087,0.09289599366353568,-12888.771844527391,-12254.691655301647,-10373.046130473998,-9487.843781271262,-10031.820914876129,-10725.57666898129,-9751.908881228415,-11220.179475557488,-10797.16291872643,-11373.357558121865,16,6,9,12,13,10,13,14,8,13,6,2498,0.10851673016888444,0.7197268077844621,0.21290956002806236,0.64088830016285,0.22685708086305517,0.7630475967509278,0.09243844441118818,0.6467510660351055,0.05715424739623433,0.6938485128555629,0.14031281267445941,0.8676559905299509,0.1751943685556799,0.5907976728725213,0.2676528537306963,0.8094682850021033,4,0.20453068186294587,13,13,10,9,11,15,12,6,16,0.857010891063447,0.06125703360948049,0.7914554531991482,0.8199649674186006,0.6801498395749054,0.7448667981215022,0.7393292132271589,0.81086637773243,0.6682618396432242,0.8282450786942077,0.8089897680565408,15,0.8211335917099268,13,15,13,15,5,11,8,6,13,0.7974499693953951,0.8155532811135173,0.7232491354754291,0.86238310443593,0.8527911281973977,0.6277641058424018,0.7794312458232803,0.7845772698208645,0.7659308839383723,0.7654053113015884,0.792547048133439,0.8399378704576299,0.7973201356444498,0.747677414579536,0.8479398602857263,0.7954029695185614,0.6977425362543176,0.8149893342287651,0.7508205476946835,0.7849740772786894,0.7797167180652106,5,15,16,12,21,6,11,10,11,5,0.712572943789079,0.7266442700549238,0.806183546047766,0.8388699034125179,0.8772221169315298,13,15,14,5,8,9,0.49832351292125054,6,4,0.7055694541666757,8,0.8135379804373983,0.015076564930134175,8,0.7878645930168795,0.6729027991684489,0.8157487387531841,0.7500148492101154,0.7816480804364956,0.7453419844449093,0.6141461824389614,0.6524006412489651,0.7422167472071527,5,7,12,9,5,12,9,8,19,0.8032155212349152,7,0.6821075970532522,0.7474438407804277,0.7824869330445131,0.7084599949880507,0.8706896710443761,0.764330455004918,0.647898909173246,0.854231499107054,0.8293474165133885,0.7069607332377863,9,7,15,0.3151463158362313,8,0.2504191101876445,7,0.3277174261472324,13,0.27307048707844317,8,0.14133567726990415,7,0.044080152663688296,14,0.11993032860162633,7,0.14578396606889238,0.12203594850934119,0.10689582729654172,0.6458871982441882,0.579544584535545,0.7182606283169146,0.1548682800923512,0.39254284311726956,0.08440471278302376,0.10149894563553305,0.015076564930134175,0.19847129840502856,0.08907943592312045,0.18690610802835086,0.136686200576529,8,0.08616793175657589,0.15490516513380137,11,13,9,7,-12219.864053446796,7,-11088.240591221838,10,10,8,10,0.2017177236911976,0.10421091764853499,0.12759388130764648,0.08922789503562917,0.24726321027941728,0.1449722514934585,0.21680768303425574,0.7184405495639818,0.0494498618013965,0.5509930523354541,0.4293086212258178,0.8325164036606935,0.07591187683655352,9,0.32621255678569006,9,11,20,8,8,11,8,13,6,-10647.385062659694,-9845.75168253266,-9261.911898466735,-10722.72962359829,0.1438507635000689,-10856.937041176188,0.2816453748416015,-11383.719852333581,0.23192388513272358,-10471.978221806818,0.19884536480426449,0.1715230506049037,0.061933082900796084,0.10708730932336462,0.04624717868905941,0.7917910740010088,0.1268017627867012,0.8402277277711159,0.08363551067845827,0.7905510845690021,0.6525451947360085,11,0.8050752494310531,9,0.7338813552428076,14,0.7191735910913553,12,0.795866239223323,0.7483386033940486,16,0.795860261503107,0.7292556011334174,-9699.394698259455,15,-10217.839188269323,-10896.261902154092,-9607.86172363551,8,14,10,6,-10430.649895455921,-9509.540971042703,-10811.421636719304,-10372.61758737866,0.053072512050446254,-9333.634002970162,0.30708190223355925,-10913.446706928567,0.06481761547475234,-12082.69384452932,0.2810958513976256,-10493.50063164421,0.058003906990241036,0.6915013281705177,0.12268626675541733,0.18653427956813157,0.2113513104420061,0.1365034356987729,0.7574248396826023,0.09864377505626756,0.9093305134632375,0.8404754794035405,0.845402984331056,10,0.8551619033188002,18,0.7476528179625179,9,0.7637211508538194,10,0.6967336473000738,14,0.7076046777457178,10,0.7540867218141317,-10742.864795892527,-11748.56877348235,-11083.521973338016,5,7,15,18,-10279.37577557213,0.7583534822758813,0.07094796324041797,0.6934367142636458,0.3372088962729578,0.7350451370224945,-10452.350956214048,0.09979107607115524,0.7597775206095491,-10383.794230291907,0.19852381943198277,0.7503855734528121,-10636.584969251064,0.17264231328702168,0.7156614035889172,-10643.888678705545,0.27190410873736515,0.7779703848714097,0.30489613467364074,0.7651539678183663,0.04620236179278002,0.8274522037801807,0.08537553939634261,0.8796120085025588,0.042154448195147354,1,-11978.079613568514,-10937.376921793142,-11019.298009371287,-10047.141121286426,-10216.175610064693,-9935.65487710038,-10378.545181806916,-10448.52410988412,0.32600306769521914,0.1653070618375795,0.6666922718576497,0.12542007468974212,0.7347323374308518,-10242.467327617836,0.10876110318896598,0.8728528379183882,-11676.067466545628,0.3166991792059375,0.7465000880438529,-9996.313553346776,0.08953625477016539,0.6742609746147574,-10850.647271972304,0.2466892955306382,0.7763747498157388,0.06143290313365261,0.7810528595282675,0.20643780767286013,0.8567068539261765,0.06395127123970643,0.753544649476479,0.7854226629830794,4,-11264.291276654896,-9446.948677076427,-9553.205536746967,-12977.62782510748,-9989.401203144815,0.23013288422971775,0.36164312798277193,0.3894727226851714,0.04460651409383537,-9389.53803869674,0.4866528033232716,-13789.642887340819,0.13691566562338836,-10064.494284124921,0.04215517800364321,0.07247455504063322,0.2015896598382846,0.15228764198447725,-9356.822756162974,-10658.856878248622,-12574.321105093295,-9537.097304536515,-12613.485682532459,-14057.398075961835,-11342.524713730321,-11499.433962705942,0.27249306327681955,0.14523977492874865,0.0834264734632689,0.34270676931712823,0.22608544839301575,-12191.162871029088,0.3917488283186568,-9836.326393183368,0.20498933079093917,-10070.44742624567,0.14583803769104675,-9921.514610818693,0.14305790528243073,0.07458020755420178,-12711.870267430288,-10676.776864606727,-12596.637803055217,-11741.596006389354,-9506.167322418467,-10293.55334485784,-11319.418478606727,0.18335971636466275,0.205620918846849,0.2520505376035977,0.24064991123994872,0.7381237755960515,0.07248787273134143,0.8098372350395513,0.1628425549291117,0.142594071827902,0.07106574225826409,0.6848742094202424,0.7271727638907878,0.13788948386848032,0.8512682785031521,0.09033792621004154,0.7592714469438318,0.8448877006142909,0.731149689159226,0.8606270240759665,0.7809983922137806,0.7194654350737779,0.10590270820428056,0.2925189204816865,0.15637967045612275,0.7291262926339024,0.30929234485208096,0.7714321628450678,0.12118105606357552,0.7068837481898728,0.05549540103647431,0.03241172028352638,0.7851679060819466,0.11322440423811389,0.6850320992027805,0.1758312880004789,0.8511479234260192,0.21436414238848087,0.8561628162776354,0.7453883332320302,0.7694714489112319,0.80006072859771,0.07245561780158163,0.11719475702848002,0.8358318775888878,0.11136957373287451,0.7703200826689581,0.09554375964183079,0.6882675530789305,0.3822555377609207,0.886197806871935,0.09866037805328,0.6553529276087853,0.13334055569763725,0.7658979967021697,0.24340677138067832,0.8235113286643295,0.20158885262439255,0.8403058254419563,0.17298505614256227,0.7755454398683397,-8146.888927584076,0.7091634604565518,0.1645511348775897,0.26301365883958894,0.23917383877747986,0.10822949201864059,0.050176723002950965,0.16418317456209539,0.08249515816759509,0.29310315748919874,0.49832351292125054,0.13759850254706513,0.8134437339631008,0.8244436761099017,0.8202254635015932,0.685044847925237,0.7556526462565298,0.8268612623083261,0.6876291691882884,-11123.852946188423,0.6517193007719148,-11847.794265622942,0.6123352442224878,0.6769449627083455,0.7323801354615709,-9636.6928891675,-11781.450874632486,-8959.216486155488,-9693.190494225562,-12034.787724824346,-10756.036111778449,-12500.61018284201,-13304.621944354316,0.893702621916939,0.7834522327343041,0.8166423017236029,0.7302082241609582,0.6983184474311177,0.8391185910109188,0.8594062052899216,0.7580156891903264,-10803.649887886671,0.8273690000694521,-9526.72107581826,0.7975532031554654,0.7464451278004902,-11513.333904940217,-12484.788782913267,-9696.048652423597,-10305.32888589438,-11692.9747244937,-10289.19016024888,-10896.620372254785,-10667.360617780549,0.8222333141108837,0.7801440924893263,0.8478727087127159,0.6727426003223501,0.6761413400281271,0.6898792994550706,0.7365007258365351,0.7574577480855849,-11171.51368453267,0.8180595296766437,-10119.412978279335,0.6576368686610261,-10886.63459379792,0.6948850166846803,-10236.582125858871,-14785.828774160484,-9785.859944333873,-10236.505239290625,-11339.684170845283,-11101.098112635165,-11328.125821779775,0.6813856968678388,0.7350061400735689,0.7705590667657292,0.6610352970797045,0.8483112400343815,0.6526391286992,0.8051349127872808,0.6972398132243448,0.6514583511000707,0.8596031173797529,0.6582685608404113,-9603.655525363407,-11956.35447740289,-10572.69880916338,-12324.438594391364,0.05480362378701727,0.06549151044900917,0.2504178244326788,0.17219195720949754,0.20014873535427674,0.058335085729005934,0.3678929624188994,0.053080609210319166,0.11716119454913278,0.21802687713102256,-12505.617456322434,46444,-11084.110027664023,-10118.663093841646,-11684.486130975882,-11323.530680453949,-12482.991854659324,-12109.964381147296,-10442.800254487005,-9608.62266690138,-10755.568806543592,-9908.244761882037,-11809.151157339009,-11061.616970343974,-12376.238836597238,-12049.091580830074,-9477.500445109437,-10398.705354570055,-9976.0799929042,-9479.671984490396,-9115.883435710952,-11666.43808072632,-9708.86477174722,-11724.082016407767,-11156.939429085738,-9958.797168226021,-12388.126815595739,-9881.680415119175,-10747.65211823803,-9852.788247499493,-10015.307251667426,-11892.489889177576,-10781.261692053087,-10914.250256532683,-9932.499404254653,-9846.741812782682,-10214.853247847861,0.10815455390227854,0.1526084056135827,0.05471555632292166,0.10136836363166388,0.215813875378386,0.20328257552704673,0.20462217747163486,0.2126687108928817,0.1336742537490476,0.12960494510926251,-9193.081797776762,-10575.978883164033,-11836.8051655775,0.19415857588934854,-9695.147505730118,0.03894249079047067,-9747.042612307736,-10637.04169832436,-9892.868068734018,0.13908868017347098,0.4298055682319313,0.14714426744482992,0.23574613821133325,0.18164280807211414,0.19140485263996435,0.17420601951834325,0.13944729986013588,-11488.026924482534,-12431.30011993687,-10504.721591770463,-10560.73277725169,-11525.076009239034,-9515.58368652886,0.2683406115874496,-11173.494921098203,-11892.711213190114,500,-9571.648715056977,0.10361928629441738,0.13617709061824795,0.19896777281765415,0.29820638432095964,0.19873462089015023,0.13013608087064327,0.2717783118253067,0.11229143340377229,0.1924016237304071,-10182.838172626423,-10375.983104349905,-10929.72423147391,-10587.64290619432,-10059.90904726206,-10729.876594696638,-11037.293739800316,-11203.51219425984,-9570.295444239211,0.21035327914169,0.0750612978742628,0.1570152762742848,0.07517437129188184,0.050642019903381165,0.04510703027273376,0.39496250683641937,0.13403671104867193,0.1438555388638591,0.08313114974969166,-10431.377335478619,-11895.452939424527,-11142.573194488336,-9466.224856616815,-9642.570156555395,0.7853902147075285,0.6320919499434899,0.6647975450332566,0.7595758418421579,8,11,9,5,14,13,17,8,7,7,12,12,14,11,/mnt/beegfs/rcabanas/dev/credici/papers/journalEM/models/synthetic/s1/random_mc2_n8_mid3_d1000_05_mr098_r10_52.uai,11,13,12,10,18,14,8,19,12,11,15,11,8,18,17,10,12,15,6,20,6,12,12,8,11,12,12,8,8,16,EMCC,random_mc2_n8_mid3_d1000_05_mr098_r10_52_uai,9,9,7,14,15,12,false,9,8,5,8,6,15,14,11,11,17,12,10,14,9,7,9,12,14,/mnt/beegfs/rcabanas/dev/credici/papers/journalEM/models/synthetic/s1/random_mc2_n8_mid3_d1000_05_mr098_r10_52_info.csv,10,6,15,11,9,11,13,14,8,13,12,0.01,19,0.835414791791803,10,0.8586660062495763,8,0.8121047013013456,7,0.7545397794687561,13,0.716313444464451,15,0.7260925678890964,9,11,15,13,12
