trueState,ll_89,ll_90,ll_91,ll_96,ll_97,ll_98,ll_99,datasize,ll_92,ll_93,ll_94,ll_95,ll_78,ll_79,ll_80,ll_85,ll_86,ll_87,ll_88,ll_81,ll_82,ll_83,ll_84,exactPath,stop_criteria,pns_199,pns_198,pns_197,pns_196,pns_195,pns_194,pns_193,pns_192,ll_1,ll_2,ll_0,ll_5,ll_6,ll_3,ll_4,ll_9,ll_7,ll_8,iter_9,iter_8,iter_7,iter_6,iter_5,iter_4,iter_3,iter_2,iter_1,iter_0,cause,time_pns,pns_108,ratio_62,pns_107,ratio_63,pns_106,ratio_64,pns_105,ratio_65,pns_104,ratio_66,pns_103,ratio_67,pns_102,ratio_68,pns_101,ratio_69,iter_119,pns_100,iter_117,iter_118,iter_111,iter_112,iter_110,iter_115,iter_116,iter_113,iter_114,ratio_60,pns_109,ratio_61,ratio_51,ratio_52,ratio_53,ratio_54,ratio_55,ratio_56,ratio_57,ratio_58,iter_108,ratio_59,iter_109,iter_106,iter_107,iter_100,iter_101,iter_104,iter_105,iter_102,iter_103,ratio_50,ratio_40,ratio_41,ratio_42,ratio_43,ratio_44,ratio_45,ratio_46,ratio_47,ratio_48,ratio_49,ratio_30,ratio_31,ratio_32,ratio_33,ratio_34,ratio_35,ratio_36,ratio_37,ratio_38,ratio_39,iter_155,iter_156,iter_153,iter_154,iter_159,iter_157,iter_158,iter_151,iter_152,iter_150,ratio_95,ratio_96,ratio_97,ratio_98,ratio_99,iter_144,iter_145,iter_142,iter_143,iter_148,iter_149,pns_u,iter_146,iter_147,ratio_90,iter_140,ratio_91,pns_l,iter_141,ratio_92,ratio_93,ratio_94,ratio_84,ratio_85,ratio_86,ratio_87,ratio_88,ratio_89,iter_139,iter_133,iter_134,iter_131,iter_132,iter_137,iter_138,iter_135,iter_136,ratio_80,iter_130,ratio_81,ratio_82,ratio_83,ratio_73,ratio_74,ratio_75,ratio_76,ratio_77,ratio_78,ratio_79,iter_128,iter_129,iter_122,pns_8,iter_123,pns_9,iter_120,pns_6,iter_121,pns_7,iter_126,pns_4,iter_127,pns_5,iter_124,pns_2,iter_125,pns_3,pns_0,pns_1,ratio_70,ratio_71,ratio_72,pns_189,pns_188,pns_187,pns_186,pns_185,pns_184,pns_183,pns_182,pns_181,iter_199,pns_191,pns_190,iter_197,iter_198,iter_191,iter_192,ll_10,iter_190,ll_11,iter_195,iter_196,iter_193,iter_194,pns_179,pns_178,pns_177,pns_176,pns_175,pns_174,pns_173,ratio_102,pns_172,ratio_101,pns_171,ratio_100,pns_170,iter_188,pns_180,iter_189,iter_186,iter_187,iter_180,iter_181,iter_184,iter_185,iter_182,iter_183,ll_27,ll_28,ll_29,ll_23,pns_169,ll_24,pns_168,ll_25,pns_167,ll_26,pns_166,pns_165,pns_164,pns_163,pns_162,ratio_113,pns_161,ratio_112,pns_160,ratio_111,ratio_110,iter_177,ratio_106,iter_178,ratio_105,iter_175,ratio_104,iter_176,ratio_103,ratio_109,iter_179,ratio_108,ratio_107,ll_30,iter_170,ll_31,ll_32,ll_33,iter_173,iter_174,iter_171,iter_172,ll_16,ll_17,ll_18,ll_19,pns_159,ll_12,pns_158,ll_13,pns_157,ll_14,pns_156,ll_15,pns_155,ratio_120,pns_154,pns_153,pns_152,pns_151,ratio_124,pns_150,ratio_123,ratio_122,ratio_121,iter_166,ratio_117,iter_167,ratio_116,iter_164,ratio_115,iter_165,ratio_114,iter_168,ratio_119,iter_169,ratio_118,ll_20,ll_21,ll_22,iter_162,iter_163,iter_160,iter_161,ll_49,ratio_20,pns_149,ratio_21,pns_148,ratio_22,ll_45,pns_147,ratio_23,ll_46,pns_146,ratio_24,ll_47,pns_145,ratio_25,ll_48,pns_144,ratio_26,pns_143,ratio_27,pns_142,ratio_28,pns_141,ratio_29,pns_140,falseState,ll_52,ll_53,ll_54,ll_55,ll_50,ll_51,ll_38,ll_39,pns_139,pns_138,ratio_10,pns_137,ratio_11,ll_34,pns_136,ratio_12,ll_35,pns_135,ratio_13,ll_36,pns_134,ratio_14,ll_37,pns_133,ratio_15,pns_132,ratio_16,pns_131,ratio_17,pns_130,ratio_18,ratio_19,effect,ll_41,ll_42,ll_43,ll_44,ll_40,pns_129,pns_128,pns_127,pns_126,ll_67,pns_125,ll_68,pns_124,ll_69,pns_123,pns_122,pns_121,pns_120,ll_74,ll_75,ll_76,ll_77,ll_70,ll_71,ll_72,ll_73,pns_119,pns_118,pns_117,pns_116,pns_115,ll_56,pns_114,ll_57,pns_113,ll_58,pns_112,ll_59,pns_111,pns_110,ll_63,ll_64,ll_65,ll_66,ll_60,ll_61,ll_62,pns_91,pns_92,pns_90,pns_95,ratio_171,pns_96,ratio_170,pns_93,pns_94,pns_99,ratio_175,ratio_174,pns_97,ratio_173,pns_98,ratio_172,ratio_179,ratio_178,ratio_177,ratio_176,ratio_169,pns_80,pns_81,pns_84,ratio_182,pns_85,ratio_181,pns_82,ratio_180,pns_83,pns_88,ratio_186,pns_89,ratio_185,pns_86,ratio_184,pns_87,ratio_183,ratio_189,ratio_188,ratio_187,pns_70,pns_73,ratio_193,pns_74,ratio_192,pns_71,ratio_191,pns_72,ratio_190,pns_77,ratio_197,pns_78,ratio_196,pns_75,ratio_195,pns_76,ratio_194,pns_79,ratio_199,ll_max,ratio_198,pns_62,pns_63,pns_60,pns_61,pns_66,pns_67,pns_64,pns_65,pns_68,pns_69,ratio_131,ratio_130,ratio_135,ratio_134,ratio_133,ratio_132,ratio_128,ll_129,ratio_127,ll_128,ratio_126,ratio_125,ratio_129,ll_121,ll_120,ll_123,ll_122,ll_125,ll_124,ll_127,ll_126,ratio_142,ratio_141,ratio_140,ratio_146,ratio_145,ratio_144,ratio_143,ratio_139,ll_118,ratio_138,ll_117,ratio_137,ratio_136,ll_119,ll_110,ll_112,ll_111,ll_114,ll_113,ll_116,ll_115,ratio_153,ratio_152,ratio_151,ratio_150,ratio_157,ratio_156,ratio_155,ratio_154,ll_107,ratio_149,ll_106,ratio_148,ll_109,ratio_147,ll_108,ll_101,ll_100,ll_103,ll_102,ll_105,ll_104,ratio_160,ratio_164,ratio_163,ratio_162,ratio_161,ratio_168,ratio_167,ratio_166,ratio_165,ratio_159,ratio_158,ll_161,ll_160,ll_163,ll_162,pns_11,pns_12,pns_10,pns_15,pns_16,pns_13,pns_14,pns_19,pns_17,pns_18,ll_165,time_learn,ll_164,ll_167,ll_166,ll_169,ll_168,ll_150,ll_152,ll_151,ll_154,ll_153,ll_156,ll_155,ll_158,ll_157,ll_159,ll_141,ll_140,ll_143,ll_142,ll_145,ll_144,ll_147,ll_146,ll_149,ll_148,ll_130,ll_139,ll_132,ll_131,ll_134,ll_133,ll_136,ll_135,ll_138,ll_137,pns_51,pns_52,pns_50,pns_55,pns_56,pns_53,pns_54,pns_59,pns_57,pns_58,ll_190,ll_192,ll_191,pns_40,ll_194,pns_41,ll_193,ll_196,ll_195,pns_44,pns_45,pns_42,pns_43,pns_48,pns_49,pns_46,pns_47,ll_198,ll_197,ll_199,ll_181,ll_180,ll_183,pns_30,ll_182,ll_185,iter_max,ll_184,pns_33,pns_34,pns_31,pns_32,pns_37,pns_38,pns_35,pns_36,pns_39,ll_187,ll_186,ll_189,ll_188,ll_170,ll_172,ll_171,ll_174,ll_173,pns_22,pns_23,pns_20,pns_21,pns_26,pns_27,pns_24,pns_25,pns_28,pns_29,ll_176,ll_175,ll_178,ll_177,ll_179,ratio_0,ratio_1,ratio_2,ratio_3,iter_10,iter_11,iter_16,iter_17,iter_18,iter_19,iter_12,iter_13,iter_14,iter_15,iter_30,iter_31,iter_32,iter_33,modelPath,iter_38,iter_39,iter_34,iter_35,iter_36,iter_37,iter_20,iter_21,iter_22,iter_27,iter_28,iter_29,iter_23,iter_24,iter_25,iter_26,iter_52,iter_53,iter_54,iter_55,iter_50,iter_51,iter_56,iter_57,iter_58,iter_59,iter_41,iter_42,iter_43,iter_44,method,modelID,iter_40,iter_49,iter_45,iter_46,iter_47,iter_48,exact,iter_74,iter_75,iter_76,iter_77,iter_70,iter_71,iter_72,iter_73,iter_78,iter_79,iter_80,iter_63,iter_64,iter_65,iter_66,iter_60,iter_61,iter_62,infoPath,iter_67,iter_68,iter_69,iter_96,iter_97,iter_98,iter_99,iter_92,iter_93,iter_94,iter_95,threshold,iter_85,ratio_4,iter_86,ratio_5,iter_87,ratio_6,iter_88,ratio_7,iter_81,ratio_8,iter_82,ratio_9,iter_83,iter_84,iter_89,iter_90,iter_91
0,-5287.480213294553,-5287.480213253211,-5287.480213253987,-5287.480213253264,-5287.480213257877,-5287.4804367353745,-5287.480213268088,1000,-5287.993895945001,-5287.480217185611,-5287.480431619609,-5287.48476953329,-5288.108366548288,-5287.9072267627,-5287.480213647701,-5287.4804893068585,-5287.495001897534,-5287.48021376506,-5287.480213254471,-5287.4802132559225,-5287.6103835683225,-5287.480213258778,-5287.482971388084,/mnt/beegfs/rcabanas/dev/credici/papers/journalEM/output/synthetic/s1d/random_mc2_n6_mid3_d1000_05_mr098_r10_68_uai_ccve.csv,LLratio,0.02330055117791276,0.045700782483228855,0.016980396599719234,0.12343832085473883,0.14351743653782845,0.011942460739894589,0.07986461164165314,0.10831881904473174,-5287.480213253931,-5287.480213674516,-5287.4802132536115,-5287.480335621916,-5287.504188716258,-5287.493284350656,-5287.480213337889,-5287.480213253377,-5287.480213253212,-5287.481064524496,500,500,379,500,500,500,500,500,500,500,0,969,0.10499057033305295,0.9999999887951004,0.13537479174850103,0.9999999999947983,0.12561914692970946,0.9999994846724799,0.01741961582304499,0.9999972728171151,0.0429091323495087,1.0,0.037562629672110326,0.9999999763004007,0.03927169527842572,0.9999999999999136,0.05325713614553336,0.9999749474095566,500,0.12055668168336611,500,500,500,500,500,500,500,500,500,0.9999999976650272,0.08811367251179147,0.9999999999999998,0.9999999988155189,0.9999999999276885,0.9999925783463319,0.9999999999997342,0.9999999999999997,0.9998400754208984,0.999941258865608,0.9999999999981427,500,0.99999999999993,500,500,500,500,435,500,500,500,500,0.9999999999674152,0.9999999916931863,0.9999999999824671,0.9999999540997906,0.9999999999999983,0.9999999550358802,0.9999999991106509,0.9999998092259736,0.9999999327669902,0.9999999861266134,0.9999992515633092,0.999999999794342,0.9999981233187688,0.9999999999996879,0.9999999999905543,0.999999999999728,0.9999979187552681,0.9998881562354366,0.9999998743237852,0.9999835208335348,0.9999989189969225,500,500,500,500,500,500,500,500,500,500,0.9999991382897012,0.9999999999999898,0.9999999999991173,0.9999999577337134,0.9999999999971864,500,500,500,500,500,480,0.14887050019086454,500,500,0.9999999999999998,500,0.9999999999998532,2.0857988263330485E-5,500,0.999902858682915,0.999999999256281,0.9999999587012376,0.9999994783652474,0.9999999477910797,0.9999972030906283,0.9999999999031962,0.9999999999997616,0.999999999992181,500,500,500,500,500,500,500,500,500,0.9999999999253917,500,0.9999999999994872,0.9999753820146211,0.9999999999989471,0.9999996638888307,0.9999999999018184,0.9999999989754549,0.9999999982489555,0.999922112055048,0.9998812139896653,0.9999192471631634,500,500,500,2.0857988263330485E-5,500,0.06086800124370262,500,0.029368923636769788,500,0.12468329940427346,500,0.13831298231622427,500,3.49263795181499E-4,500,0.03542443099895902,500,0.07197074467613226,0.038371217882757575,0.13085423269296442,0.9999999999999978,1.0,0.9999999999966146,0.1319595953884175,0.0902538036198813,0.0447833377511308,0.0028271255421801517,0.012124209521257184,0.034174311803525925,0.12866799294396028,0.09149781945389764,0.10241452392076371,500,0.10537908332125884,0.006294663711895526,500,500,500,500,-5287.482386772162,500,-5287.480213253217,500,500,500,500,0.12922357003546575,0.11512278597825573,0.09082143780323182,0.118545766202914,0.031921634884419514,0.025556000768816894,0.01762014586731116,0.999999998201104,0.12856121221080616,1.0,0.006849810077820899,0.9999999999985743,0.007282921387032423,500,0.019971323157683712,500,500,500,500,500,500,500,500,500,-5287.480213253212,-5287.480847259141,-5287.5992966788,-5287.480217596732,0.11169628507305152,-5287.48021325323,0.09336454524431873,-5287.48021354477,0.13368902686384593,-5287.54579718136,0.0048129531100627575,0.03280370598657917,0.042096826268487056,0.04806638896814064,0.024858106868213888,0.9999923185454798,0.08311578446411069,0.9999997357795126,1.2933469394087876E-4,0.9999940254994493,0.999999999999996,500,0.9999999999996395,500,0.9999999458129081,500,0.9999999947962138,416,0.9999911213675494,0.9999999999999112,500,0.9999999762732611,0.9999958386765291,-5287.480214340623,500,-5287.4901361867105,-5287.480213254861,-5287.480213303154,500,500,500,500,-5287.480213253212,-5287.485035168731,-5287.480401141019,-5287.767672710114,0.009626145735479638,-5287.4819149347,0.10895914648787272,-5287.480213254403,0.03923955729895315,-5287.480237971784,0.03739716076822776,-5287.480213444233,0.03830857430986456,0.9999999964496395,0.025969569498522478,0.09566256631357435,0.02374240192409555,0.029950307251935197,0.999998787584187,0.06476609070479683,0.9999999993965886,0.999999988094172,0.9999999989193592,500,0.999999875605066,500,0.9999999963899932,500,0.9999999999999601,500,0.9999998377078373,500,0.9999999692806114,500,0.999991983644695,-5287.480213964195,-5287.6086645185815,-5287.480549058698,500,500,500,500,-5287.484170600367,0.9999999998655341,0.02238649308708315,0.9999757071157266,0.13685378436635037,0.9999999364904545,-5287.480217955626,0.04180343365468776,0.9999999991785273,-5287.481221967292,0.04783881121416385,0.9999999999999963,-5287.480568746444,0.1232327693687978,0.9999999999448584,-5287.480286608467,0.10511594754842521,0.9999875965276395,0.08060782817482745,1.0,0.01997600979775164,0.9999998800930066,0.12849538633269242,0.999977478734884,0.09355375730358001,1,-5287.480213635554,-5287.519455391372,-5287.480213254616,-5287.480213253211,-5287.480213425502,-5287.480219516131,-5287.567347955733,-5287.485929041772,0.10629707865615537,0.08134528252464612,0.9999995889312167,0.09056920011808345,0.9999999999999987,-5287.4802132546465,0.01987918041040045,0.9999996781678847,-5287.491217816452,0.03860437002406078,0.999999999999775,-5288.07165109395,0.07393418066949678,0.999999995325075,-5287.480877763794,0.03896920860736877,0.9999999999638726,0.09010549219739533,0.9999999999999994,0.12873360795230734,0.9999990880512212,0.1331283447794394,0.9999999644655309,0.9999456368973267,1,-5287.480213345917,-5287.4804559496715,-5287.4802132532195,-5287.480451000115,-5287.4802571753235,0.1287339424016177,0.0725825257400132,0.020116792076186853,0.1442602087055162,-5287.480338564375,0.12766746270886237,-5287.480213253668,0.11538236616349024,-5287.612681648147,0.14866608383729946,0.12361558529548797,0.10192634772499948,0.12856323035089434,-5287.480213772344,-5287.480218670473,-5287.480222511824,-5287.892076300162,-5287.480213253222,-5287.480213253212,-5287.480213271112,-5287.481990434966,0.1024856852030414,0.024520720496906533,0.038607440970930926,0.12030381745315091,0.09369066751368257,-5288.325946554367,0.13641199460269027,-5287.790824084645,0.024812158776041218,-5287.480213263032,0.12745115536874232,-5287.480213253579,0.012401260314340301,0.10613188162004683,-5287.4802132807135,-5287.482938038682,-5287.494633218079,-5287.480213253211,-5287.480225599333,-5287.480213253212,-5287.480272498896,0.06594123712546701,0.13026149094238945,0.12845780686316643,0.14591815077324402,0.9999999999999991,0.11948800342090299,0.9999999999982835,0.1483299942033721,0.14161811243568317,0.12154087160213065,0.9999999999789023,0.9999999999999548,0.1125201318380297,0.9999999999999627,0.06504588034395864,0.9999999990342032,0.9999258730211319,0.999999944479831,0.9999999999650575,1.0,0.9999999987459512,0.007792446647999119,0.07199911778104977,0.12871816429131594,0.9999999999999778,0.11898860371041228,0.9999999999997959,0.12474121835996882,0.9999550586311817,0.14754670170108297,0.048523216370974905,0.9999997991950359,0.13193259027396972,0.9999652766145428,0.11965647732359341,0.9999999999999954,0.1173538169966363,0.9999999976852382,0.9999999999999132,0.9999999999999994,0.9999999999997984,0.09958322468884455,0.05179748222526297,0.9999999992375638,0.012775135367508945,0.9999999999999993,0.03323858665551977,0.9999999999702629,0.12314617835264056,0.9999999992299187,0.09335109501976041,0.999999985854356,0.011111984920805087,0.9999999999999948,0.06826905374394762,0.9999717304143214,0.04778765897372078,0.9999999999999074,0.031403200381248914,0.9999876900280037,-5287.480213253211,0.9999999762838783,0.12248410990762695,0.10202977808523882,0.05064624310649478,0.08294804880016976,0.09339153668612943,0.1463618415201201,0.12943063345470388,0.03577724927210836,0.0935111331141254,0.12869476372288416,0.9999998733878107,0.9999999999999997,0.9999999999999984,0.9999999634483193,0.9999999999973436,0.9999999999999469,0.999999999583931,-5287.498496353881,0.9999965952166963,-5287.480215453167,0.9999730449140696,0.9999999876514425,0.9999965422021994,-5287.480218967078,-5287.480232025671,-5287.480216443737,-5287.48027620504,-5287.480278545966,-5287.486623885605,-5287.498216038854,-5287.622741578578,0.9999353899274305,0.9999842427833509,0.9999999980091084,0.9999999999988975,0.9999999999902368,0.9999999999994358,0.99999999851763,0.9999996650712755,-5287.522599913055,0.9999999999180115,-5287.480870989044,0.9999999901868796,0.9999999999999993,-5287.480375681374,-5287.480213253231,-5287.48161031418,-5287.511803495393,-5287.48107136995,-5287.5208291039835,-5287.48023234105,-5287.480213253421,0.9999999995680008,0.9999999971697099,0.9999986318409965,0.9999999959415696,0.9999999956191469,0.9999999999999974,0.9999999956717163,0.9999999085939444,-5287.502216260286,1.0,-5287.480213255116,0.9999999999943461,-5287.480213253681,0.9999990536968212,-5287.4803387078755,-5287.480213253212,-5287.480213260749,-5287.527159263429,-5287.480222764838,-5287.480499766403,-5287.480240768127,0.9999946874457024,0.9999999999999943,0.9999999999993773,0.9999998450431241,0.9999999999999909,0.9999999601165346,0.999999999965959,0.9999999999999312,0.9999892745182136,0.9999999999999922,0.9999999999999886,-5287.480213253259,-5287.508303428172,-5287.480213256504,-5287.481032584753,0.061213778681315036,0.05519100117082319,0.054757687627982325,0.13205171051912934,0.06651184924010949,0.051873065727315176,0.01741210435317892,0.14859608298576144,0.11959631299675276,0.03177850877602069,-5287.536924634191,825356,-5287.480213253242,-5287.480213433202,-5287.480213253574,-5287.48021988397,-5287.480424136253,-5287.48023471208,-5287.480228218314,-5287.487447376767,-5287.480696560964,-5287.480215537398,-5287.480213253224,-5287.480236138925,-5287.4802132532695,-5287.480236416885,-5287.480213253252,-5287.563530537308,-5287.4802237800095,-5287.480221091213,-5287.821859807307,-5287.480213304834,-5287.480213256193,-5287.48521681728,-5287.48021325904,-5287.480213253211,-5287.4802132831055,-5287.480213253213,-5287.481984182807,-5287.4802132534915,-5287.480882712741,-5287.480406519508,-5287.480213267256,-5287.480213253215,-5287.480213253219,-5287.480213686724,-5287.480265139891,7.361958636335623E-4,0.13567306870495624,0.13888816227082745,0.053449965798563356,0.14811125518454726,0.1448436156038751,0.042444298799587214,0.03554903751880064,0.14759584324766342,0.039110848713925436,-5287.480217325001,-5287.480213253214,-5287.480213410445,6.461849369709359E-4,-5287.480213253701,0.11567763412453405,-5287.4802172845775,-5287.480213253238,-5287.629692353835,0.11550973882566754,0.14302539198237882,0.0628796601452634,0.020863797133222055,0.12168862858826482,0.1119737101028522,0.0752253444283239,0.12828548430166334,-5287.480338651738,-5287.480288048024,-5287.545302787818,-5287.48021325429,-5287.717850531337,-5287.480225492468,0.08457461610647801,-5287.480213253329,-5287.663818842161,500,-5287.480213253235,0.0533172924408699,0.12186989736742826,0.14260917892515196,0.04294974050249353,0.058750902788074766,0.04591722750416497,0.006920000296844854,0.12668719137965187,0.14887050019086454,-5287.480213254277,-5287.481275005697,-5287.48021325367,-5287.480213253212,-5287.480213262286,-5287.480218359842,-5287.480213253214,-5287.48021325345,-5287.480213253408,0.0030152461827872195,0.014271183764449039,0.13120515486526518,3.5045333981390084E-4,0.03927131124516865,0.02723286654621311,0.0751099856956349,0.019014213803704685,0.06387416199940396,0.019556079089796233,-5287.480213253211,-5287.4802133647645,-5287.480506815022,-5287.48021343797,-5287.872187243093,0.9999999999999243,0.9999999999998639,0.9999999999203205,0.9999975279216934,500,500,500,500,500,500,500,500,500,500,500,500,500,500,/mnt/beegfs/rcabanas/dev/credici/papers/journalEM/models/synthetic/s1/random_mc2_n6_mid3_d1000_05_mr098_r10_68.uai,500,500,500,500,500,500,500,500,500,482,500,500,500,500,500,500,500,500,500,500,500,500,500,500,500,500,500,500,500,500,EMCC,random_mc2_n6_mid3_d1000_05_mr098_r10_68_uai,500,500,500,500,500,500,false,500,500,500,500,500,492,500,500,500,500,500,500,500,500,457,500,433,500,/mnt/beegfs/rcabanas/dev/credici/papers/journalEM/models/synthetic/s1/random_mc2_n6_mid3_d1000_05_mr098_r10_68_info.csv,500,500,500,500,500,500,500,500,500,500,500,1.0,500,0.9999999999839854,500,0.9999999768568963,500,0.9999954656370582,500,1.0,500,0.9999998390024902,500,0.9999999999999685,500,500,500,466,500
