trueState,ll_89,ll_90,ll_91,ll_96,ll_97,ll_98,ll_99,datasize,ll_92,ll_93,ll_94,ll_95,ll_78,ll_79,ll_80,ll_85,ll_86,ll_87,ll_88,ll_81,ll_82,ll_83,ll_84,exactPath,stop_criteria,pns_199,pns_198,pns_197,pns_196,pns_195,pns_194,pns_193,pns_192,ll_1,ll_2,ll_0,ll_5,ll_6,ll_3,ll_4,ll_9,ll_7,ll_8,iter_9,iter_8,iter_7,iter_6,iter_5,iter_4,iter_3,iter_2,iter_1,iter_0,cause,time_pns,pns_108,ratio_62,pns_107,ratio_63,pns_106,ratio_64,pns_105,ratio_65,pns_104,ratio_66,pns_103,ratio_67,pns_102,ratio_68,pns_101,ratio_69,iter_119,pns_100,iter_117,iter_118,iter_111,iter_112,iter_110,iter_115,iter_116,iter_113,iter_114,ratio_60,pns_109,ratio_61,ratio_51,ratio_52,ratio_53,ratio_54,ratio_55,ratio_56,ratio_57,ratio_58,iter_108,ratio_59,iter_109,iter_106,iter_107,iter_100,iter_101,iter_104,iter_105,iter_102,iter_103,ratio_50,ratio_40,ratio_41,ratio_42,ratio_43,ratio_44,ratio_45,ratio_46,ratio_47,ratio_48,ratio_49,ratio_30,ratio_31,ratio_32,ratio_33,ratio_34,ratio_35,ratio_36,ratio_37,ratio_38,ratio_39,iter_155,iter_156,iter_153,iter_154,iter_159,iter_157,iter_158,iter_151,iter_152,iter_150,ratio_95,ratio_96,ratio_97,ratio_98,ratio_99,iter_144,iter_145,iter_142,iter_143,iter_148,iter_149,pns_u,iter_146,iter_147,ratio_90,iter_140,ratio_91,pns_l,iter_141,ratio_92,ratio_93,ratio_94,ratio_84,ratio_85,ratio_86,ratio_87,ratio_88,ratio_89,iter_139,iter_133,iter_134,iter_131,iter_132,iter_137,iter_138,iter_135,iter_136,ratio_80,iter_130,ratio_81,ratio_82,ratio_83,ratio_73,ratio_74,ratio_75,ratio_76,ratio_77,ratio_78,ratio_79,iter_128,iter_129,iter_122,pns_8,iter_123,pns_9,iter_120,pns_6,iter_121,pns_7,iter_126,pns_4,iter_127,pns_5,iter_124,pns_2,iter_125,pns_3,pns_0,pns_1,ratio_70,ratio_71,ratio_72,pns_189,pns_188,pns_187,pns_186,pns_185,pns_184,pns_183,pns_182,pns_181,iter_199,pns_191,pns_190,iter_197,iter_198,iter_191,iter_192,ll_10,iter_190,ll_11,iter_195,iter_196,iter_193,iter_194,pns_179,pns_178,pns_177,pns_176,pns_175,pns_174,pns_173,ratio_102,pns_172,ratio_101,pns_171,ratio_100,pns_170,iter_188,pns_180,iter_189,iter_186,iter_187,iter_180,iter_181,iter_184,iter_185,iter_182,iter_183,ll_27,ll_28,ll_29,ll_23,pns_169,ll_24,pns_168,ll_25,pns_167,ll_26,pns_166,pns_165,pns_164,pns_163,pns_162,ratio_113,pns_161,ratio_112,pns_160,ratio_111,ratio_110,iter_177,ratio_106,iter_178,ratio_105,iter_175,ratio_104,iter_176,ratio_103,ratio_109,iter_179,ratio_108,ratio_107,ll_30,iter_170,ll_31,ll_32,ll_33,iter_173,iter_174,iter_171,iter_172,ll_16,ll_17,ll_18,ll_19,pns_159,ll_12,pns_158,ll_13,pns_157,ll_14,pns_156,ll_15,pns_155,ratio_120,pns_154,pns_153,pns_152,pns_151,ratio_124,pns_150,ratio_123,ratio_122,ratio_121,iter_166,ratio_117,iter_167,ratio_116,iter_164,ratio_115,iter_165,ratio_114,iter_168,ratio_119,iter_169,ratio_118,ll_20,ll_21,ll_22,iter_162,iter_163,iter_160,iter_161,ll_49,ratio_20,pns_149,ratio_21,pns_148,ratio_22,ll_45,pns_147,ratio_23,ll_46,pns_146,ratio_24,ll_47,pns_145,ratio_25,ll_48,pns_144,ratio_26,pns_143,ratio_27,pns_142,ratio_28,pns_141,ratio_29,pns_140,falseState,ll_52,ll_53,ll_54,ll_55,ll_50,ll_51,ll_38,ll_39,pns_139,pns_138,ratio_10,pns_137,ratio_11,ll_34,pns_136,ratio_12,ll_35,pns_135,ratio_13,ll_36,pns_134,ratio_14,ll_37,pns_133,ratio_15,pns_132,ratio_16,pns_131,ratio_17,pns_130,ratio_18,ratio_19,effect,ll_41,ll_42,ll_43,ll_44,ll_40,pns_129,pns_128,pns_127,pns_126,ll_67,pns_125,ll_68,pns_124,ll_69,pns_123,pns_122,pns_121,pns_120,ll_74,ll_75,ll_76,ll_77,ll_70,ll_71,ll_72,ll_73,pns_119,pns_118,pns_117,pns_116,pns_115,ll_56,pns_114,ll_57,pns_113,ll_58,pns_112,ll_59,pns_111,pns_110,ll_63,ll_64,ll_65,ll_66,ll_60,ll_61,ll_62,pns_91,pns_92,pns_90,pns_95,ratio_171,pns_96,ratio_170,pns_93,pns_94,pns_99,ratio_175,ratio_174,pns_97,ratio_173,pns_98,ratio_172,ratio_179,ratio_178,ratio_177,ratio_176,ratio_169,pns_80,pns_81,pns_84,ratio_182,pns_85,ratio_181,pns_82,ratio_180,pns_83,pns_88,ratio_186,pns_89,ratio_185,pns_86,ratio_184,pns_87,ratio_183,ratio_189,ratio_188,ratio_187,pns_70,pns_73,ratio_193,pns_74,ratio_192,pns_71,ratio_191,pns_72,ratio_190,pns_77,ratio_197,pns_78,ratio_196,pns_75,ratio_195,pns_76,ratio_194,pns_79,ratio_199,ll_max,ratio_198,pns_62,pns_63,pns_60,pns_61,pns_66,pns_67,pns_64,pns_65,pns_68,pns_69,ratio_131,ratio_130,ratio_135,ratio_134,ratio_133,ratio_132,ratio_128,ll_129,ratio_127,ll_128,ratio_126,ratio_125,ratio_129,ll_121,ll_120,ll_123,ll_122,ll_125,ll_124,ll_127,ll_126,ratio_142,ratio_141,ratio_140,ratio_146,ratio_145,ratio_144,ratio_143,ratio_139,ll_118,ratio_138,ll_117,ratio_137,ratio_136,ll_119,ll_110,ll_112,ll_111,ll_114,ll_113,ll_116,ll_115,ratio_153,ratio_152,ratio_151,ratio_150,ratio_157,ratio_156,ratio_155,ratio_154,ll_107,ratio_149,ll_106,ratio_148,ll_109,ratio_147,ll_108,ll_101,ll_100,ll_103,ll_102,ll_105,ll_104,ratio_160,ratio_164,ratio_163,ratio_162,ratio_161,ratio_168,ratio_167,ratio_166,ratio_165,ratio_159,ratio_158,ll_161,ll_160,ll_163,ll_162,pns_11,pns_12,pns_10,pns_15,pns_16,pns_13,pns_14,pns_19,pns_17,pns_18,ll_165,time_learn,ll_164,ll_167,ll_166,ll_169,ll_168,ll_150,ll_152,ll_151,ll_154,ll_153,ll_156,ll_155,ll_158,ll_157,ll_159,ll_141,ll_140,ll_143,ll_142,ll_145,ll_144,ll_147,ll_146,ll_149,ll_148,ll_130,ll_139,ll_132,ll_131,ll_134,ll_133,ll_136,ll_135,ll_138,ll_137,pns_51,pns_52,pns_50,pns_55,pns_56,pns_53,pns_54,pns_59,pns_57,pns_58,ll_190,ll_192,ll_191,pns_40,ll_194,pns_41,ll_193,ll_196,ll_195,pns_44,pns_45,pns_42,pns_43,pns_48,pns_49,pns_46,pns_47,ll_198,ll_197,ll_199,ll_181,ll_180,ll_183,pns_30,ll_182,ll_185,iter_max,ll_184,pns_33,pns_34,pns_31,pns_32,pns_37,pns_38,pns_35,pns_36,pns_39,ll_187,ll_186,ll_189,ll_188,ll_170,ll_172,ll_171,ll_174,ll_173,pns_22,pns_23,pns_20,pns_21,pns_26,pns_27,pns_24,pns_25,pns_28,pns_29,ll_176,ll_175,ll_178,ll_177,ll_179,ratio_0,ratio_1,ratio_2,ratio_3,iter_10,iter_11,iter_16,iter_17,iter_18,iter_19,iter_12,iter_13,iter_14,iter_15,iter_30,iter_31,iter_32,iter_33,modelPath,iter_38,iter_39,iter_34,iter_35,iter_36,iter_37,iter_20,iter_21,iter_22,iter_27,iter_28,iter_29,iter_23,iter_24,iter_25,iter_26,iter_52,iter_53,iter_54,iter_55,iter_50,iter_51,iter_56,iter_57,iter_58,iter_59,iter_41,iter_42,iter_43,iter_44,method,modelID,iter_40,iter_49,iter_45,iter_46,iter_47,iter_48,exact,iter_74,iter_75,iter_76,iter_77,iter_70,iter_71,iter_72,iter_73,iter_78,iter_79,iter_80,iter_63,iter_64,iter_65,iter_66,iter_60,iter_61,iter_62,infoPath,iter_67,iter_68,iter_69,iter_96,iter_97,iter_98,iter_99,iter_92,iter_93,iter_94,iter_95,threshold,iter_85,ratio_4,iter_86,ratio_5,iter_87,ratio_6,iter_88,ratio_7,iter_81,ratio_8,iter_82,ratio_9,iter_83,iter_84,iter_89,iter_90,iter_91
0,-7571.165902142239,-7571.165866745377,-7571.165727982689,-7571.165939265785,-7571.165646161828,-7571.165898257112,-7571.203485054417,1000,-7571.78741857722,-7571.165391563968,-7571.1659657187865,-7571.165865979039,-7571.173800467506,-7571.165860560517,-7571.165661218951,-7571.165954583772,-7571.279717169935,-7571.165270626027,-7571.165514454615,-7571.184762933204,-7571.165634238781,-7571.164984701167,-7571.186079858964,/mnt/beegfs/rcabanas/dev/credici/papers/journalEM/output/synthetic/s1d/random_mc2_n7_mid3_d1000_05_mr098_r10_80_uai_ccve.csv,LLratio,0.16764482317118015,0.1392319056537321,0.1807506061528595,0.0913196696436309,0.10505327518708876,0.10453631101636379,0.1483995119802899,0.17224266638199273,-7571.165758350975,-7571.165910713455,-7571.179698988118,-7571.166765256213,-7571.1693307794,-7571.165802582636,-7571.165371516199,-7571.165785599607,-7571.169155284211,-7571.213964926191,322,500,500,500,500,292,332,356,331,500,0,727,0.16215233339958546,0.9999990854783646,0.14490941289668366,0.9999990141865552,0.12133107428556589,0.9998388869659954,0.19465967561846018,0.9999990952502065,0.11914324020282839,0.9999934670153054,0.17112492174735733,0.9998633906904497,0.060835266953331545,0.999999021102669,0.12886726518335856,0.9999990371260281,500,0.14172694043252054,500,500,500,500,327,392,500,500,500,0.9999980785857193,0.1852271715120082,0.9999845154603644,0.9999990264816262,0.9999990061911362,0.9999990168808129,0.9999990014419916,0.9999990750863351,0.9999990112502027,0.999999031517684,0.9999963353529782,500,0.9999990722329156,500,279,500,194,307,321,500,500,349,0.999999015534068,0.9999990931961047,0.9996741809453191,0.9999990314858008,0.9999773781991373,0.9999990310045337,0.999999035305602,0.9999990910515323,0.9999990186690723,0.9999677520928238,0.9999990339086703,0.9999990498007657,0.9999551834031088,0.999138682039938,0.9997103832144856,0.9999990366598154,0.9999990262956264,0.9999990209661838,0.9999359021007452,0.9999826251105727,0.9999990332732,500,500,500,241,339,238,324,500,287,102,0.9999990214989708,0.9999990118192628,0.9999990505324126,0.9999990172356855,0.9999940527989956,500,276,500,364,352,198,0.2095976307246909,500,221,0.999999021397753,240,0.9999990397255188,0.04079884005413317,357,0.9999169336172553,0.9999990841596816,0.9999990083253524,0.9999963516583493,0.9999990097960645,0.9999839842683118,0.9999991001331582,0.9999990679282926,0.999999016722538,500,283,305,324,500,462,500,210,192,0.9999990485436687,500,0.9999965255969069,0.9999990521072076,0.9999991378980998,0.9999971844160691,0.9999991429648838,0.9999990483261338,0.9999990664925379,0.9999990599801465,0.9999979735134255,0.9999990222146488,438,278,216,0.0911797807424202,283,0.1772798597721558,500,0.1457871546124449,466,0.19601147047385709,500,0.14188731861225823,500,0.14827409503456085,314,0.1331437480177029,500,0.11704930703955381,0.11928531096644308,0.19203982981031553,0.9999916326049532,0.9999901782479287,0.9999990201396828,0.10775632261866985,0.09139213810811596,0.1795773530665021,0.12942968879527583,0.16825492753187615,0.20689257568381886,0.20167089922395415,0.15583493459922398,0.1567745755979102,312,0.1770297353338546,0.11471092280465772,500,254,280,500,-7571.165867974707,500,-7571.165777662596,500,295,500,406,0.1722456503730638,0.13530990199967124,0.17629276687626122,0.18494644448973488,0.08358339122506918,0.18159772202258462,0.10205153428302544,0.9999936238411408,0.14918314875707397,0.9999990507908897,0.1022198709442971,0.9999990954910545,0.17221243563063054,500,0.1897016428117648,430,500,327,420,500,404,321,500,288,-7571.165799002129,-7571.165900085354,-7571.185652299385,-7571.1658173658925,0.1606498183892446,-7571.165096083669,0.05795716875376089,-7571.21753371038,0.107923383041252,-7571.165878588832,0.1758298928741872,0.15571260023797706,0.15399903968090664,0.12363678813746874,0.1526512727908269,0.9999931760283349,0.18251145064579233,0.9998530226739878,0.11974415594755035,0.9998779385172282,0.9999990186334232,348,0.9999990185188007,404,0.9999352585683967,278,0.9999990279726324,500,0.9999990300240662,0.9999990054663895,365,0.9999901234077688,0.9999978688733792,-7571.165651701252,500,-7571.497786349599,-7577.685253990405,-7573.351827397267,413,273,323,500,-7571.165927795509,-7571.165893720206,-7571.1659286138565,-7571.2560310949775,0.20699409711321037,-7571.165816221495,0.14719937323467472,-7571.164966331978,0.17735915600611307,-7571.165978150711,0.1530750803077179,-7571.165558307661,0.10217102551510995,0.9999984690096912,0.15382809192737573,0.2030416968078996,0.13406001724102765,0.08339458862130256,0.9999990320636847,0.1326206221538064,0.9999990967720032,0.9999990291867744,0.9999990830501563,295,0.9999987399996813,332,0.9999982480737475,284,0.9999990394125842,362,0.9999409557772478,500,0.9993823562702147,238,0.9999982749963562,-7571.203702038328,-7571.334960446727,-7571.165431138974,307,500,269,290,-7571.165772023054,0.9999940241400624,0.1103090063364541,0.9999766880131176,0.17001036866716565,0.9999990789326172,-7571.165761446642,0.1824477802211326,0.9999990279197917,-7571.16533938458,0.1984151879371064,0.9999991231867041,-7571.165887404691,0.18672571070570512,0.9999921972754486,-7571.402619474312,0.16325638222281563,0.9999990198334703,0.08980854388577965,0.9999990303452762,0.14143698656958384,0.9999990169942112,0.13997843850644434,0.9999964081300884,0.18899892527723317,1,-7571.165981877308,-7571.16590094391,-7571.166017833907,-7571.165460259839,-7571.16591114035,-7571.165828254491,-7571.290007912157,-7571.165776834311,0.10872231469182672,0.14470617037301642,0.999999021235383,0.15545685425479855,0.9999990331638,-7571.165751193659,0.16113520831069308,0.9999990280709435,-7571.165829662728,0.12805187627497497,0.9999991403243013,-7571.165870012859,0.1343952359636413,0.9999990066833448,-7571.6437840459075,0.11364573871426353,0.999999062136185,0.11519889788435074,0.9999990133342561,0.14418954609095505,0.9999990178349193,0.1755205541850792,0.9999990132261688,0.9999871126390218,6,-7573.626089278361,-7571.165790367019,-7571.329734698971,-7571.165794010778,-7571.165323147654,0.1154659883953059,0.16411863240895677,0.1820751084030144,0.12329267806740866,-7572.192889627879,0.15421158645332755,-7571.165868979506,0.13068888688394445,-7571.165747663881,0.1500736688662708,0.14361098006672762,0.12859785439626634,0.05943647475508206,-7571.164946339676,-7571.165662865944,-7571.165525324961,-7571.165574631399,-7571.22180898931,-7571.232820357083,-7571.165876270443,-7571.17977487756,0.19369559120855181,0.1176371468716095,0.06715082643517568,0.16579887222138587,0.15418441617934595,-7571.165943574237,0.16206813589164618,-7571.165790125627,0.1486303649457641,-7571.186203310417,0.10441289508279548,-7571.16548186357,0.17356171466426423,0.12766964142232545,-7571.165921342605,-7572.3784664548075,-7571.165307595695,-7571.207920170909,-7571.17300494538,-7571.2756953040425,-7571.165381579993,0.12819273171176013,0.11198881087173589,0.16080423779131658,0.1549485482194608,0.9999990695484706,0.09827136617209842,0.9997792779350699,0.07819916268744179,0.09294995876771911,0.1817605463991434,0.9999990835359579,0.9999990287917053,0.0967045859562689,0.9999990433883617,0.18817914995669133,0.9992575651100469,0.9999990139318706,0.999999017023364,0.9999991374737349,0.9999736801355351,0.9999990247649415,0.20164769181411907,0.18200734959783943,0.13022397395637042,0.999993064101766,0.08281240904149043,0.9999902144196026,0.1534458008373138,0.9999990637547735,0.14184977008799793,0.045904518879946725,0.9999762503372162,0.1315239388356701,0.9999990124616818,0.11297660890421045,0.9999990136308469,0.11673051373428547,0.9999990654546133,0.9999990596693452,0.999962380346368,0.9999990104493667,0.09010066247780978,0.16152592244221634,0.9999976320801495,0.11959887970065745,0.9996590521183718,0.04079884005413317,0.999999019110095,0.1471562052413458,0.99999168393922,0.1843419308364839,0.9999977731847367,0.1545264137259445,0.9999990323032283,0.11412753287865186,0.9999646711693322,0.15891307274576125,0.9999990364085652,0.15889678613512925,0.9999990418789657,-7571.158457585448,0.9999990773194997,0.1654773662194565,0.18682559854844313,0.12739476095938382,0.18674038542975613,0.10333530729308138,0.07760943507911652,0.1042895125933674,0.16402283888810182,0.14036356660462254,0.09836360265934617,0.9999990711549253,0.9999772924409717,0.999999082685574,0.9999990140671805,0.9999990672234641,0.9999977147294029,0.9999990429820668,-7571.16581447966,0.9999973282047246,-7571.1657033268,0.9999987798527642,0.9999925870802222,0.999999028301005,-7571.165399964377,-7571.170048973417,-7571.16529607391,-7571.165807773346,-7571.214582391767,-7571.1657859917605,-7571.178686224889,-7571.16769552478,0.9999609931306138,0.9999990137768824,0.9999990687724952,0.9999990348574015,0.9999990322200866,0.9999879414489307,0.9999990698412987,0.9999636070709478,-7571.171517883902,0.9999953604155859,-7571.167997259535,0.9999990880307114,0.999999048851092,-7575.837626193135,-7571.165887674595,-7572.271409789097,-7572.082717229583,-7571.605517148194,-7571.2101233088,-7571.171721719948,-7571.16573035197,0.9999835017415737,0.999999084610832,0.9999959166429668,0.999999034486704,0.9999990277094795,0.9992246081459144,0.9999984602608772,0.9999991125396236,-7571.174592717172,0.9999990435325204,-7571.165888542422,0.9999990530484824,-7571.165987364491,0.9999991183520753,-7571.2332355688,-7571.165644204852,-7571.165305772194,-7571.165801434065,-7571.206732802331,-7571.648656959094,-7571.165816965824,0.9999990558203166,0.9999990367465414,0.9999969245091792,0.9999990133314972,0.9999990282592359,0.9999946898048163,0.9999990851652937,0.9999991078484525,0.9999990157715811,0.9999990233351754,0.9999990206325523,-7571.1658147959,-7571.165606126191,-7571.181742685398,-7571.165927816397,0.16687634196235873,0.1364932245335014,0.0701923979513536,0.11696969824693798,0.12946855537208993,0.10506731395472625,0.11810198621027329,0.07874198760490679,0.16533589404029564,0.0733336682370629,-7571.165909342097,672394,-7571.165750537042,-7571.165383950307,-7571.165212212208,-7571.16584125181,-7571.198662128116,-7571.165767646662,-7571.1653881482325,-7571.189373454823,-7571.165176694543,-7571.2833705751145,-7577.033627738528,-7571.170115212279,-7571.165872538842,-7571.165818958202,-7571.165852076814,-7571.165924444309,-7571.165508063011,-7571.165499970915,-7571.453796294742,-7571.165784807615,-7571.249755887287,-7571.165132687474,-7571.165764840047,-7571.165699159219,-7571.165627112228,-7571.330384017065,-7571.434004245987,-7571.1757597707965,-7571.1654900252215,-7571.1659222464095,-7571.165519790993,-7571.165658891394,-7571.165402724692,-7571.193584777198,-7571.165362255738,0.13966733736971446,0.15566414259926525,0.10318934558165208,0.10834667682943146,0.16328463968902868,0.10176418329980813,0.12334265491359214,0.16363480304560202,0.09906789177944202,0.10762948234681809,-7571.221420322958,-7573.740708435989,-7571.165884065633,0.19860222433675923,-7571.165753095916,0.14028590671930663,-7571.176385524301,-7571.1657841781325,-7571.425947210649,0.1559689765158453,0.12392317068238753,0.06402955688082763,0.12619223407616106,0.08584456139645183,0.16121435256724104,0.10328887979950527,0.18642931509592822,-7571.165443352165,-7571.175317194204,-7571.165711678569,-7571.232546490237,-7571.165546053047,-7571.165533183268,0.11576240798179416,-7571.210970734248,-7571.165934401919,500,-7571.165925549969,0.16198252171378147,0.16452485842835973,0.11027211542180938,0.17405896324247064,0.2095976307246909,0.1453305804915858,0.099166629962864,0.06840061488733762,0.1332565743800981,-7571.165949637507,-7571.338274316284,-7571.165576984531,-7571.443292659611,-7572.829948248989,-7576.783726177388,-7571.165502187967,-7571.165810764483,-7571.165700250672,0.09618160124944733,0.08218106233750092,0.16839299064233823,0.16943868189842895,0.15059504375545574,0.13562366479479626,0.14007862862374923,0.20244687121382401,0.1603284376221804,0.05374588166189261,-7571.35773469484,-7571.165396286289,-7571.1658998646335,-7571.164987914106,-7571.165923270866,0.9999971944395043,0.9999990357144776,0.9999990155904523,0.999999029872363,233,293,493,331,458,500,285,317,204,456,320,500,500,500,/mnt/beegfs/rcabanas/dev/credici/papers/journalEM/models/synthetic/s1/random_mc2_n7_mid3_d1000_05_mr098_r10_80.uai,500,301,304,283,316,500,500,500,266,358,270,500,252,297,500,267,313,233,500,120,418,222,468,307,500,266,500,374,500,257,EMCC,random_mc2_n7_mid3_d1000_05_mr098_r10_80_uai,389,291,226,302,291,500,false,285,481,354,352,500,500,339,500,500,246,455,310,500,322,500,500,500,139,/mnt/beegfs/rcabanas/dev/credici/papers/journalEM/models/synthetic/s1/random_mc2_n7_mid3_d1000_05_mr098_r10_80_info.csv,500,498,244,455,305,328,500,500,402,319,324,0.999999,365,0.9999990868075898,500,0.9999989027225231,409,0.9999985638686076,409,0.9999985870479783,500,0.9999926686339864,311,0.9999990321154801,346,500,315,311,311
