trueState,ll_89,ll_90,ll_91,ll_96,ll_97,ll_98,ll_99,datasize,ll_92,ll_93,ll_94,ll_95,ll_78,ll_79,ll_80,ll_85,ll_86,ll_87,ll_88,ll_81,ll_82,ll_83,ll_84,exactPath,stop_criteria,pns_199,pns_198,pns_197,pns_196,pns_195,pns_194,pns_193,pns_192,ll_1,ll_2,ll_0,ll_5,ll_6,ll_3,ll_4,ll_9,ll_7,ll_8,iter_9,iter_8,iter_7,iter_6,iter_5,iter_4,iter_3,iter_2,iter_1,iter_0,cause,time_pns,pns_108,ratio_62,pns_107,ratio_63,pns_106,ratio_64,pns_105,ratio_65,pns_104,ratio_66,pns_103,ratio_67,pns_102,ratio_68,pns_101,ratio_69,iter_119,pns_100,iter_117,iter_118,iter_111,iter_112,iter_110,iter_115,iter_116,iter_113,iter_114,ratio_60,pns_109,ratio_61,ratio_51,ratio_52,ratio_53,ratio_54,ratio_55,ratio_56,ratio_57,ratio_58,iter_108,ratio_59,iter_109,iter_106,iter_107,iter_100,iter_101,iter_104,iter_105,iter_102,iter_103,ratio_50,ratio_40,ratio_41,ratio_42,ratio_43,ratio_44,ratio_45,ratio_46,ratio_47,ratio_48,ratio_49,ratio_30,ratio_31,ratio_32,ratio_33,ratio_34,ratio_35,ratio_36,ratio_37,ratio_38,ratio_39,iter_155,iter_156,iter_153,iter_154,iter_159,iter_157,iter_158,iter_151,iter_152,iter_150,ratio_95,ratio_96,ratio_97,ratio_98,ratio_99,iter_144,iter_145,iter_142,iter_143,iter_148,iter_149,pns_u,iter_146,iter_147,ratio_90,iter_140,ratio_91,pns_l,iter_141,ratio_92,ratio_93,ratio_94,ratio_84,ratio_85,ratio_86,ratio_87,ratio_88,ratio_89,iter_139,iter_133,iter_134,iter_131,iter_132,iter_137,iter_138,iter_135,iter_136,ratio_80,iter_130,ratio_81,ratio_82,ratio_83,ratio_73,ratio_74,ratio_75,ratio_76,ratio_77,ratio_78,ratio_79,iter_128,iter_129,iter_122,pns_8,iter_123,pns_9,iter_120,pns_6,iter_121,pns_7,iter_126,pns_4,iter_127,pns_5,iter_124,pns_2,iter_125,pns_3,pns_0,pns_1,ratio_70,ratio_71,ratio_72,pns_189,pns_188,pns_187,pns_186,pns_185,pns_184,pns_183,pns_182,pns_181,iter_199,pns_191,pns_190,iter_197,iter_198,iter_191,iter_192,ll_10,iter_190,ll_11,iter_195,iter_196,iter_193,iter_194,pns_179,pns_178,pns_177,pns_176,pns_175,pns_174,pns_173,ratio_102,pns_172,ratio_101,pns_171,ratio_100,pns_170,iter_188,pns_180,iter_189,iter_186,iter_187,iter_180,iter_181,iter_184,iter_185,iter_182,iter_183,ll_27,ll_28,ll_29,ll_23,pns_169,ll_24,pns_168,ll_25,pns_167,ll_26,pns_166,pns_165,pns_164,pns_163,pns_162,ratio_113,pns_161,ratio_112,pns_160,ratio_111,ratio_110,iter_177,ratio_106,iter_178,ratio_105,iter_175,ratio_104,iter_176,ratio_103,ratio_109,iter_179,ratio_108,ratio_107,ll_30,iter_170,ll_31,ll_32,ll_33,iter_173,iter_174,iter_171,iter_172,ll_16,ll_17,ll_18,ll_19,pns_159,ll_12,pns_158,ll_13,pns_157,ll_14,pns_156,ll_15,pns_155,ratio_120,pns_154,pns_153,pns_152,pns_151,ratio_124,pns_150,ratio_123,ratio_122,ratio_121,iter_166,ratio_117,iter_167,ratio_116,iter_164,ratio_115,iter_165,ratio_114,iter_168,ratio_119,iter_169,ratio_118,ll_20,ll_21,ll_22,iter_162,iter_163,iter_160,iter_161,ll_49,ratio_20,pns_149,ratio_21,pns_148,ratio_22,ll_45,pns_147,ratio_23,ll_46,pns_146,ratio_24,ll_47,pns_145,ratio_25,ll_48,pns_144,ratio_26,pns_143,ratio_27,pns_142,ratio_28,pns_141,ratio_29,pns_140,falseState,ll_52,ll_53,ll_54,ll_55,ll_50,ll_51,ll_38,ll_39,pns_139,pns_138,ratio_10,pns_137,ratio_11,ll_34,pns_136,ratio_12,ll_35,pns_135,ratio_13,ll_36,pns_134,ratio_14,ll_37,pns_133,ratio_15,pns_132,ratio_16,pns_131,ratio_17,pns_130,ratio_18,ratio_19,effect,ll_41,ll_42,ll_43,ll_44,ll_40,pns_129,pns_128,pns_127,pns_126,ll_67,pns_125,ll_68,pns_124,ll_69,pns_123,pns_122,pns_121,pns_120,ll_74,ll_75,ll_76,ll_77,ll_70,ll_71,ll_72,ll_73,pns_119,pns_118,pns_117,pns_116,pns_115,ll_56,pns_114,ll_57,pns_113,ll_58,pns_112,ll_59,pns_111,pns_110,ll_63,ll_64,ll_65,ll_66,ll_60,ll_61,ll_62,pns_91,pns_92,pns_90,pns_95,ratio_171,pns_96,ratio_170,pns_93,pns_94,pns_99,ratio_175,ratio_174,pns_97,ratio_173,pns_98,ratio_172,ratio_179,ratio_178,ratio_177,ratio_176,ratio_169,pns_80,pns_81,pns_84,ratio_182,pns_85,ratio_181,pns_82,ratio_180,pns_83,pns_88,ratio_186,pns_89,ratio_185,pns_86,ratio_184,pns_87,ratio_183,ratio_189,ratio_188,ratio_187,pns_70,pns_73,ratio_193,pns_74,ratio_192,pns_71,ratio_191,pns_72,ratio_190,pns_77,ratio_197,pns_78,ratio_196,pns_75,ratio_195,pns_76,ratio_194,pns_79,ratio_199,ll_max,ratio_198,pns_62,pns_63,pns_60,pns_61,pns_66,pns_67,pns_64,pns_65,pns_68,pns_69,ratio_131,ratio_130,ratio_135,ratio_134,ratio_133,ratio_132,ratio_128,ll_129,ratio_127,ll_128,ratio_126,ratio_125,ratio_129,ll_121,ll_120,ll_123,ll_122,ll_125,ll_124,ll_127,ll_126,ratio_142,ratio_141,ratio_140,ratio_146,ratio_145,ratio_144,ratio_143,ratio_139,ll_118,ratio_138,ll_117,ratio_137,ratio_136,ll_119,ll_110,ll_112,ll_111,ll_114,ll_113,ll_116,ll_115,ratio_153,ratio_152,ratio_151,ratio_150,ratio_157,ratio_156,ratio_155,ratio_154,ll_107,ratio_149,ll_106,ratio_148,ll_109,ratio_147,ll_108,ll_101,ll_100,ll_103,ll_102,ll_105,ll_104,ratio_160,ratio_164,ratio_163,ratio_162,ratio_161,ratio_168,ratio_167,ratio_166,ratio_165,ratio_159,ratio_158,ll_161,ll_160,ll_163,ll_162,pns_11,pns_12,pns_10,pns_15,pns_16,pns_13,pns_14,pns_19,pns_17,pns_18,ll_165,time_learn,ll_164,ll_167,ll_166,ll_169,ll_168,ll_150,ll_152,ll_151,ll_154,ll_153,ll_156,ll_155,ll_158,ll_157,ll_159,ll_141,ll_140,ll_143,ll_142,ll_145,ll_144,ll_147,ll_146,ll_149,ll_148,ll_130,ll_139,ll_132,ll_131,ll_134,ll_133,ll_136,ll_135,ll_138,ll_137,pns_51,pns_52,pns_50,pns_55,pns_56,pns_53,pns_54,pns_59,pns_57,pns_58,ll_190,ll_192,ll_191,pns_40,ll_194,pns_41,ll_193,ll_196,ll_195,pns_44,pns_45,pns_42,pns_43,pns_48,pns_49,pns_46,pns_47,ll_198,ll_197,ll_199,ll_181,ll_180,ll_183,pns_30,ll_182,ll_185,iter_max,ll_184,pns_33,pns_34,pns_31,pns_32,pns_37,pns_38,pns_35,pns_36,pns_39,ll_187,ll_186,ll_189,ll_188,ll_170,ll_172,ll_171,ll_174,ll_173,pns_22,pns_23,pns_20,pns_21,pns_26,pns_27,pns_24,pns_25,pns_28,pns_29,ll_176,ll_175,ll_178,ll_177,ll_179,ratio_0,ratio_1,ratio_2,ratio_3,iter_10,iter_11,iter_16,iter_17,iter_18,iter_19,iter_12,iter_13,iter_14,iter_15,iter_30,iter_31,iter_32,iter_33,modelPath,iter_38,iter_39,iter_34,iter_35,iter_36,iter_37,iter_20,iter_21,iter_22,iter_27,iter_28,iter_29,iter_23,iter_24,iter_25,iter_26,iter_52,iter_53,iter_54,iter_55,iter_50,iter_51,iter_56,iter_57,iter_58,iter_59,iter_41,iter_42,iter_43,iter_44,method,modelID,iter_40,iter_49,iter_45,iter_46,iter_47,iter_48,exact,iter_74,iter_75,iter_76,iter_77,iter_70,iter_71,iter_72,iter_73,iter_78,iter_79,iter_80,iter_63,iter_64,iter_65,iter_66,iter_60,iter_61,iter_62,infoPath,iter_67,iter_68,iter_69,iter_96,iter_97,iter_98,iter_99,iter_92,iter_93,iter_94,iter_95,threshold,iter_85,ratio_4,iter_86,ratio_5,iter_87,ratio_6,iter_88,ratio_7,iter_81,ratio_8,iter_82,ratio_9,iter_83,iter_84,iter_89,iter_90,iter_91
0,-65682.55795953181,-65670.88003152025,-65669.41808805463,-65671.22580162022,-65748.92423741386,-65669.41450927146,-65669.66442464289,5000,-65672.25715370945,-65671.06817527674,-65677.76777698472,-65669.39124410438,-65669.67134954524,-65735.05436574688,-65669.51746626591,-65680.41467195038,-65672.53234731694,-65673.69221555091,-65669.39937313405,-65669.73994718242,-65671.73181632409,-65669.39320071272,-65669.6827351285,/mnt/beegfs/rcabanas/dev/credici/papers/journalEM/output/synthetic/s1d/random_mc2_n11_mid3_d1000_05_mr098_r10_51_uai_ccve.csv,LLratio,0.05839872860188981,0.04620819007192878,0.13635608831848867,0.09383872871606724,0.07276031742260405,0.06867685895421102,0.0803178778709874,0.0372589536498522,-65669.98670245644,-65669.89537620972,-65672.86714319029,-65669.75255422914,-65685.62495249417,-65669.39520103189,-65671.7388962459,-65671.11496400583,-65669.39375814794,-65669.68662952163,500,500,500,500,500,500,500,500,500,500,9,704,0.19546858250207705,0.999984959635103,0.04558821883992041,0.9999931660750817,0.04467501456119363,0.9998397984929756,0.09154513496447157,0.9999675205818629,0.17917817301452466,0.9999860782116026,0.08382570807891239,0.9999699246614602,0.10146937735408099,0.9999543997505114,0.013376700140992261,0.9999554768305203,500,0.010839347644067167,500,500,500,500,500,500,500,500,500,0.9999597619188763,0.03598446143591303,0.9999924185017303,0.9999981547937615,0.9999780825984875,0.9996553636517436,0.9999968261660361,0.9999985153199595,0.9996290700285846,0.9998568081345419,0.9995209132679501,500,0.9999692502354993,500,500,500,500,500,500,500,500,500,0.999960817732862,0.999822553386665,0.999960647501516,0.999894424575387,0.9999998050749764,0.9999834491137869,0.9995908185431119,0.9999904153158685,0.999885393659613,0.9998928676479317,0.9999636094961984,0.9999983696162513,0.9999867660801446,0.9999999456743364,0.9999278628538578,0.9999191425795354,0.9999106190981343,0.9999960132064969,0.9998070827890753,0.9999977517774147,0.9999360787763412,500,500,500,500,500,500,500,500,500,500,0.999999991580908,0.9999720560965614,0.998790344524894,0.9999996373038512,0.9999958316611246,500,500,500,500,500,500,0.20896689837338628,500,500,0.9999773211461184,500,0.9999995828069184,0.007090677565843769,500,0.9999563520030232,0.9999744562697754,0.999872451728484,0.9999955528352108,0.9998321572606123,0.9999521617946359,0.9999345015610045,0.9999998677937303,0.9997995317369918,500,500,500,500,500,500,500,500,500,0.9999980694994713,500,0.999994681630307,0.9999643510985379,0.9999999617860792,0.9999901675438482,0.9999861192814901,0.999992893187835,0.9999975554529701,0.9999258795604482,0.9999957262110233,0.9990010858718728,500,500,500,0.026250457736010396,500,0.02030113954678813,500,0.0954269007182204,500,0.1281917455498196,500,0.07725253027644126,500,0.10253915348421669,500,0.044112905408605574,500,0.11305631484392639,0.054135497508830996,0.12295889919338678,0.9999458178319884,0.9998539322644651,0.9999906740534096,0.11053952725669644,0.0879417780570522,0.05351885167794278,0.13876995766964484,0.028524855978680437,0.11932964547307545,0.0891175229696484,0.05489085751074245,0.18021738398694942,500,0.048013641152429336,0.0899350175010981,500,500,500,500,-65669.41787787358,500,-65672.11848085307,500,500,500,500,0.073765186469219,0.1123059946475591,0.032756913145365635,0.12449315045554954,0.05016151625258602,0.09140777009279202,0.06532022493266068,0.9999984796245192,0.11023309994010652,0.999666339309328,0.10685569278723919,0.9995997722721549,0.1374446697861147,500,0.07668676616546288,500,500,500,500,500,500,500,500,500,-65669.42606088443,-65673.377805909,-65669.39764292412,-65669.57263934672,0.13789937325600196,-65669.83868250306,0.07284104338682275,-65669.71947925945,0.06589469525413019,-65670.16465025475,0.19369806253330038,0.017765060051912942,0.022001770353941196,0.10115819337419275,0.14338642648097977,0.9998927461579146,0.12233329597320552,0.9999567133440234,0.04779965664538197,0.9999945592775332,0.9999398140019915,500,0.9998348345077536,500,0.9999879132116879,500,0.9999926603412919,500,0.9999961623139378,0.9999951413517326,500,0.9999994516425795,0.9998826696101132,-65669.49775770964,500,-65670.25976618237,-65669.39425876115,-65674.128235414,469,500,500,500,-65669.523981378,-65679.06907626265,-65669.97897323461,-65670.69478553082,0.03305549957159875,-65674.876372394,0.10556648635424419,-65670.06121531808,0.13452455173653585,-65669.39351281704,0.07527137815188957,-65672.45534569974,0.1262783278853596,0.9997185680714515,0.04937795736252,0.0737873039597616,0.1872354817618271,0.12884366378378667,0.9999964758997572,0.0880084302078303,0.9999605533711178,0.9999509137844457,0.9999983492524386,500,0.9999234397628545,500,0.9999978566470611,500,0.999981470138603,500,0.9996033518504569,500,0.9999296880345533,500,0.9997674726084937,-65669.40429481392,-65675.18327974387,-65669.71580767485,500,500,500,500,-65671.7805204064,0.999999792847425,0.18284694476972047,0.9999117994312788,0.07680202650031043,0.9999950492179978,-65696.27238767543,0.11823892448669862,0.999997229339073,-65670.02011762747,0.07340246919597523,0.9999931781273668,-65676.91768241121,0.07566074166444527,0.9999949933084177,-65676.42676130211,0.09371922163723406,0.9999882144497255,0.06060181688164805,0.999999461398419,0.037311096752240674,0.999939288722242,0.04600440589000024,0.9999998941410059,0.10570953258182217,1,-65670.83002517703,-65692.03055274699,-65669.59911563178,-65669.48818940611,-65671.96386765948,-65669.5118650207,-65669.53833096697,-65673.58862737485,0.03589227486818453,0.10505845506699166,0.9999995860075097,0.19105126117515825,0.9999584635049329,-65674.7009781386,0.08683713921919198,0.9999164721508543,-65675.26080526876,0.0424909884529365,0.999989789501061,-65669.65250257167,0.10844120802961753,0.9999999570334188,-65682.06189141561,0.13837335473227477,0.9999533342486454,0.12680516506231762,0.9999979702890747,0.12699316216728476,0.999852641257389,0.20896689837338628,0.9999910418426186,0.9999801419140248,2,-65671.97504752623,-65676.32449707352,-65669.40349183774,-65670.47759582999,-65681.0455703245,0.036695233873691065,0.03019654955002802,0.038239041767623695,0.07898414252736859,-65671.3657797859,0.07180291852633361,-65672.38536838503,0.03967750527070183,-65672.31463082216,0.1384854095556975,0.06724362854180002,0.05326177157757149,0.026897679211648585,-65670.30224220762,-65669.85739456912,-65669.55122353412,-65674.25849613472,-65672.94899398394,-65678.98427173254,-65670.00312616947,-65670.03638898101,0.07556104923534294,0.141152745489232,0.19002814376812183,0.14112895987680102,0.06317981146434916,-65693.7584751811,0.16407868637098214,-65678.79536045642,0.1177675493243751,-65700.86710494186,0.05619667246697659,-65671.41007162185,0.08520896174652856,0.07309289792775758,-65669.8394739801,-65679.91271222546,-65671.52366410452,-65670.30493931707,-65672.03320782751,-65669.88856737429,-65670.37839768175,0.1137890460155814,0.1838035739160465,0.1085864109480919,0.10417188190237475,0.9999955428848326,0.09912872016405272,0.9997638611767277,0.06335311155425337,0.0880070677395776,0.04443021664775996,0.9999966466010283,0.9999989748371595,0.03151367837389481,0.9999999918820229,0.17233790589855702,0.9999176639540767,0.9999768718060354,0.9913423809381524,0.9999415037890008,0.9998477633988722,0.9948964731660079,0.11463231149453601,0.061098604538923545,0.03967211175031043,0.9999618008042729,0.15993796642800334,0.9999826765233373,0.03692407825393295,0.9999828227048566,0.05969038747687139,0.07549396834265851,0.9998906722019717,0.10152598986078695,0.999181563826898,0.07076395427832109,0.999880882424016,0.058306462831381585,0.9999968247162364,0.9999999715132151,0.9999945222314137,0.9999856603487116,0.021703370703042214,0.06072652440172022,0.998502479882689,0.05335270720530083,0.9999873058815688,0.09162372616826181,0.9998814307932543,0.06902521014333327,0.9999423205920951,0.10269915424352928,0.9997751165456875,0.1379923879388604,0.9998820708011744,0.07942009565080595,0.9999630230778517,0.14237910286704755,0.9998648348972861,0.02676449758574321,0.9998010431578896,-65669.39069122772,0.9999968263839083,0.041765782792135595,0.1052668094044981,0.03826000731462266,0.08861909463271736,0.024425332845926975,0.09103604754908415,0.10091079030036688,0.18036885015730109,0.09918736340888294,0.09665290959628764,0.9999962981281861,0.9999839289868372,0.999978645614605,0.9999838969570214,0.9999837764387683,0.9999615413441362,0.99999951401655,-65669.45629661792,0.9935921491330386,-65669.42260548027,0.9998932229523945,0.999610451760535,0.9999990009755846,-65669.49909499321,-65687.87735723463,-65671.98122949924,-65672.61431132982,-65694.98205582926,-65669.62211755899,-66092.90416447808,-65676.40342368267,0.9999926755102089,0.9999863263294007,0.9999997409019601,0.9998808573406271,0.9996017061660367,0.9999970336572823,0.9999524817140766,0.999626874210093,-65684.66417485026,0.9999945926335898,-65674.41874030088,0.9999323674906324,0.9999496087296275,-65674.00835983426,-65673.34330693721,-65672.23342260311,-65669.74798210096,-65695.44866937584,-65676.43474118819,-65669.53144421094,-65670.60755848365,0.9999063197739213,0.9999385045211638,0.9999730603348147,0.9994075609928862,0.9998208048618276,0.9999972883977281,0.9999913687502833,0.999403381392751,-65677.09661057968,0.9996034354654075,-65680.23880020002,0.9999999625990978,-65669.70975724926,0.9999713760252725,-65669.42670154515,-65691.30929885953,-65695.68392553447,-65669.64271070025,-65669.49053351098,-65670.18443284539,-65669.87268568065,0.9999649824218088,0.9998884687191103,0.9999876220428062,0.9999646072341473,0.9999055096583133,0.9999863283308704,0.9999759093028797,0.9999950556534845,0.9999930393427431,0.9999594289469632,0.9999903902093811,-65675.59640077212,-65671.69035477968,-65670.20355419623,-65671.71499485969,0.06797961554512774,0.08390577503824066,0.09153194233704852,0.11346501497629934,0.07949024595583022,0.07990821785517939,0.12101117293126687,0.05487501097385099,0.007090677565843769,0.09676488995997666,-65669.84779653035,18373366,-65676.71569945433,-65670.97275074187,-65669.71538505617,-66006.25538680561,-65670.28851368393,-65708.3188624137,-65673.42931020996,-65671.15985028644,-65708.59366086197,-65675.5431909617,-65669.56876097957,-65669.95750502984,-65670.02176638684,-65681.16043584736,-65672.05507565725,-65670.28864512281,-65669.40770604255,-65672.51133639872,-65669.8716895325,-65695.55682643049,-65669.58548972443,-65671.27046401381,-65677.21564936041,-65695.4431740749,-65669.39314732226,-65670.44608183112,-65693.90278059481,-65671.91634485836,-65669.63379179408,-65670.44818527729,-65670.45609989337,-65672.70002201063,-65670.79305065173,-65669.7457916053,-65673.83237731119,0.16632364031129435,0.09799266867251728,0.16881675170944507,0.11637115914112334,0.1590181126070118,0.08390240299838211,0.09970176182032263,0.08350675776807218,0.11845430065837353,0.03719446870732448,-65673.1786812893,-65670.22431683261,-65677.17798212238,0.07838214071084453,-65678.26810108167,0.05611511841471785,-65767.87941372265,-65677.13594325067,-65671.81903296744,0.059041177449992675,0.08716327781218453,0.08330761255865848,0.0992268587846821,0.01712508336430375,0.13619398166628113,0.05942322737363145,0.042867571938097,-65669.59910132417,-65684.16197246572,-65682.45866578592,-65670.52833309273,-65670.51873311022,-65669.59921083986,0.15526800276949282,-65671.89930496304,-65723.1809199039,500,-65677.214001757,0.09298924606179547,0.1336066061539519,0.0316136127889373,0.072630619515528,0.14628138299834045,0.09573036133588544,0.12451118308422861,0.1833274197612866,0.16951998875226526,-65670.33238089406,-65676.5709661135,-65669.3925619376,-65669.75041492362,-65684.90144656207,-65674.79809441963,-65669.6833885696,-65669.45801311584,-65669.39122433032,0.11088838406254552,0.06006492234749156,0.15738530477429666,0.06733829726432097,0.15556965017135363,0.09837071452946355,0.056579202036709866,0.08756884894391455,0.07144474891737085,0.042676233130486387,-65679.38949824907,-65669.61090763341,-66242.89645428231,-65673.2323264829,-65670.90954076142,0.9999470641055619,0.9999909241457378,0.9999923148197649,0.9999999313256327,500,500,500,500,500,500,500,500,500,500,500,500,500,500,/mnt/beegfs/rcabanas/dev/credici/papers/journalEM/models/synthetic/s1/random_mc2_n11_mid3_d1000_05_mr098_r10_51.uai,500,500,500,500,500,500,500,500,500,500,500,500,500,500,500,500,500,500,500,500,500,500,500,500,500,500,500,500,500,500,EMCC,random_mc2_n11_mid3_d1000_05_mr098_r10_51_uai,500,500,500,500,500,500,false,500,500,500,500,500,500,500,500,500,500,500,500,500,500,500,500,500,500,/mnt/beegfs/rcabanas/dev/credici/papers/journalEM/models/synthetic/s1/random_mc2_n11_mid3_d1000_05_mr098_r10_51_info.csv,500,500,500,500,500,500,500,500,500,500,297,0.99999999,500,0.9999642432946404,500,0.9999944896548664,500,0.9997528491008772,500,0.9999999532975706,500,0.9999954935327229,500,0.999973743817521,500,500,500,500,500
