trueState,ll_89,ll_90,ll_91,ll_96,ll_97,ll_98,ll_99,datasize,ll_92,ll_93,ll_94,ll_95,ll_78,ll_79,ll_80,ll_85,ll_86,ll_87,ll_88,ll_81,ll_82,ll_83,ll_84,exactPath,stop_criteria,pns_199,pns_198,pns_197,pns_196,pns_195,pns_194,pns_193,pns_192,ll_1,ll_2,ll_0,ll_5,ll_6,ll_3,ll_4,ll_9,ll_7,ll_8,iter_9,iter_8,iter_7,iter_6,iter_5,iter_4,iter_3,iter_2,iter_1,iter_0,cause,time_pns,pns_108,ratio_62,pns_107,ratio_63,pns_106,ratio_64,pns_105,ratio_65,pns_104,ratio_66,pns_103,ratio_67,pns_102,ratio_68,pns_101,ratio_69,iter_119,pns_100,iter_117,iter_118,iter_111,iter_112,iter_110,iter_115,iter_116,iter_113,iter_114,ratio_60,pns_109,ratio_61,ratio_51,ratio_52,ratio_53,ratio_54,ratio_55,ratio_56,ratio_57,ratio_58,iter_108,ratio_59,iter_109,iter_106,iter_107,iter_100,iter_101,iter_104,iter_105,iter_102,iter_103,ratio_50,ratio_40,ratio_41,ratio_42,ratio_43,ratio_44,ratio_45,ratio_46,ratio_47,ratio_48,ratio_49,ratio_30,ratio_31,ratio_32,ratio_33,ratio_34,ratio_35,ratio_36,ratio_37,ratio_38,ratio_39,iter_155,iter_156,iter_153,iter_154,iter_159,iter_157,iter_158,iter_151,iter_152,iter_150,ratio_95,ratio_96,ratio_97,ratio_98,ratio_99,iter_144,iter_145,iter_142,iter_143,iter_148,iter_149,pns_u,iter_146,iter_147,ratio_90,iter_140,ratio_91,pns_l,iter_141,ratio_92,ratio_93,ratio_94,ratio_84,ratio_85,ratio_86,ratio_87,ratio_88,ratio_89,iter_139,iter_133,iter_134,iter_131,iter_132,iter_137,iter_138,iter_135,iter_136,ratio_80,iter_130,ratio_81,ratio_82,ratio_83,ratio_73,ratio_74,ratio_75,ratio_76,ratio_77,ratio_78,ratio_79,iter_128,iter_129,iter_122,pns_8,iter_123,pns_9,iter_120,pns_6,iter_121,pns_7,iter_126,pns_4,iter_127,pns_5,iter_124,pns_2,iter_125,pns_3,pns_0,pns_1,ratio_70,ratio_71,ratio_72,pns_189,pns_188,pns_187,pns_186,pns_185,pns_184,pns_183,pns_182,pns_181,iter_199,pns_191,pns_190,iter_197,iter_198,iter_191,iter_192,ll_10,iter_190,ll_11,iter_195,iter_196,iter_193,iter_194,pns_179,pns_178,pns_177,pns_176,pns_175,pns_174,pns_173,ratio_102,pns_172,ratio_101,pns_171,ratio_100,pns_170,iter_188,pns_180,iter_189,iter_186,iter_187,iter_180,iter_181,iter_184,iter_185,iter_182,iter_183,ll_27,ll_28,ll_29,ll_23,pns_169,ll_24,pns_168,ll_25,pns_167,ll_26,pns_166,pns_165,pns_164,pns_163,pns_162,ratio_113,pns_161,ratio_112,pns_160,ratio_111,ratio_110,iter_177,ratio_106,iter_178,ratio_105,iter_175,ratio_104,iter_176,ratio_103,ratio_109,iter_179,ratio_108,ratio_107,ll_30,iter_170,ll_31,ll_32,ll_33,iter_173,iter_174,iter_171,iter_172,ll_16,ll_17,ll_18,ll_19,pns_159,ll_12,pns_158,ll_13,pns_157,ll_14,pns_156,ll_15,pns_155,ratio_120,pns_154,pns_153,pns_152,pns_151,ratio_124,pns_150,ratio_123,ratio_122,ratio_121,iter_166,ratio_117,iter_167,ratio_116,iter_164,ratio_115,iter_165,ratio_114,iter_168,ratio_119,iter_169,ratio_118,ll_20,ll_21,ll_22,iter_162,iter_163,iter_160,iter_161,ll_49,ratio_20,pns_149,ratio_21,pns_148,ratio_22,ll_45,pns_147,ratio_23,ll_46,pns_146,ratio_24,ll_47,pns_145,ratio_25,ll_48,pns_144,ratio_26,pns_143,ratio_27,pns_142,ratio_28,pns_141,ratio_29,pns_140,falseState,ll_52,ll_53,ll_54,ll_55,ll_50,ll_51,ll_38,ll_39,pns_139,pns_138,ratio_10,pns_137,ratio_11,ll_34,pns_136,ratio_12,ll_35,pns_135,ratio_13,ll_36,pns_134,ratio_14,ll_37,pns_133,ratio_15,pns_132,ratio_16,pns_131,ratio_17,pns_130,ratio_18,ratio_19,effect,ll_41,ll_42,ll_43,ll_44,ll_40,pns_129,pns_128,pns_127,pns_126,ll_67,pns_125,ll_68,pns_124,ll_69,pns_123,pns_122,pns_121,pns_120,ll_74,ll_75,ll_76,ll_77,ll_70,ll_71,ll_72,ll_73,pns_119,pns_118,pns_117,pns_116,pns_115,ll_56,pns_114,ll_57,pns_113,ll_58,pns_112,ll_59,pns_111,pns_110,ll_63,ll_64,ll_65,ll_66,ll_60,ll_61,ll_62,pns_91,pns_92,pns_90,pns_95,ratio_171,pns_96,ratio_170,pns_93,pns_94,pns_99,ratio_175,ratio_174,pns_97,ratio_173,pns_98,ratio_172,ratio_179,ratio_178,ratio_177,ratio_176,ratio_169,pns_80,pns_81,pns_84,ratio_182,pns_85,ratio_181,pns_82,ratio_180,pns_83,pns_88,ratio_186,pns_89,ratio_185,pns_86,ratio_184,pns_87,ratio_183,ratio_189,ratio_188,ratio_187,pns_70,pns_73,ratio_193,pns_74,ratio_192,pns_71,ratio_191,pns_72,ratio_190,pns_77,ratio_197,pns_78,ratio_196,pns_75,ratio_195,pns_76,ratio_194,pns_79,ratio_199,ll_max,ratio_198,pns_62,pns_63,pns_60,pns_61,pns_66,pns_67,pns_64,pns_65,pns_68,pns_69,ratio_131,ratio_130,ratio_135,ratio_134,ratio_133,ratio_132,ratio_128,ll_129,ratio_127,ll_128,ratio_126,ratio_125,ratio_129,ll_121,ll_120,ll_123,ll_122,ll_125,ll_124,ll_127,ll_126,ratio_142,ratio_141,ratio_140,ratio_146,ratio_145,ratio_144,ratio_143,ratio_139,ll_118,ratio_138,ll_117,ratio_137,ratio_136,ll_119,ll_110,ll_112,ll_111,ll_114,ll_113,ll_116,ll_115,ratio_153,ratio_152,ratio_151,ratio_150,ratio_157,ratio_156,ratio_155,ratio_154,ll_107,ratio_149,ll_106,ratio_148,ll_109,ratio_147,ll_108,ll_101,ll_100,ll_103,ll_102,ll_105,ll_104,ratio_160,ratio_164,ratio_163,ratio_162,ratio_161,ratio_168,ratio_167,ratio_166,ratio_165,ratio_159,ratio_158,ll_161,ll_160,ll_163,ll_162,pns_11,pns_12,pns_10,pns_15,pns_16,pns_13,pns_14,pns_19,pns_17,pns_18,ll_165,time_learn,ll_164,ll_167,ll_166,ll_169,ll_168,ll_150,ll_152,ll_151,ll_154,ll_153,ll_156,ll_155,ll_158,ll_157,ll_159,ll_141,ll_140,ll_143,ll_142,ll_145,ll_144,ll_147,ll_146,ll_149,ll_148,ll_130,ll_139,ll_132,ll_131,ll_134,ll_133,ll_136,ll_135,ll_138,ll_137,pns_51,pns_52,pns_50,pns_55,pns_56,pns_53,pns_54,pns_59,pns_57,pns_58,ll_190,ll_192,ll_191,pns_40,ll_194,pns_41,ll_193,ll_196,ll_195,pns_44,pns_45,pns_42,pns_43,pns_48,pns_49,pns_46,pns_47,ll_198,ll_197,ll_199,ll_181,ll_180,ll_183,pns_30,ll_182,ll_185,iter_max,ll_184,pns_33,pns_34,pns_31,pns_32,pns_37,pns_38,pns_35,pns_36,pns_39,ll_187,ll_186,ll_189,ll_188,ll_170,ll_172,ll_171,ll_174,ll_173,pns_22,pns_23,pns_20,pns_21,pns_26,pns_27,pns_24,pns_25,pns_28,pns_29,ll_176,ll_175,ll_178,ll_177,ll_179,ratio_0,ratio_1,ratio_2,ratio_3,iter_10,iter_11,iter_16,iter_17,iter_18,iter_19,iter_12,iter_13,iter_14,iter_15,iter_30,iter_31,iter_32,iter_33,modelPath,iter_38,iter_39,iter_34,iter_35,iter_36,iter_37,iter_20,iter_21,iter_22,iter_27,iter_28,iter_29,iter_23,iter_24,iter_25,iter_26,iter_52,iter_53,iter_54,iter_55,iter_50,iter_51,iter_56,iter_57,iter_58,iter_59,iter_41,iter_42,iter_43,iter_44,method,modelID,iter_40,iter_49,iter_45,iter_46,iter_47,iter_48,exact,iter_74,iter_75,iter_76,iter_77,iter_70,iter_71,iter_72,iter_73,iter_78,iter_79,iter_80,iter_63,iter_64,iter_65,iter_66,iter_60,iter_61,iter_62,infoPath,iter_67,iter_68,iter_69,iter_96,iter_97,iter_98,iter_99,iter_92,iter_93,iter_94,iter_95,threshold,iter_85,ratio_4,iter_86,ratio_5,iter_87,ratio_6,iter_88,ratio_7,iter_81,ratio_8,iter_82,ratio_9,iter_83,iter_84,iter_89,iter_90,iter_91
0,-9511.423307676936,-9004.683279394952,-8836.163772005322,-8703.325432752761,-8754.777874686937,-8942.530607408537,-8656.193716473526,1000,-9006.703080557336,-11115.490929986712,-9511.2310094213,-10595.584272895425,-9208.594593546706,-9123.418121137745,-9197.98170040434,-9387.837661251062,-8857.557520169663,-10468.76062447927,-8908.129230731345,-10602.509974287348,-8882.815465798749,-8590.378209670353,-9565.19471375567,/mnt/beegfs/rcabanas/dev/credici/papers/journalEM/output/synthetic/s1d/random_mc2_n8_mid3_d1000_05_mr098_r10_52_uai_ccve.csv,KL,0.15726120509000613,0.13977262396430779,0.3046372468248611,0.08939005478167253,0.21682536709620942,0.13185746839906287,0.30350622371747804,0.06517553649338162,-9255.463745902587,-11411.517899633607,-9228.648609521824,-8900.422751798533,-9740.287766556385,-10001.862641955702,-8716.598508404471,-8675.265026427103,-9750.548000161834,-9166.225880596785,30,33,20,20,22,23,20,19,37,28,6,2555,0.10693453332369343,0.9111226872205285,0.24390645158162733,0.8272901079066703,0.22921493992947725,0.9161886114939397,0.28122576980866776,0.7096972004266752,0.08035758321666865,0.8415356766342903,0.10219830566685781,0.9175391143564455,0.200460199913861,0.7982484922522197,0.12291456832098363,0.9495047081735938,35,0.1539136747864978,41,28,27,18,27,24,29,38,29,0.8914706860038177,0.11316517131454776,0.9352578790934273,0.9271457368495885,0.7923891228724341,0.9529566360090421,0.9302678357993878,0.9310363365962331,0.9128490657745271,0.882319336937883,0.8919237328693616,40,0.8761938894405517,29,22,21,40,35,37,44,44,23,0.9562064771139768,0.852053583700392,0.8578964829011272,0.9368053428730111,0.9202120645209327,0.8973571612218677,0.8255841557759127,0.9517158837550866,0.8554671714077948,0.9040972104020335,0.8365319068826651,0.9164371852832152,0.8655329937603987,0.9066807298250651,0.932426337606747,0.8792257341797259,0.8313274267250194,0.8696431452510052,0.7733493577487267,0.8850922751718493,0.8662846998772626,13,31,42,26,33,24,35,23,26,41,0.7688947317822421,0.9360662186576776,0.9305648920162235,0.9110272343753228,0.9411629631254441,20,30,26,9,22,26,0.4367336102522715,35,32,0.9047390868512016,14,0.921993880805491,0.03891659147165503,25,0.9045361942896359,0.7329310939929679,0.8565546267895515,0.8517222253581583,0.8678131452156347,0.9197669796704884,0.7782094958341172,0.9145454355869538,0.856537309301384,23,27,22,25,37,17,27,17,37,0.8857257160259341,22,0.7683924794545328,0.9171516574842521,0.9483737186813225,0.8678592645893124,0.9257455004619634,0.8999731448045101,0.7947618038297846,0.9510800112348102,0.8847049183046165,0.8929645467753821,34,49,27,0.2365183247585432,16,0.12543087628005942,21,0.32819542576056465,37,0.3631563129534867,49,0.1316312981632722,28,0.05344039726228303,19,0.0880616951015839,21,0.14162630236259416,0.13763981655364232,0.11299011362731647,0.7484588656932079,0.8831511922528077,0.847379227886387,0.1734266510887093,0.38145502240432494,0.06489044047806929,0.11049953529099651,0.062234671983044686,0.07716487688845973,0.05339134332407089,0.21332922038328433,0.06765132237429974,23,0.12510596345692238,0.21081900882588095,22,29,34,30,-9402.530193439557,12,-8544.221734937175,29,39,19,21,0.24349594989933543,0.11958232078257694,0.14895444981869146,0.07597473547561574,0.20959073446248033,0.1088298069062732,0.1778678636434328,0.8962659567037481,0.04284938229507212,0.782262333633619,0.408032443547632,0.9515805886401587,0.12690218615520252,25,0.3701681280756517,40,36,35,63,55,25,33,26,15,-8434.37099319966,-8972.138413898767,-8604.024031380563,-8588.493400645359,0.09136625198057033,-9340.047705896974,0.38139064598724237,-10313.795864655256,0.1178919012642631,-10075.766491881725,0.33480988719960625,0.18520294958640482,0.051030824364813446,0.12845471950139553,0.056843331503702015,0.9293550835595427,0.08233125964241302,0.9310238160275127,0.10304875800569707,0.8953902714936878,0.7638161909558923,39,0.8957661014754404,15,0.8686857451879831,37,0.8692440481092577,39,0.9128443631769856,0.9107922171280023,31,0.9228645555978431,0.7708313036038267,-8889.740680989897,30,-9412.568886818584,-8985.399887296528,-8737.300308885144,25,34,20,22,-10270.912275369028,-9164.425673197054,-9058.669942648554,-8750.465076621978,0.07144953103403057,-8591.285669951147,0.25085030164924527,-8764.73132932558,0.19567778719880097,-9779.634141206836,0.2057789179109759,-9725.785606141875,0.0635570080948967,0.722513866003921,0.10915711036176703,0.09025790012039592,0.22406732928432938,0.09843874320133861,0.7917522719435077,0.13414209915762398,0.9294149865750269,0.9083425612570218,0.9315942891303691,30,0.9326601947124278,39,0.9158155123992406,27,0.8941050045726967,45,0.8333857728094192,28,0.9519534425011812,34,0.7931243278758155,-8885.548505719129,-9117.910394824661,-9578.061773195452,42,35,27,32,-9738.88606107499,0.9168695576126087,0.07583955333847184,0.8935039471552889,0.2720597810610835,0.850578031390801,-9868.029649778513,0.14762394206082657,0.9485818463773747,-8560.211158229007,0.22671489141175402,0.8722534599518605,-9523.32152521667,0.28802263678514683,0.7899020917703983,-9011.07628012846,0.2688018838510925,0.808562696857674,0.27650149127793705,0.9659154113747931,0.05095020781497088,0.9080208699147689,0.09162555460583516,0.9468696156438862,0.06353686682100938,1,-10281.424482521108,-8549.065738922847,-8757.573479452156,-8750.344758152198,-8520.010188775359,-8787.064000603552,-9204.564491315072,-9404.401265240334,0.1309313701468406,0.18783943676581968,0.8664570876112063,0.09415115947083105,0.95349689887747,-9265.980977211408,0.12688440470975287,0.948273546074554,-9799.855827779445,0.20167959532634502,0.9295081185575774,-9368.082726889816,0.08991096846192442,0.8330463910972769,-10534.551876140724,0.0770076598180919,0.8376587000272017,0.09251487543146378,0.7932001276187863,0.13066973354097927,0.8889688473780804,0.07919695759610852,0.8993471424792967,0.9310235348918268,4,-9496.354268797026,-8696.458650202667,-8853.273328714058,-9078.758469471655,-9561.474868989892,0.3626418757431706,0.24715895106441155,0.2352757403056792,0.10666185100527435,-8879.064445441363,0.4367336102522715,-10205.955923071044,0.10177195632638111,-8580.145898649525,0.03891659147165503,0.06728569846986857,0.2237583048847744,0.16226466941706044,-8800.354874550976,-9052.368923023498,-10250.730329925245,-8565.934339222176,-10884.885330389645,-9224.795254821976,-9614.21835640792,-9387.33877714532,0.08211734843855459,0.16875611916540512,0.11820223010808795,0.1972943688384517,0.2745972870803971,-8924.68342581001,0.32880546023236285,-9233.49244034264,0.18817210369764215,-9134.064525197842,0.12618019132182196,-9298.043533247926,0.13161463654213013,0.28998582684187824,-9847.680819245516,-8892.152582315703,-11479.387156502944,-9680.97866054525,-9138.706471778687,-8710.847681370073,-8941.59375224974,0.1808217102015274,0.1137662722196129,0.2004256024971621,0.21283898460784678,0.8084641515657692,0.12181390290757245,0.9380242733805136,0.11975806935625972,0.16682219285457256,0.07155779336731043,0.815818969899438,0.8829248072067521,0.20232531350744312,0.9374638299457368,0.10479383077904508,0.9408760160287137,0.9039788672032335,0.777427286056864,0.9292144223614952,0.9548411143376925,0.8926989296154295,0.28284924013405843,0.15381574874859774,0.13926181020057812,0.8039686243150153,0.21401513744070766,0.949902121190778,0.12452757220187347,0.8378313382793814,0.09566815411669363,0.12156132434963834,0.9102420306984869,0.1256533504543484,0.9081617883409128,0.1386432466632078,0.9213821829309058,0.3728231250685295,0.9075505775312527,0.825367125933988,0.8467344284807463,0.8843991595849423,0.10283078369705217,0.10170867415859275,0.8824727570506238,0.0697597258220299,0.9177183320352377,0.19260855880036867,0.836705683035912,0.3471907553571335,0.903734387752539,0.11673459178684499,0.8007328546339347,0.1366655211217947,0.9646092072719245,0.1483748202487855,0.9093906323769496,0.3530559741207931,0.9054183281044678,0.1486010372303755,0.8278013912288481,-8146.888927584076,0.8625822312958117,0.24256116268161387,0.2747030903873464,0.255857679485877,0.0809247598408195,0.10323076630944768,0.10937473776035395,0.18297846231187964,0.20827138613200094,0.409584912362355,0.12937542624266946,0.9047562433571897,0.9307322679803165,0.8724116519566517,0.720301105115134,0.9739588621721473,0.9714824413007821,0.8280940359801148,-9887.52827670051,0.8686244788915531,-9838.120519660046,0.7860342235545655,0.7872449488265071,0.8239560686548757,-8745.103982109084,-11275.75443311957,-8765.609598792946,-8968.960913061139,-10348.607431178934,-10289.694411088925,-9379.069005723019,-10364.547348514428,0.9558089057920877,0.9107130460357787,0.8401314924751382,0.8697413555497576,0.8086894422939632,0.8815282930628604,0.8893311228631315,0.9136788126421472,-10271.89387747501,0.9312637524527622,-8735.109500514332,0.8917551028219092,0.9426412697331443,-8558.074968644241,-10666.03329969805,-8750.462434296445,-9098.701635425916,-9775.651557045625,-8766.174599680997,-8895.775205031163,-9111.780927205042,0.937788816629913,0.8649752489164602,0.9030418399396123,0.8913103061821694,0.8332440843196749,0.8578667390966243,0.738479289213975,0.8926687893872484,-10568.964816939004,0.9543572936368203,-9094.88416023459,0.7969560224800467,-8944.83810289204,0.8634764850970567,-8827.827310267017,-10414.522823490253,-8561.428243535589,-8924.72940209691,-9089.811865159292,-9378.407522758522,-9372.38390680366,0.7544494865504526,0.8673291892704167,0.8873553479891981,0.7583151166352935,0.9097972498599977,0.8313492929556745,0.9031084525348588,0.8509485856161753,0.9361806312313036,0.9310529269154896,0.9042526564039135,-8954.620305609564,-10798.455128962782,-9181.089566931021,-10743.408312539632,0.12548673394780732,0.06531225230792817,0.2914879533354004,0.17896925262019808,0.2300430007742488,0.06796366667953997,0.21524990630963786,0.08189531572563483,0.10719017241082707,0.21369441330858593,-8702.261781328405,111399,-9393.075925920471,-9020.941953003829,-9573.89090867914,-9126.132738944489,-9799.598071010138,-9140.350864426087,-9418.638207034875,-9021.607379929226,-9126.440875317614,-8687.338538394135,-9496.683524719872,-11031.980241795927,-9009.52722658633,-9777.313851841893,-8750.188836819536,-8945.615705239397,-9697.159314409537,-9160.692477910596,-8523.554110256662,-10074.187322730782,-9241.778161512882,-9434.986439345068,-9367.024892629695,-8536.51874607495,-10222.507513315197,-8753.20348059144,-8916.578577569462,-8386.038266091216,-9004.512527434148,-11310.393486459889,-8364.715640468303,-8642.618554023638,-9338.35410074151,-8748.207912234102,-9135.791768170093,0.12194530807721346,0.23523817531461577,0.057075171176477466,0.06044970050175541,0.09355500386901508,0.14987429815763081,0.12194935556926023,0.26640299152333846,0.1403001943580419,0.11803758296941735,-9014.693960959312,-8877.330487140425,-9736.86338310003,0.15480642248412127,-8997.928001568001,0.08628943948969821,-9231.887174412479,-8445.79220908002,-8958.624201230088,0.12157381038696075,0.40664904680224917,0.12969779556976838,0.14003021411626557,0.19510759563505276,0.12501926813314024,0.1279291675987527,0.16139421703322598,-9444.767851692737,-10174.290814267297,-9841.598496820887,-8576.55620072866,-9723.781571974843,-8976.787772804346,0.25459950641987245,-10133.341875779362,-8970.746217441412,500,-8842.030026746248,0.10210376784986573,0.2129426638576646,0.11519110724125772,0.20275435974507397,0.209466853806534,0.09817142587111133,0.25756244703870423,0.09482779378290099,0.1777584662534711,-9211.778233040715,-8950.24471824537,-9870.624442868413,-9621.539710156385,-8685.157899191434,-8658.833670743124,-10076.994646955987,-9227.160524980398,-8690.35014188829,0.16864291259055217,0.13120048159244985,0.19888381994696358,0.13932383947310734,0.05179461539051681,0.08644872813247081,0.3256647827661888,0.13692981662559106,0.18913205988727236,0.06600585567304156,-8532.193267813993,-9986.147942341055,-10479.293785667534,-8767.501592237086,-9012.255953271619,0.8827824389345992,0.8802248219264774,0.7139180781415282,0.8145371736469957,45,39,16,10,33,29,24,38,55,23,19,26,29,39,/mnt/beegfs/rcabanas/dev/credici/papers/journalEM/models/synthetic/s1/random_mc2_n8_mid3_d1000_05_mr098_r10_52.uai,22,22,19,26,32,22,19,37,27,32,34,24,42,33,32,18,29,39,27,35,22,21,36,20,26,21,22,30,18,49,EMCC,random_mc2_n8_mid3_d1000_05_mr098_r10_52_uai,15,15,20,40,43,27,false,21,43,28,28,22,33,50,56,17,33,24,47,31,19,32,15,28,29,/mnt/beegfs/rcabanas/dev/credici/papers/journalEM/models/synthetic/s1/random_mc2_n8_mid3_d1000_05_mr098_r10_52_info.csv,19,30,40,47,26,21,25,29,21,21,18,0.001,25,0.9346408372175122,46,0.9153372996735248,38,0.8364115232361714,31,0.8355313903842998,22,0.8887942577140215,29,0.9390939530684701,40,39,21,37,37
