trueState,ll_89,ll_90,ll_91,ll_96,ll_97,ll_98,ll_99,datasize,ll_92,ll_93,ll_94,ll_95,ll_78,ll_79,ll_80,ll_85,ll_86,ll_87,ll_88,ll_81,ll_82,ll_83,ll_84,exactPath,stop_criteria,pns_199,pns_198,pns_197,pns_196,pns_195,pns_194,pns_193,pns_192,ll_1,ll_2,ll_0,ll_5,ll_6,ll_3,ll_4,ll_9,ll_7,ll_8,iter_9,iter_8,iter_7,iter_6,iter_5,iter_4,iter_3,iter_2,iter_1,iter_0,cause,time_pns,pns_108,ratio_62,pns_107,ratio_63,pns_106,ratio_64,pns_105,ratio_65,pns_104,ratio_66,pns_103,ratio_67,pns_102,ratio_68,pns_101,ratio_69,iter_119,pns_100,iter_117,iter_118,iter_111,iter_112,iter_110,iter_115,iter_116,iter_113,iter_114,ratio_60,pns_109,ratio_61,ratio_51,ratio_52,ratio_53,ratio_54,ratio_55,ratio_56,ratio_57,ratio_58,iter_108,ratio_59,iter_109,iter_106,iter_107,iter_100,iter_101,iter_104,iter_105,iter_102,iter_103,ratio_50,ratio_40,ratio_41,ratio_42,ratio_43,ratio_44,ratio_45,ratio_46,ratio_47,ratio_48,ratio_49,ratio_30,ratio_31,ratio_32,ratio_33,ratio_34,ratio_35,ratio_36,ratio_37,ratio_38,ratio_39,iter_155,iter_156,iter_153,iter_154,iter_159,iter_157,iter_158,iter_151,iter_152,iter_150,ratio_95,ratio_96,ratio_97,ratio_98,ratio_99,iter_144,iter_145,iter_142,iter_143,iter_148,iter_149,pns_u,iter_146,iter_147,ratio_90,iter_140,ratio_91,pns_l,iter_141,ratio_92,ratio_93,ratio_94,ratio_84,ratio_85,ratio_86,ratio_87,ratio_88,ratio_89,iter_139,iter_133,iter_134,iter_131,iter_132,iter_137,iter_138,iter_135,iter_136,ratio_80,iter_130,ratio_81,ratio_82,ratio_83,ratio_73,ratio_74,ratio_75,ratio_76,ratio_77,ratio_78,ratio_79,iter_128,iter_129,iter_122,pns_8,iter_123,pns_9,iter_120,pns_6,iter_121,pns_7,iter_126,pns_4,iter_127,pns_5,iter_124,pns_2,iter_125,pns_3,pns_0,pns_1,ratio_70,ratio_71,ratio_72,pns_189,pns_188,pns_187,pns_186,pns_185,pns_184,pns_183,pns_182,pns_181,iter_199,pns_191,pns_190,iter_197,iter_198,iter_191,iter_192,ll_10,iter_190,ll_11,iter_195,iter_196,iter_193,iter_194,pns_179,pns_178,pns_177,pns_176,pns_175,pns_174,pns_173,ratio_102,pns_172,ratio_101,pns_171,ratio_100,pns_170,iter_188,pns_180,iter_189,iter_186,iter_187,iter_180,iter_181,iter_184,iter_185,iter_182,iter_183,ll_27,ll_28,ll_29,ll_23,pns_169,ll_24,pns_168,ll_25,pns_167,ll_26,pns_166,pns_165,pns_164,pns_163,pns_162,ratio_113,pns_161,ratio_112,pns_160,ratio_111,ratio_110,iter_177,ratio_106,iter_178,ratio_105,iter_175,ratio_104,iter_176,ratio_103,ratio_109,iter_179,ratio_108,ratio_107,ll_30,iter_170,ll_31,ll_32,ll_33,iter_173,iter_174,iter_171,iter_172,ll_16,ll_17,ll_18,ll_19,pns_159,ll_12,pns_158,ll_13,pns_157,ll_14,pns_156,ll_15,pns_155,ratio_120,pns_154,pns_153,pns_152,pns_151,ratio_124,pns_150,ratio_123,ratio_122,ratio_121,iter_166,ratio_117,iter_167,ratio_116,iter_164,ratio_115,iter_165,ratio_114,iter_168,ratio_119,iter_169,ratio_118,ll_20,ll_21,ll_22,iter_162,iter_163,iter_160,iter_161,ll_49,ratio_20,pns_149,ratio_21,pns_148,ratio_22,ll_45,pns_147,ratio_23,ll_46,pns_146,ratio_24,ll_47,pns_145,ratio_25,ll_48,pns_144,ratio_26,pns_143,ratio_27,pns_142,ratio_28,pns_141,ratio_29,pns_140,falseState,ll_52,ll_53,ll_54,ll_55,ll_50,ll_51,ll_38,ll_39,pns_139,pns_138,ratio_10,pns_137,ratio_11,ll_34,pns_136,ratio_12,ll_35,pns_135,ratio_13,ll_36,pns_134,ratio_14,ll_37,pns_133,ratio_15,pns_132,ratio_16,pns_131,ratio_17,pns_130,ratio_18,ratio_19,effect,ll_41,ll_42,ll_43,ll_44,ll_40,pns_129,pns_128,pns_127,pns_126,ll_67,pns_125,ll_68,pns_124,ll_69,pns_123,pns_122,pns_121,pns_120,ll_74,ll_75,ll_76,ll_77,ll_70,ll_71,ll_72,ll_73,pns_119,pns_118,pns_117,pns_116,pns_115,ll_56,pns_114,ll_57,pns_113,ll_58,pns_112,ll_59,pns_111,pns_110,ll_63,ll_64,ll_65,ll_66,ll_60,ll_61,ll_62,pns_91,pns_92,pns_90,pns_95,ratio_171,pns_96,ratio_170,pns_93,pns_94,pns_99,ratio_175,ratio_174,pns_97,ratio_173,pns_98,ratio_172,ratio_179,ratio_178,ratio_177,ratio_176,ratio_169,pns_80,pns_81,pns_84,ratio_182,pns_85,ratio_181,pns_82,ratio_180,pns_83,pns_88,ratio_186,pns_89,ratio_185,pns_86,ratio_184,pns_87,ratio_183,ratio_189,ratio_188,ratio_187,pns_70,pns_73,ratio_193,pns_74,ratio_192,pns_71,ratio_191,pns_72,ratio_190,pns_77,ratio_197,pns_78,ratio_196,pns_75,ratio_195,pns_76,ratio_194,pns_79,ratio_199,ll_max,ratio_198,pns_62,pns_63,pns_60,pns_61,pns_66,pns_67,pns_64,pns_65,pns_68,pns_69,ratio_131,ratio_130,ratio_135,ratio_134,ratio_133,ratio_132,ratio_128,ll_129,ratio_127,ll_128,ratio_126,ratio_125,ratio_129,ll_121,ll_120,ll_123,ll_122,ll_125,ll_124,ll_127,ll_126,ratio_142,ratio_141,ratio_140,ratio_146,ratio_145,ratio_144,ratio_143,ratio_139,ll_118,ratio_138,ll_117,ratio_137,ratio_136,ll_119,ll_110,ll_112,ll_111,ll_114,ll_113,ll_116,ll_115,ratio_153,ratio_152,ratio_151,ratio_150,ratio_157,ratio_156,ratio_155,ratio_154,ll_107,ratio_149,ll_106,ratio_148,ll_109,ratio_147,ll_108,ll_101,ll_100,ll_103,ll_102,ll_105,ll_104,ratio_160,ratio_164,ratio_163,ratio_162,ratio_161,ratio_168,ratio_167,ratio_166,ratio_165,ratio_159,ratio_158,ll_161,ll_160,ll_163,ll_162,pns_11,pns_12,pns_10,pns_15,pns_16,pns_13,pns_14,pns_19,pns_17,pns_18,ll_165,time_learn,ll_164,ll_167,ll_166,ll_169,ll_168,ll_150,ll_152,ll_151,ll_154,ll_153,ll_156,ll_155,ll_158,ll_157,ll_159,ll_141,ll_140,ll_143,ll_142,ll_145,ll_144,ll_147,ll_146,ll_149,ll_148,ll_130,ll_139,ll_132,ll_131,ll_134,ll_133,ll_136,ll_135,ll_138,ll_137,pns_51,pns_52,pns_50,pns_55,pns_56,pns_53,pns_54,pns_59,pns_57,pns_58,ll_190,ll_192,ll_191,pns_40,ll_194,pns_41,ll_193,ll_196,ll_195,pns_44,pns_45,pns_42,pns_43,pns_48,pns_49,pns_46,pns_47,ll_198,ll_197,ll_199,ll_181,ll_180,ll_183,pns_30,ll_182,ll_185,iter_max,ll_184,pns_33,pns_34,pns_31,pns_32,pns_37,pns_38,pns_35,pns_36,pns_39,ll_187,ll_186,ll_189,ll_188,ll_170,ll_172,ll_171,ll_174,ll_173,pns_22,pns_23,pns_20,pns_21,pns_26,pns_27,pns_24,pns_25,pns_28,pns_29,ll_176,ll_175,ll_178,ll_177,ll_179,ratio_0,ratio_1,ratio_2,ratio_3,iter_10,iter_11,iter_16,iter_17,iter_18,iter_19,iter_12,iter_13,iter_14,iter_15,iter_30,iter_31,iter_32,iter_33,modelPath,iter_38,iter_39,iter_34,iter_35,iter_36,iter_37,iter_20,iter_21,iter_22,iter_27,iter_28,iter_29,iter_23,iter_24,iter_25,iter_26,iter_52,iter_53,iter_54,iter_55,iter_50,iter_51,iter_56,iter_57,iter_58,iter_59,iter_41,iter_42,iter_43,iter_44,method,modelID,iter_40,iter_49,iter_45,iter_46,iter_47,iter_48,exact,iter_74,iter_75,iter_76,iter_77,iter_70,iter_71,iter_72,iter_73,iter_78,iter_79,iter_80,iter_63,iter_64,iter_65,iter_66,iter_60,iter_61,iter_62,infoPath,iter_67,iter_68,iter_69,iter_96,iter_97,iter_98,iter_99,iter_92,iter_93,iter_94,iter_95,threshold,iter_85,ratio_4,iter_86,ratio_5,iter_87,ratio_6,iter_88,ratio_7,iter_81,ratio_8,iter_82,ratio_9,iter_83,iter_84,iter_89,iter_90,iter_91
0,-6692.561430860731,-6681.548706726002,-6681.48523253259,-6681.4850539847375,-6681.485162373696,-6681.486049622894,-6683.620258273636,1000,-6681.6068019814975,-6681.4850630097935,-6682.023278009739,-6683.906990088806,-6681.485054874052,-6681.485054504432,-6681.485423416445,-6681.48533383886,-6681.485066022249,-6685.708567805748,-6681.500893827697,-6681.485055945923,-6681.485454179978,-6681.485056560345,-6683.244771363748,/mnt/beegfs/rcabanas/dev/credici/papers/journalEM/output/synthetic/s1d/random_mc2_n7_mid3_d1000_05_mr098_r10_53_uai_ccve.csv,LLratio,0.05157067680289226,0.017730408339895466,0.03389074563557609,0.05632524763587205,0.03389060096499612,0.02192221252388186,0.0447723378795045,0.04882678927489087,-6681.48954254365,-6681.485053984739,-6681.485053984839,-6681.485061180871,-6681.485053988432,-6681.486466518494,-6681.485836085632,-6681.515009927066,-6681.485380583143,-6681.486833017094,500,500,500,500,500,500,500,500,500,500,6,1282,0.040057007101893964,0.9997987369143103,0.05622214377739768,0.9999999462516661,0.017700204332882774,0.999996821276073,0.01688658740847149,0.9999939057680193,0.04107988207318052,0.9990890438908799,0.047384853499939525,0.9999999999921388,0.023749538542551185,0.9999835639508742,0.05295192635109684,0.9999985437473115,500,0.01409584738687077,500,500,500,500,500,500,500,500,500,0.9986713011215459,0.033057014223515716,0.999998261525759,0.9999999998832816,0.9999999999992891,0.9995164210892147,0.9999998632776779,0.9999999999990272,0.9991157746069419,0.9999999997515299,0.9999908815422697,500,0.9999999666878863,500,500,500,500,500,500,500,500,500,0.9999999999979551,0.9999999999694087,0.9999999999704033,0.9999986911435362,0.999999730634192,0.9999992232156045,0.9999999998576728,0.999999999996929,0.9997585681084591,0.9999999998253707,0.9999996298094848,0.9999961067964743,0.9999999999999998,0.9999999998731655,0.9999999811263683,0.999999998867711,0.9999997045482989,0.9999994767249497,0.9999995294368341,0.9997014721831773,0.9999999999999973,500,500,500,500,500,500,500,500,500,500,0.9996376466477375,0.9999999999999999,0.9999999837777145,0.9999998509855217,0.9996805317767333,500,500,500,500,500,500,0.057990172342014146,500,500,0.9999904733551968,500,0.9999999732772209,0.01199305989790801,500,0.9999817786349349,0.9999999986492438,0.9999194519380418,0.9997366971524742,0.9999999581149835,0.9999999981983777,0.9993682773070084,0.9999976292986843,0.9983449719527535,500,500,500,500,500,500,500,500,500,0.9999999447081473,500,0.9999999997064745,0.9999999401038521,0.9999999996145156,0.9999999999999941,0.9999194617639688,0.999999967167201,0.9999999999728161,0.9999981555636662,0.9999999998668986,0.9999999999222186,500,500,500,0.017688951366475945,500,0.04783349750557268,500,0.023873851465678685,500,0.016107311981910975,500,0.03848136223295361,500,0.04371045612284713,500,0.04814181058669346,500,0.04215947863538491,0.05752815628383831,0.026976703984596066,0.9999999999915942,0.9993001843563063,0.9999856105343339,0.03641780989438671,0.04308321780400337,0.0320545627730384,0.051078721622868334,0.041594267652335766,0.029078174954165786,0.0383844614676982,0.031070382739244694,0.04470741591003323,500,0.0245800203689139,0.04994511679172084,500,500,500,500,-6681.485053985241,500,-6681.485112576286,500,500,500,500,0.022493067102317355,0.057990172342014146,0.03505656685408982,0.03338225722283947,0.026625622405811053,0.030641984900551273,0.03723436620609099,0.9995489434460094,0.04889949070177266,0.9994212838257236,0.021679972407342856,0.9999989854394647,0.02818591329347638,500,0.027787241550955834,500,500,500,500,500,500,500,500,500,-6681.485053984812,-6681.489733751203,-6681.491874650272,-6681.4850539847375,0.04039802186606002,-6681.4850546155485,0.04855801888151275,-6681.485054226869,0.05234539862797382,-6681.485053986426,0.03291232976694753,0.03958260830859177,0.030337005164354766,0.045501635851869705,0.020724427518165268,0.9999999999999402,0.047771928310435696,0.9999999999995836,0.039065547625818285,0.9999930495325577,0.99996271927259,500,0.9999999820010468,500,0.9999999791497173,500,0.9999443987981266,500,0.9999999999998741,0.9999999999636643,500,0.9999960869107191,0.9999994375808188,-6681.5110664671765,500,-6681.485053984739,-6681.48505483218,-6681.485180088626,500,500,500,500,-6681.510989501899,-6681.940630912002,-6681.485054672241,-6685.083413281956,0.05751215474546562,-6681.4944817428695,0.030635214770473224,-6681.485058984259,0.03137039654763341,-6681.49710013179,0.041844252231310136,-6681.485129623419,0.021378764725979073,0.9998927429815451,0.044021671009974325,0.043060594888211734,0.03268064550277294,0.027987579706341956,0.9997080770780798,0.03914194027387455,0.9999999999880201,0.9999999933854727,0.9993887918096198,500,0.9999806832255479,500,0.9999478846533403,500,0.9996630612817252,500,0.9999999998942576,500,0.9999727045334711,500,0.9996430834421205,-6681.485053984744,-6684.7078041679,-6681.485054389077,500,500,500,500,-6681.487527408048,0.9999999999999991,0.018582595640622614,0.9995178921386582,0.03532600497173695,0.9999999999394834,-6681.485054935694,0.034191413825921835,1.0000000000000002,-6681.485054005255,0.036447106639180216,0.9999999999055881,-6683.098567113149,0.02445392638518461,0.999999999963761,-6681.485055151521,0.04959583648199204,0.9999999999997473,0.019966089059037344,0.9999999999999888,0.04965574810041387,0.9999992995923584,0.05099854258693985,0.9999989791702716,0.03172106902648511,1,-6681.485053989487,-6684.717642461186,-6681.485967493013,-6681.485053991236,-6681.4850539984,-6681.485054764589,-6683.480258755161,-6681.485053984754,0.0478279050091917,0.028040328033222615,0.9999999999999244,0.0535600539705096,0.9999999912307596,-6681.485061550109,0.0453502840566625,0.9999985889746436,-6681.487028041445,0.045458060136907966,0.9999999992517348,-6681.488550240994,0.05178795671494862,0.9999981970886357,-6681.488198046976,0.033479719401720676,0.9999999886793609,0.03222119952166516,0.9999961183155723,0.016272431739124897,0.9999318196685019,0.015381566724272098,0.999999999897103,0.9994617330742545,1,-6681.485054182486,-6681.493799101084,-6681.486853748842,-6681.490244062097,-6681.485054189132,0.044782022785613815,0.04748257221902791,0.05205316163060798,0.0369224032606108,-6681.485054037261,0.040212099886561256,-6681.594873006308,0.04718620918211229,-6681.49478392948,0.04926947091004024,0.0462586038678148,0.04530842574477725,0.04115509258494002,-6682.023212347379,-6681.485273356599,-6681.485054166365,-6681.497377581263,-6681.485054040901,-6686.164136243584,-6681.581198367987,-6681.485053984776,0.051256070782242015,0.043748465148632926,0.034568763719074594,0.026745916967675615,0.04653628612178098,-6687.398221305508,0.022447875910120763,-6681.4850556448855,0.02267285347223748,-6681.545979379323,0.03384845748768118,-6681.485276559135,0.04063470093357281,0.03985294329634961,-6681.485413103445,-6681.506292648657,-6681.525772752781,-6687.577143238581,-6690.3745471419625,-6681.4966695945905,-6682.83006098395,0.043594195644892926,0.05175745741784592,0.040593559343722385,0.05016414188039419,0.9999999999978769,0.020975331559837235,0.9959197876448768,0.0531015239774708,0.04275537359211902,0.05004241605181477,0.9999999999607799,0.9997382569843614,0.031229631244455245,0.9999999999999988,0.03726938563349035,0.9987947007506414,0.9999999999727042,0.9999999719260778,0.9999999997227361,0.9977540286837004,0.9999968129800773,0.04569615854465155,0.05127566100489957,0.03361920782875344,0.9999999999999676,0.018772040379024846,0.9991234035503042,0.038466429443503286,0.9999999994624612,0.02848342701143339,0.04257965733154741,0.9999992881924636,0.021019178331003918,0.9999936070710389,0.021992684853346565,0.9999868559252149,0.048908982660762684,0.9999990043283998,0.9999997646584835,0.9999999999993197,0.9999999999999681,0.048764651772058645,0.041560907953806236,0.9999975702205101,0.01677385144684486,0.9986835761368719,0.024030944995661194,0.9996200313227555,0.05660112275054764,0.9999999999991582,0.02951887951499106,0.9995611111235065,0.052281611071875435,0.9999999501349747,0.025993779362675606,0.9999999870997526,0.04137697505451658,0.9999778762399065,0.05131322071745441,0.9999999999999979,-6681.4850539847375,0.9999999999790146,0.0554777903897401,0.052463484764973936,0.039002845063756085,0.05165625525864483,0.04792314018107747,0.01596980115300353,0.020256360795608754,0.04034402378458335,0.053876959881960756,0.04367013394314594,0.9993783194045566,0.9999710162169531,0.9998900048835335,0.9999411210422191,0.9999999989912439,0.999997382995324,0.9999988981978477,-6681.654877869837,0.9999999802369797,-6681.492415667461,0.9999999999666516,0.9999999991212726,0.9999745835592821,-6685.571329938965,-6682.201767022982,-6681.48505406478,-6681.4850981796035,-6681.485059855941,-6683.436102180152,-6681.485186031065,-6681.485054207554,0.999998058871645,0.999949203934628,0.9999996458247724,0.9998970664828454,0.999999999622035,0.9999999980609174,0.9999999997494078,0.9999999999999005,-6683.870638086195,0.9999999999997075,-6681.614121217692,0.9999998170994834,0.9999999981645838,-6681.6674332145185,-6681.734153894355,-6681.485053987519,-6681.531493751849,-6681.485054691253,-6681.485053985136,-6681.833280042449,-6683.737063784294,0.9999999999999941,0.9999999980772608,0.9999999999387408,0.9999969054142691,0.9999997098086021,0.9999919739446435,0.9999884202253608,0.9999991607390535,-6681.488811782203,0.9999999993740413,-6681.485174244475,0.9999305564085134,-6681.485054227513,0.9999602728326245,-6681.511199334593,-6685.353976461679,-6681.491832762667,-6681.485053985578,-6684.50014158375,-6681.485193295592,-6681.856573240955,0.9999999999015721,0.9999788586448446,0.9999999999929775,0.9999997179146993,0.9999999998836467,0.9999999761249728,0.9999525773202519,0.9999999999986005,0.9995841167728636,0.99999999157524,0.9999999504838974,-6681.48505476215,-6681.48505464238,-6681.485054031658,-6681.486938733988,0.03908154334119041,0.020648488755383058,0.05629116427041087,0.042203449113677724,0.04347187676066332,0.02005973142964717,0.02791819506483431,0.03080599370775785,0.03012939704223871,0.015165233575905837,-6684.264927653883,2483336,-6681.626312619628,-6681.801922937469,-6681.485053994088,-6681.506348078583,-6681.485213505379,-6681.505730477032,-6681.48506683149,-6681.485054394039,-6681.490661498913,-6681.485053984776,-6681.538680384053,-6681.562424971855,-6681.485384825852,-6681.486992894788,-6681.485110274645,-6681.824464377032,-6681.487420402065,-6681.485055659065,-6681.498023630005,-6681.485056510106,-6681.485066940688,-6681.750501005252,-6682.172873540845,-6681.485058167071,-6681.949072526463,-6681.67871431098,-6681.4850539854015,-6681.502539508125,-6685.641387503441,-6681.878476025424,-6681.485060724725,-6681.485066248044,-6682.220065559103,-6681.485053986691,-6681.486276032029,0.05394947141570124,0.023419420055463325,0.02949788141212211,0.050057927295346305,0.017627889528115046,0.041197360038001035,0.05333613532722034,0.053516749574968714,0.03596910866309548,0.024222858858889196,-6681.48505399036,-6690.292314438766,-6684.024774036798,0.048703782804874494,-6681.632876827536,0.028095555166539832,-6681.50128855953,-6681.485387157174,-6681.485140177549,0.04993865998672713,0.03564523604769054,0.034922448320627617,0.0406533322998322,0.04376367888465138,0.028897398661916183,0.04842354111760991,0.04414399647914313,-6681.485054124951,-6684.418771029165,-6681.48505398475,-6687.3471587619915,-6681.485057576294,-6681.491706556276,0.043290391132858465,-6681.485053984953,-6681.527768517112,500,-6681.572877078317,0.019780002966404857,0.036867936814812007,0.055592537808802744,0.02434310134324464,0.0217271644638836,0.02968961729154389,0.05476868232624764,0.03712346936523565,0.034992565897742973,-6681.48505398495,-6681.489809919537,-6681.486626415933,-6681.485053989282,-6708.858621822271,-6689.547961120823,-6681.485053998922,-6683.234343896129,-6681.485053984745,0.04881854701894626,0.04806309525316757,0.04775325943735615,0.02977179411111533,0.05505868249465528,0.01199305989790801,0.02722272114625625,0.051068081178876096,0.02199381499498736,0.05294677701877862,-6696.525257632256,-6681.485054246786,-6681.4852415602345,-6681.485055837271,-6681.485054167113,0.9999999999999847,0.9999993282098423,0.9999999999999998,0.9999997885898948,500,500,500,500,500,500,500,500,500,500,500,500,500,500,/mnt/beegfs/rcabanas/dev/credici/papers/journalEM/models/synthetic/s1/random_mc2_n7_mid3_d1000_05_mr098_r10_53.uai,500,500,500,500,500,500,500,500,500,500,500,500,492,500,500,500,500,500,500,500,500,500,500,500,500,500,500,500,500,500,EMCC,random_mc2_n7_mid3_d1000_05_mr098_r10_53_uai,500,500,500,500,500,500,false,500,500,500,500,500,500,500,500,500,500,500,500,500,500,500,500,500,500,/mnt/beegfs/rcabanas/dev/credici/papers/journalEM/models/synthetic/s1/random_mc2_n7_mid3_d1000_05_mr098_r10_53_info.csv,500,500,500,500,500,500,500,500,500,500,500,1.0,500,0.9999998829450641,500,0.999999998922974,500,0.999999999999447,500,0.9999999511188924,500,0.9999997337370555,500,0.9999955165943224,500,500,500,500,500
