CAUSAL 
30 
2 2 2 2 2 2 2 2 2 2 2 2 2 2 2 3 5 5 5 5 5 5 5 5 5 5 5 5 5 5 
30 
2	15 0 
3	16 0 1 
3	17 1 2 
3	18 2 3 
3	19 3 4 
3	20 4 5 
3	21 5 6 
3	22 6 7 
3	23 7 8 
3	24 8 9 
3	25 9 10 
3	26 10 11 
3	27 11 12 
3	28 12 13 
3	29 13 14 
1	15 
1	16 
1	17 
1	18 
1	19 
1	20 
1	21 
1	22 
1	23 
1	24 
1	25 
1	26 
1	27 
1	28 
1	29 

3	0 0 1 
10	0 0 1 0 0 1 0 0 1 1 
10	1 1 0 1 1 0 1 0 0 1 
10	1 0 0 1 1 0 1 1 1 0 
10	0 1 1 1 0 0 0 1 0 1 
10	0 0 1 1 0 0 1 1 0 1 
10	0 1 1 1 1 1 1 1 1 0 
10	0 0 1 0 1 1 1 1 0 0 
10	1 1 0 1 0 0 1 0 0 1 
10	1 1 0 0 1 0 0 1 1 1 
10	1 0 1 0 1 1 1 0 1 1 
10	0 0 1 0 0 0 1 1 0 0 
10	1 1 1 0 0 0 1 0 0 0 
10	1 1 1 1 0 0 1 0 1 1 
10	0 1 1 1 0 1 1 0 0 1 
3	0.099 0.652 0.249 
5	0.682 0.011 0.06 0.002 0.245 
5	0.098 0.18 0.154 0.021 0.547 
5	0.422 0.111 0.009 0.291 0.167 
5	0.13 0.169 0.006 0.26 0.435 
5	0.681 0.278 0.013 0.026 0.002 
5	0.006 0.751 0.222 0.019 0.002 
5	0.017 0.95 0.003 0.026 0.004 
5	0.002 0.93 0.002 0.065 0.001 
5	0.171 0.315 0.377 0.122 0.015 
5	0.101 0.053 0.041 0.791 0.014 
5	0.961 0.003 0.025 0.001 0.01 
5	0.05 0.017 0.011 0.168 0.754 
5	0.001 0.781 0.007 0.164 0.047 
5	0.071 0.016 0.858 0.018 0.037 
