CAUSAL 
30 
2 2 2 2 2 2 2 2 2 2 2 2 2 2 2 3 5 5 5 5 5 5 5 5 5 5 5 5 5 5 
30 
2	15 0 
3	16 0 1 
3	17 1 2 
3	18 2 3 
3	19 3 4 
3	20 4 5 
3	21 5 6 
3	22 6 7 
3	23 7 8 
3	24 8 9 
3	25 9 10 
3	26 10 11 
3	27 11 12 
3	28 12 13 
3	29 13 14 
1	15 
1	16 
1	17 
1	18 
1	19 
1	20 
1	21 
1	22 
1	23 
1	24 
1	25 
1	26 
1	27 
1	28 
1	29 

3	1 0 1 
10	1 1 1 1 1 0 1 1 0 0 
10	1 1 0 0 0 0 1 0 0 0 
10	1 1 1 0 1 1 1 1 0 1 
10	1 0 0 1 1 1 1 0 1 1 
10	1 0 0 0 1 1 1 0 0 1 
10	0 1 0 0 0 1 1 0 0 1 
10	0 0 0 1 1 1 0 0 1 1 
10	0 1 1 0 1 0 1 0 0 0 
10	0 1 1 1 0 1 1 0 1 0 
10	1 0 1 0 1 1 1 1 0 1 
10	1 1 0 1 0 1 1 0 1 0 
10	1 0 1 1 1 0 0 1 1 0 
10	1 0 0 1 0 0 0 0 1 0 
10	1 1 0 1 0 0 0 0 1 0 
3	0.747 0.167 0.086 
5	0.013 0.092 0.003 0.853 0.039 
5	0.007 0.08 0.028 0.869 0.016 
5	0.535 0.002 0.436 0.023 0.004 
5	0.097 0.145 0.191 0.286 0.281 
5	0.065 0.081 0.171 0.015 0.668 
5	0.823 0.007 0.041 0.051 0.078 
5	0.081 0.024 0.008 0.674 0.213 
5	0.114 0.014 0.03 0.634 0.208 
5	0.138 0.136 0.468 0.013 0.245 
5	0.312 0.107 0.248 0.051 0.282 
5	0.459 0.044 0.216 0.247 0.034 
5	0.006 0.003 0.968 0.012 0.011 
5	0.186 0.023 0.143 0.584 0.064 
5	0.095 0.002 0.069 0.824 0.01 
