CAUSAL 
30 
2 2 2 2 2 2 2 2 2 2 2 2 2 2 2 3 5 5 5 5 5 5 5 5 5 5 5 5 5 5 
30 
2	15 0 
3	16 0 1 
3	17 1 2 
3	18 2 3 
3	19 3 4 
3	20 4 5 
3	21 5 6 
3	22 6 7 
3	23 7 8 
3	24 8 9 
3	25 9 10 
3	26 10 11 
3	27 11 12 
3	28 12 13 
3	29 13 14 
1	15 
1	16 
1	17 
1	18 
1	19 
1	20 
1	21 
1	22 
1	23 
1	24 
1	25 
1	26 
1	27 
1	28 
1	29 

3	0 1 1 
10	0 0 0 1 1 1 0 0 1 0 
10	1 0 0 1 1 1 1 1 1 1 
10	1 1 1 1 0 1 0 1 0 1 
10	0 0 1 1 0 0 1 0 1 0 
10	1 1 1 0 0 1 1 1 1 1 
10	0 0 1 1 1 0 1 0 1 1 
10	0 1 0 1 1 0 1 0 1 0 
10	0 1 0 0 1 0 0 1 0 0 
10	1 1 0 1 0 1 1 0 1 1 
10	1 1 0 0 1 1 0 0 0 0 
10	1 1 1 0 1 1 0 0 0 1 
10	0 0 1 0 1 1 1 1 0 0 
10	1 0 0 0 1 0 0 0 1 0 
10	0 1 1 0 1 0 0 0 1 1 
3	0.406 0.447 0.147 
5	0.289 0.053 0.357 0.052 0.249 
5	0.001 0.267 0.006 0.204 0.522 
5	0.001 0.006 0.211 0.076 0.706 
5	0.019 0.002 0.003 0.341 0.635 
5	0.746 0.039 0.013 0.01 0.192 
5	0.078 0.182 0.019 0.004 0.717 
5	0.123 0.23 0.238 0.179 0.23 
5	0.239 0.252 0.026 0.247 0.236 
5	0.023 0.08 0.035 0.099 0.763 
5	0.031 0.081 0.068 0.016 0.804 
5	0.001 0.002 0.001 0.955 0.041 
5	0.014 0.011 0.008 0.751 0.216 
5	0.03 0.037 0.087 0.405 0.441 
5	0.051 0.063 0.003 0.003 0.88 
