CAUSAL 
30 
2 2 2 2 2 2 2 2 2 2 2 2 2 2 2 3 5 5 5 5 5 5 5 5 5 5 5 5 5 5 
30 
2	15 0 
3	16 0 1 
3	17 1 2 
3	18 2 3 
3	19 3 4 
3	20 4 5 
3	21 5 6 
3	22 6 7 
3	23 7 8 
3	24 8 9 
3	25 9 10 
3	26 10 11 
3	27 11 12 
3	28 12 13 
3	29 13 14 
1	15 
1	16 
1	17 
1	18 
1	19 
1	20 
1	21 
1	22 
1	23 
1	24 
1	25 
1	26 
1	27 
1	28 
1	29 

3	1 0 0 
10	0 0 1 0 0 1 1 1 0 1 
10	0 1 0 0 0 0 0 1 0 0 
10	0 0 0 0 0 0 0 1 0 1 
10	0 0 1 1 1 0 1 0 1 0 
10	1 0 0 0 0 0 1 1 0 1 
10	1 0 0 1 0 1 0 1 0 0 
10	1 0 0 0 1 0 1 0 0 1 
10	1 1 0 1 1 0 0 0 1 1 
10	0 1 0 0 0 0 1 0 0 0 
10	0 0 1 1 0 0 1 0 0 1 
10	1 0 1 0 1 1 1 1 1 1 
10	1 0 1 0 0 1 0 1 1 0 
10	0 1 0 0 0 0 1 1 1 0 
10	1 1 0 1 1 0 0 0 0 1 
3	0.978 0.013 0.009 
5	0.512 0.311 0.077 0.02 0.08 
5	0.12 0.657 0.112 0.055 0.056 
5	0.231 0.004 0.346 0.391 0.028 
5	0.033 0.02 0.008 0.779 0.16 
5	0.161 0.054 0.077 0.688 0.02 
5	0.119 0.15 0.02 0.003 0.708 
5	0.244 0.001 0.002 0.678 0.075 
5	0.388 0.284 0.01 0.295 0.023 
5	0.062 0.016 0.436 0.225 0.261 
5	0.067 0.36 0.144 0.395 0.034 
5	0.164 0.197 0.081 0.536 0.022 
5	0.134 0.362 0.358 0.051 0.095 
5	0.009 0.18 0.391 0.038 0.382 
5	0.118 0.191 0.36 0.073 0.258 
