CAUSAL 
30 
2 2 2 2 2 2 2 2 2 2 2 2 2 2 2 3 5 5 5 5 5 5 5 5 5 5 5 5 5 5 
30 
2	15 0 
3	16 0 1 
3	17 1 2 
3	18 2 3 
3	19 3 4 
3	20 4 5 
3	21 5 6 
3	22 6 7 
3	23 7 8 
3	24 8 9 
3	25 9 10 
3	26 10 11 
3	27 11 12 
3	28 12 13 
3	29 13 14 
1	15 
1	16 
1	17 
1	18 
1	19 
1	20 
1	21 
1	22 
1	23 
1	24 
1	25 
1	26 
1	27 
1	28 
1	29 

3	1 1 0 
10	1 0 0 1 0 1 1 0 0 1 
10	1 1 0 1 1 1 0 1 1 1 
10	0 0 0 1 1 0 1 1 0 1 
10	1 0 0 0 0 0 1 0 1 1 
10	1 0 0 0 0 1 0 1 1 1 
10	0 1 1 1 0 0 0 0 1 0 
10	0 0 0 1 1 1 1 1 1 0 
10	0 0 1 1 1 0 1 1 1 0 
10	0 1 0 0 0 1 0 0 0 1 
10	1 1 0 0 0 1 0 0 1 0 
10	0 0 1 0 0 1 1 0 1 1 
10	1 1 0 0 1 1 0 1 0 1 
10	0 1 1 1 1 0 0 1 0 1 
10	0 0 1 0 1 0 0 0 1 1 
3	0.146 0.473 0.381 
5	0.005 0.004 0.82 0.016 0.155 
5	0.099 0.073 0.315 0.443 0.07 
5	0.435 0.14 0.051 0.021 0.353 
5	0.136 0.708 0.051 0.103 0.002 
5	0.495 0.109 0.076 0.113 0.207 
5	0.675 0.071 0.029 0.092 0.133 
5	0.057 0.915 0.023 0.001 0.004 
5	0.118 0.098 0.479 0.052 0.253 
5	0.045 0.07 0.853 0.001 0.031 
5	0.373 0.013 0.015 0.518 0.081 
5	0.029 0.214 0.136 0.453 0.168 
5	0.003 0.294 0.355 0.275 0.073 
5	0.005 0.049 0.006 0.929 0.011 
5	0.276 0.446 0.008 0.235 0.035 
