CAUSAL 
30 
2 2 2 2 2 2 2 2 2 2 2 2 2 2 2 3 5 5 5 5 5 5 5 5 5 5 5 5 5 5 
30 
2	15 0 
3	16 0 1 
3	17 1 2 
3	18 2 3 
3	19 3 4 
3	20 4 5 
3	21 5 6 
3	22 6 7 
3	23 7 8 
3	24 8 9 
3	25 9 10 
3	26 10 11 
3	27 11 12 
3	28 12 13 
3	29 13 14 
1	15 
1	16 
1	17 
1	18 
1	19 
1	20 
1	21 
1	22 
1	23 
1	24 
1	25 
1	26 
1	27 
1	28 
1	29 

3	1 0 0 
10	0 1 0 1 0 1 0 1 1 0 
10	0 1 0 1 1 0 0 1 1 1 
10	0 0 1 1 0 0 1 1 0 1 
10	1 1 0 1 0 1 1 0 0 1 
10	0 1 1 1 0 0 1 1 1 1 
10	0 1 0 0 0 0 0 0 1 1 
10	1 1 0 1 1 1 0 0 0 0 
10	1 0 0 1 1 0 0 0 1 1 
10	0 1 1 0 1 0 1 0 1 0 
10	1 1 0 0 1 0 0 0 1 0 
10	1 1 1 0 1 0 1 0 1 1 
10	0 1 0 1 0 0 0 1 0 0 
10	1 0 0 1 1 1 1 0 1 0 
10	0 0 1 1 1 0 0 0 0 0 
3	0.027 0.013 0.96 
5	0.031 0.277 0.262 0.424 0.006 
5	0.013 0.947 0.002 0.029 0.009 
5	0.432 0.046 0.265 0.189 0.068 
5	0.202 0.339 0.411 0.008 0.04 
5	0.934 0.002 0.003 0.012 0.049 
5	0.98 0.001 0.016 0.001 0.002 
5	0.065 0.019 0.662 0.082 0.172 
5	0.074 0.047 0.275 0.449 0.155 
5	0.184 0.035 0.085 0.134 0.562 
5	0.412 0.17 0.098 0.285 0.035 
5	0.008 0.016 0.954 0.016 0.006 
5	0.243 0.3 0.007 0.027 0.423 
5	0.189 0.381 0.02 0.028 0.382 
5	0.754 0.084 0.007 0.043 0.112 
