CAUSAL 
30 
2 2 2 2 2 2 2 2 2 2 2 2 2 2 2 3 5 5 5 5 5 5 5 5 5 5 5 5 5 5 
30 
2	15 0 
3	16 0 1 
3	17 1 2 
3	18 2 3 
3	19 3 4 
3	20 4 5 
3	21 5 6 
3	22 6 7 
3	23 7 8 
3	24 8 9 
3	25 9 10 
3	26 10 11 
3	27 11 12 
3	28 12 13 
3	29 13 14 
1	15 
1	16 
1	17 
1	18 
1	19 
1	20 
1	21 
1	22 
1	23 
1	24 
1	25 
1	26 
1	27 
1	28 
1	29 

3	0 0 1 
10	0 0 1 1 1 1 0 0 0 1 
10	0 0 1 1 1 1 1 1 1 0 
10	0 0 0 0 0 1 0 1 0 1 
10	1 0 1 0 1 1 0 1 1 1 
10	1 0 1 1 1 1 1 1 1 1 
10	0 1 0 1 1 1 1 0 0 1 
10	0 1 0 0 1 1 0 0 0 1 
10	0 0 0 0 1 1 0 0 0 0 
10	1 1 1 1 1 0 1 0 0 1 
10	1 1 0 1 1 1 1 1 1 0 
10	0 0 1 0 1 1 1 1 0 0 
10	0 0 1 0 1 0 1 0 1 0 
10	1 0 0 0 1 0 1 0 1 0 
10	0 0 1 0 0 0 0 1 1 0 
3	0.589 0.131 0.28 
5	0.004 0.704 0.256 0.007 0.029 
5	0.001 0.063 0.434 0.094 0.408 
5	0.216 0.005 0.067 0.5 0.212 
5	0.014 0.931 0.027 0.004 0.024 
5	0.004 0.005 0.004 0.97 0.017 
5	0.201 0.308 0.025 0.45 0.016 
5	0.06 0.028 0.379 0.5 0.033 
5	0.195 0.067 0.592 0.139 0.007 
5	0.019 0.022 0.048 0.404 0.507 
5	0.351 0.071 0.101 0.018 0.459 
5	0.07 0.007 0.09 0.742 0.091 
5	0.059 0.076 0.187 0.445 0.233 
5	0.115 0.056 0.022 0.797 0.01 
5	0.121 0.209 0.266 0.394 0.01 
