CAUSAL 
30 
2 2 2 2 2 2 2 2 2 2 2 2 2 2 2 3 5 5 5 5 5 5 5 5 5 5 5 5 5 5 
30 
2	15 0 
3	16 0 1 
3	17 1 2 
3	18 2 3 
3	19 3 4 
3	20 4 5 
3	21 5 6 
3	22 6 7 
3	23 7 8 
3	24 8 9 
3	25 9 10 
3	26 10 11 
3	27 11 12 
3	28 12 13 
3	29 13 14 
1	15 
1	16 
1	17 
1	18 
1	19 
1	20 
1	21 
1	22 
1	23 
1	24 
1	25 
1	26 
1	27 
1	28 
1	29 

3	1 0 0 
10	0 0 0 1 1 1 0 0 1 1 
10	1 0 0 0 0 1 1 1 0 1 
10	0 1 0 0 1 0 0 0 1 0 
10	0 1 0 1 0 0 1 0 0 1 
10	1 0 0 0 1 0 0 1 0 0 
10	0 0 1 0 0 0 0 1 1 1 
10	1 0 1 1 1 0 1 1 0 0 
10	0 1 0 1 1 0 0 0 1 0 
10	1 0 1 1 0 0 0 0 1 1 
10	1 0 1 0 1 0 1 0 0 0 
10	0 1 0 1 1 0 1 1 0 1 
10	0 0 1 0 1 1 1 0 0 0 
10	1 1 0 0 0 0 0 0 0 0 
10	0 0 1 0 1 1 0 1 1 1 
3	0.089 0.606 0.305 
5	0.479 0.116 0.105 0.052 0.248 
5	0.12 0.544 0.155 0.157 0.024 
5	0.439 0.024 0.036 0.01 0.491 
5	0.28 0.621 0.034 0.002 0.063 
5	0.113 0.002 0.363 0.483 0.039 
5	0.071 0.661 0.061 0.049 0.158 
5	0.027 0.167 0.015 0.065 0.726 
5	0.043 0.718 0.05 0.173 0.016 
5	0.009 0.405 0.003 0.518 0.065 
5	0.017 0.915 0.005 0.039 0.024 
5	0.238 0.136 0.175 0.051 0.4 
5	0.007 0.173 0.786 0.02 0.014 
5	0.398 0.025 0.216 0.107 0.254 
5	0.593 0.061 0.042 0.145 0.159 
