CAUSAL 
50 
2 2 2 2 2 2 2 2 2 2 2 2 2 2 2 2 2 2 2 2 2 2 2 2 2 3 5 5 5 5 5 5 5 5 5 5 5 5 5 5 5 5 5 5 5 5 5 5 5 5 
50 
2	25 0 
3	26 0 1 
3	27 1 2 
3	28 2 3 
3	29 3 4 
3	30 4 5 
3	31 5 6 
3	32 6 7 
3	33 7 8 
3	34 8 9 
3	35 9 10 
3	36 10 11 
3	37 11 12 
3	38 12 13 
3	39 13 14 
3	40 14 15 
3	41 15 16 
3	42 16 17 
3	43 17 18 
3	44 18 19 
3	45 19 20 
3	46 20 21 
3	47 21 22 
3	48 22 23 
3	49 23 24 
1	25 
1	26 
1	27 
1	28 
1	29 
1	30 
1	31 
1	32 
1	33 
1	34 
1	35 
1	36 
1	37 
1	38 
1	39 
1	40 
1	41 
1	42 
1	43 
1	44 
1	45 
1	46 
1	47 
1	48 
1	49 

3	0 1 1 
10	0 1 1 0 1 1 1 0 1 1 
10	1 0 1 0 0 1 0 1 1 1 
10	1 1 0 1 0 1 0 0 0 1 
10	0 0 0 1 0 1 0 0 0 0 
10	0 0 0 0 0 1 0 0 0 0 
10	1 1 1 1 1 1 1 0 0 0 
10	0 1 0 0 0 1 0 0 1 1 
10	0 1 1 1 0 0 1 1 1 1 
10	1 1 1 0 0 1 1 0 0 1 
10	0 1 1 1 0 1 0 0 0 1 
10	1 0 0 1 1 0 0 0 0 0 
10	1 1 1 0 1 0 1 0 0 1 
10	1 0 0 1 0 0 0 0 0 0 
10	1 0 1 1 0 1 0 1 0 0 
10	1 1 0 1 0 1 0 0 0 1 
10	0 1 1 1 0 0 0 1 1 1 
10	1 1 1 1 1 0 0 0 0 1 
10	1 0 1 1 0 1 0 1 0 1 
10	0 1 1 0 0 0 1 1 0 0 
10	1 1 0 0 1 1 0 1 1 0 
10	0 0 0 0 1 1 0 1 0 1 
10	1 0 0 0 1 1 0 0 0 1 
10	1 1 1 1 1 1 1 0 0 0 
10	0 0 0 1 0 0 0 1 0 0 
3	0.636 0.156 0.208 
5	0.006 0.013 0.83 0.127 0.024 
5	0.047 0.111 0.816 0.017 0.009 
5	0.184 0.419 0.391 0.001 0.005 
5	0.144 0.1 0.647 0.055 0.054 
5	0.006 0.007 0.199 0.01 0.778 
5	0.025 0.088 0.203 0.014 0.67 
5	0.05 0.081 0.003 0.75 0.116 
5	0.433 0.361 0.071 0.078 0.057 
5	0.163 0.114 0.056 0.072 0.595 
5	0.867 0.009 0.002 0.054 0.068 
5	0.02 0.045 0.188 0.091 0.656 
5	0.068 0.916 0.001 0.013 0.002 
5	0.004 0.345 0.002 0.02 0.629 
5	0.466 0.007 0.363 0.109 0.055 
5	0.001 0.049 0.013 0.011 0.926 
5	0.559 0.129 0.116 0.142 0.054 
5	0.369 0.202 0.074 0.082 0.273 
5	0.041 0.319 0.476 0.116 0.048 
5	0.036 0.21 0.063 0.297 0.394 
5	0.026 0.143 0.092 0.682 0.057 
5	0.017 0.564 0.005 0.373 0.041 
5	0.026 0.334 0.348 0.069 0.223 
5	0.026 0.376 0.013 0.375 0.21 
5	0.631 0.128 0.063 0.111 0.067 
