CAUSAL 
50 
2 2 2 2 2 2 2 2 2 2 2 2 2 2 2 2 2 2 2 2 2 2 2 2 2 3 5 5 5 5 5 5 5 5 5 5 5 5 5 5 5 5 5 5 5 5 5 5 5 5 
50 
2	25 0 
3	26 0 1 
3	27 1 2 
3	28 2 3 
3	29 3 4 
3	30 4 5 
3	31 5 6 
3	32 6 7 
3	33 7 8 
3	34 8 9 
3	35 9 10 
3	36 10 11 
3	37 11 12 
3	38 12 13 
3	39 13 14 
3	40 14 15 
3	41 15 16 
3	42 16 17 
3	43 17 18 
3	44 18 19 
3	45 19 20 
3	46 20 21 
3	47 21 22 
3	48 22 23 
3	49 23 24 
1	25 
1	26 
1	27 
1	28 
1	29 
1	30 
1	31 
1	32 
1	33 
1	34 
1	35 
1	36 
1	37 
1	38 
1	39 
1	40 
1	41 
1	42 
1	43 
1	44 
1	45 
1	46 
1	47 
1	48 
1	49 

3	1 0 0 
10	1 1 0 1 1 1 0 0 0 0 
10	1 0 1 1 1 0 0 0 0 1 
10	0 0 0 0 0 1 1 0 0 1 
10	0 0 1 0 1 0 1 1 0 1 
10	0 0 0 1 1 0 0 0 1 1 
10	0 0 1 1 0 0 0 1 1 1 
10	0 0 1 0 0 1 0 1 0 1 
10	1 0 1 0 0 0 1 1 0 0 
10	0 0 0 0 1 0 0 1 1 1 
10	1 0 0 1 0 0 0 0 1 0 
10	1 1 0 0 1 1 1 1 1 0 
10	1 0 1 0 0 1 1 1 1 1 
10	0 1 1 1 0 1 0 0 0 1 
10	1 0 0 0 0 0 1 0 0 1 
10	1 1 0 0 1 0 0 0 0 0 
10	1 0 0 1 0 1 1 0 0 0 
10	1 0 1 0 0 0 1 0 0 0 
10	0 1 0 1 1 0 1 1 0 1 
10	0 1 0 1 1 0 0 0 1 0 
10	1 1 1 0 0 0 1 0 0 0 
10	0 1 0 1 0 1 1 1 0 0 
10	1 1 1 1 1 0 1 1 1 1 
10	1 1 0 0 1 0 1 1 1 0 
10	1 0 1 1 1 1 1 1 1 0 
3	0.196 0.447 0.357 
5	0.202 0.002 0.794 0.001 0.001 
5	0.005 0.013 0.946 0.003 0.033 
5	0.007 0.007 0.395 0.58 0.011 
5	0.035 0.096 0.044 0.142 0.683 
5	0.01 0.011 0.924 0.002 0.053 
5	0.116 0.058 0.614 0.053 0.159 
5	0.136 0.089 0.634 0.082 0.059 
5	0.051 0.474 0.013 0.02 0.442 
5	0.185 0.003 0.209 0.241 0.362 
5	0.207 0.017 0.007 0.699 0.07 
5	0.02 0.02 0.014 0.062 0.884 
5	0.221 0.353 0.297 0.105 0.024 
5	0.361 0.028 0.137 0.326 0.148 
5	0.008 0.181 0.732 0.031 0.048 
5	0.577 0.003 0.073 0.083 0.264 
5	0.109 0.381 0.357 0.121 0.032 
5	0.836 0.025 0.009 0.116 0.014 
5	0.093 0.008 0.034 0.855 0.01 
5	0.905 0.004 0.024 0.045 0.022 
5	0.046 0.011 0.909 0.028 0.006 
5	0.381 0.105 0.372 0.019 0.123 
5	0.004 0.404 0.217 0.331 0.044 
5	0.021 0.642 0.233 0.036 0.068 
5	0.025 0.033 0.134 0.801 0.007 
