CAUSAL 
40 
2 2 2 2 2 2 2 2 2 2 2 2 2 2 2 2 2 2 2 2 3 5 5 5 5 5 5 5 5 5 5 5 5 5 5 5 5 5 5 5 
40 
2	20 0 
3	21 0 1 
3	22 0 2 
3	23 2 3 
3	24 2 4 
3	25 4 5 
3	26 4 6 
3	27 6 7 
3	28 6 8 
3	29 8 9 
3	30 8 10 
3	31 10 11 
3	32 10 12 
3	33 12 13 
3	34 12 14 
3	35 14 15 
3	36 14 16 
3	37 16 17 
3	38 16 18 
3	39 18 19 
1	20 
1	21 
1	22 
1	23 
1	24 
1	25 
1	26 
1	27 
1	28 
1	29 
1	30 
1	31 
1	32 
1	33 
1	34 
1	35 
1	36 
1	37 
1	38 
1	39 

3	1 0 1 
10	0 0 0 0 0 0 0 1 0 1 
10	1 0 1 0 0 1 0 1 1 0 
10	1 1 0 1 0 0 1 1 0 0 
10	1 0 1 1 0 1 1 0 1 0 
10	0 0 0 0 0 0 1 1 0 0 
10	1 0 1 0 1 0 1 0 0 0 
10	0 0 0 0 1 1 0 1 0 1 
10	0 0 0 0 0 0 0 0 1 0 
10	1 0 0 1 0 0 1 1 0 1 
10	0 0 0 1 1 1 0 1 0 0 
10	1 0 1 1 1 1 0 0 0 1 
10	1 0 0 0 0 1 1 0 1 1 
10	1 0 1 1 0 0 0 0 0 1 
10	1 0 0 0 1 1 0 1 0 0 
10	1 0 1 0 0 0 0 1 1 0 
10	0 1 1 0 1 0 0 0 1 1 
10	0 0 0 0 1 0 0 1 1 0 
10	0 1 0 0 0 0 1 1 0 1 
10	1 1 1 1 0 1 1 0 0 1 
3	0.095 0.68 0.225 
5	0.053 0.75 0.074 0.056 0.067 
5	0.284 0.059 0.432 0.18 0.045 
5	0.09 0.016 0.664 0.01 0.22 
5	0.548 0.285 0.01 0.002 0.155 
5	0.155 0.218 0.389 0.044 0.194 
5	0.003 0.005 0.298 0.002 0.692 
5	0.047 0.072 0.019 0.675 0.187 
5	0.015 0.374 0.426 0.155 0.03 
5	0.098 0.894 0.003 0.001 0.004 
5	0.084 0.018 0.378 0.511 0.009 
5	0.581 0.091 0.097 0.137 0.094 
5	0.125 0.009 0.708 0.154 0.004 
5	0.157 0.005 0.373 0.461 0.004 
5	0.055 0.042 0.832 0.036 0.035 
5	0.003 0.332 0.004 0.404 0.257 
5	0.031 0.02 0.013 0.792 0.144 
5	0.098 0.72 0.011 0.14 0.031 
5	0.009 0.382 0.027 0.455 0.127 
5	0.019 0.966 0.005 0.008 0.002 
