CAUSAL 
40 
2 2 2 2 2 2 2 2 2 2 2 2 2 2 2 2 2 2 2 2 3 5 5 5 5 5 5 5 5 5 5 5 5 5 5 5 5 5 5 5 
40 
2	20 0 
3	21 0 1 
3	22 0 2 
3	23 2 3 
3	24 2 4 
3	25 4 5 
3	26 4 6 
3	27 6 7 
3	28 6 8 
3	29 8 9 
3	30 8 10 
3	31 10 11 
3	32 10 12 
3	33 12 13 
3	34 12 14 
3	35 14 15 
3	36 14 16 
3	37 16 17 
3	38 16 18 
3	39 18 19 
1	20 
1	21 
1	22 
1	23 
1	24 
1	25 
1	26 
1	27 
1	28 
1	29 
1	30 
1	31 
1	32 
1	33 
1	34 
1	35 
1	36 
1	37 
1	38 
1	39 

3	1 0 0 
10	0 1 0 1 1 0 0 0 1 0 
10	0 1 0 0 0 1 0 1 1 1 
10	0 1 1 0 1 1 1 1 0 1 
10	0 1 1 1 0 0 0 1 1 1 
10	0 0 0 0 0 1 1 1 0 0 
10	1 0 1 0 1 0 1 0 0 0 
10	1 0 0 0 0 1 0 0 1 0 
10	0 1 0 1 0 0 1 1 1 0 
10	1 0 0 0 0 0 1 1 1 1 
10	0 1 1 1 1 1 1 1 1 0 
10	0 1 0 1 1 1 1 1 0 1 
10	0 0 0 0 0 0 0 1 0 1 
10	0 1 1 0 0 1 1 1 0 1 
10	1 0 0 0 0 0 0 1 1 1 
10	1 1 1 1 1 0 0 1 1 0 
10	1 1 0 0 1 1 0 1 0 0 
10	1 1 0 1 1 0 1 0 1 1 
10	0 0 1 0 1 0 0 1 1 1 
10	0 1 1 0 0 0 1 0 1 0 
3	0.055 0.853 0.092 
5	0.213 0.4 0.179 0.177 0.031 
5	0.096 0.083 0.277 0.057 0.487 
5	0.01 0.006 0.002 0.001 0.981 
5	0.001 0.382 0.038 0.365 0.214 
5	0.01 0.61 0.002 0.007 0.371 
5	0.182 0.041 0.063 0.276 0.438 
5	0.125 0.016 0.196 0.57 0.093 
5	0.026 0.102 0.074 0.019 0.779 
5	0.006 0.006 0.067 0.129 0.792 
5	0.023 0.039 0.15 0.094 0.694 
5	0.003 0.927 0.067 0.002 0.001 
5	0.272 0.062 0.031 0.248 0.387 
5	0.269 0.333 0.046 0.139 0.213 
5	0.488 0.198 0.014 0.205 0.095 
5	0.174 0.223 0.104 0.203 0.296 
5	0.202 0.046 0.067 0.214 0.471 
5	0.819 0.036 0.061 0.053 0.031 
5	0.012 0.623 0.01 0.004 0.351 
5	0.079 0.572 0.006 0.08 0.263 
