CAUSAL 
40 
2 2 2 2 2 2 2 2 2 2 2 2 2 2 2 2 2 2 2 2 3 5 5 5 5 5 5 5 5 5 5 5 5 5 5 5 5 5 5 5 
40 
2	20 0 
3	21 0 1 
3	22 0 2 
3	23 2 3 
3	24 2 4 
3	25 4 5 
3	26 4 6 
3	27 6 7 
3	28 6 8 
3	29 8 9 
3	30 8 10 
3	31 10 11 
3	32 10 12 
3	33 12 13 
3	34 12 14 
3	35 14 15 
3	36 14 16 
3	37 16 17 
3	38 16 18 
3	39 18 19 
1	20 
1	21 
1	22 
1	23 
1	24 
1	25 
1	26 
1	27 
1	28 
1	29 
1	30 
1	31 
1	32 
1	33 
1	34 
1	35 
1	36 
1	37 
1	38 
1	39 

3	1 0 0 
10	1 0 0 0 1 1 0 1 0 1 
10	0 1 0 1 1 0 0 1 1 1 
10	1 0 1 1 0 0 1 0 1 1 
10	0 0 0 0 1 1 0 1 0 1 
10	1 1 1 0 1 0 0 1 0 1 
10	1 0 1 1 0 1 1 0 0 1 
10	1 0 0 0 0 1 0 0 0 0 
10	0 0 1 1 0 0 1 0 0 0 
10	0 1 0 1 1 0 1 1 0 1 
10	0 0 1 0 1 1 1 1 0 0 
10	0 1 1 1 0 1 1 1 1 0 
10	1 1 0 0 1 0 1 0 1 0 
10	0 1 0 1 1 1 1 0 0 0 
10	1 0 0 1 0 0 0 0 1 0 
10	1 0 1 0 0 0 1 0 1 0 
10	0 0 1 1 0 0 0 1 1 0 
10	0 0 0 1 1 0 1 1 1 0 
10	0 0 1 1 1 1 1 1 0 0 
10	0 0 1 0 1 1 0 1 1 1 
3	0.03 0.829 0.141 
5	0.271 0.006 0.002 0.005 0.716 
5	0.004 0.006 0.983 0.003 0.004 
5	0.004 0.031 0.052 0.901 0.012 
5	0.002 0.153 0.018 0.131 0.696 
5	0.017 0.004 0.389 0.115 0.475 
5	0.04 0.255 0.604 0.081 0.02 
5	0.02 0.121 0.792 0.019 0.048 
5	0.168 0.774 0.033 0.019 0.006 
5	0.003 0.031 0.484 0.029 0.453 
5	0.285 0.05 0.612 0.036 0.017 
5	0.02 0.533 0.204 0.148 0.095 
5	0.239 0.038 0.159 0.473 0.091 
5	0.225 0.026 0.008 0.723 0.018 
5	0.001 0.357 0.006 0.006 0.63 
5	0.111 0.176 0.047 0.075 0.591 
5	0.043 0.072 0.874 0.003 0.008 
5	0.035 0.045 0.81 0.087 0.023 
5	0.133 0.1 0.747 0.015 0.005 
5	0.005 0.002 0.009 0.983 0.001 
