CAUSAL 
40 
2 2 2 2 2 2 2 2 2 2 2 2 2 2 2 2 2 2 2 2 3 5 5 5 5 5 5 5 5 5 5 5 5 5 5 5 5 5 5 5 
40 
2	20 0 
3	21 0 1 
3	22 0 2 
3	23 2 3 
3	24 2 4 
3	25 4 5 
3	26 4 6 
3	27 6 7 
3	28 6 8 
3	29 8 9 
3	30 8 10 
3	31 10 11 
3	32 10 12 
3	33 12 13 
3	34 12 14 
3	35 14 15 
3	36 14 16 
3	37 16 17 
3	38 16 18 
3	39 18 19 
1	20 
1	21 
1	22 
1	23 
1	24 
1	25 
1	26 
1	27 
1	28 
1	29 
1	30 
1	31 
1	32 
1	33 
1	34 
1	35 
1	36 
1	37 
1	38 
1	39 

3	1 0 0 
10	0 1 0 1 1 0 1 1 1 0 
10	1 0 0 0 1 0 0 0 0 1 
10	0 1 0 1 1 0 0 1 0 0 
10	0 0 1 1 1 1 1 1 1 0 
10	0 0 1 1 1 0 0 1 0 1 
10	0 0 0 0 1 0 1 1 1 1 
10	0 0 0 1 0 0 0 0 1 0 
10	0 0 1 1 1 0 1 0 1 0 
10	0 1 1 0 1 0 0 1 1 0 
10	0 1 0 1 0 1 0 1 1 1 
10	1 1 1 1 0 1 1 0 0 1 
10	0 0 0 1 0 1 1 0 1 1 
10	0 1 0 1 0 0 1 1 1 1 
10	1 0 0 0 1 1 1 1 1 0 
10	1 0 0 0 1 1 0 1 1 0 
10	1 1 0 1 1 0 1 1 1 0 
10	1 1 1 1 0 0 1 0 0 1 
10	0 1 1 0 1 0 0 1 0 1 
10	1 1 0 0 0 0 0 1 1 1 
3	0.003 0.89 0.107 
5	0.189 0.233 0.184 0.176 0.218 
5	0.009 0.114 0.873 0.003 0.001 
5	0.498 0.008 0.078 0.385 0.031 
5	0.024 0.003 0.946 0.025 0.002 
5	0.014 0.145 0.129 0.605 0.107 
5	0.402 0.166 0.343 0.085 0.004 
5	0.407 0.13 0.105 0.257 0.101 
5	0.197 0.12 0.013 0.277 0.393 
5	0.201 0.034 0.39 0.339 0.036 
5	0.006 0.198 0.645 0.095 0.056 
5	0.556 0.024 0.034 0.33 0.056 
5	0.116 0.858 0.014 0.002 0.01 
5	0.115 0.023 0.722 0.114 0.026 
5	0.009 0.42 0.191 0.009 0.371 
5	0.339 0.428 0.027 0.071 0.135 
5	0.013 0.188 0.258 0.452 0.089 
5	0.062 0.017 0.003 0.297 0.621 
5	0.313 0.27 0.238 0.094 0.085 
5	0.165 0.257 0.191 0.168 0.219 
