CAUSAL 
40 
2 2 2 2 2 2 2 2 2 2 2 2 2 2 2 2 2 2 2 2 3 5 5 5 5 5 5 5 5 5 5 5 5 5 5 5 5 5 5 5 
40 
2	20 0 
3	21 0 1 
3	22 0 2 
3	23 2 3 
3	24 2 4 
3	25 4 5 
3	26 4 6 
3	27 6 7 
3	28 6 8 
3	29 8 9 
3	30 8 10 
3	31 10 11 
3	32 10 12 
3	33 12 13 
3	34 12 14 
3	35 14 15 
3	36 14 16 
3	37 16 17 
3	38 16 18 
3	39 18 19 
1	20 
1	21 
1	22 
1	23 
1	24 
1	25 
1	26 
1	27 
1	28 
1	29 
1	30 
1	31 
1	32 
1	33 
1	34 
1	35 
1	36 
1	37 
1	38 
1	39 

3	0 1 1 
10	1 0 0 0 0 1 1 0 1 0 
10	1 1 0 0 1 0 1 0 0 1 
10	0 0 1 0 1 1 1 1 1 0 
10	0 1 1 0 0 0 1 1 1 1 
10	0 0 0 1 0 1 1 1 1 1 
10	1 1 1 0 1 1 0 1 0 0 
10	0 0 0 1 0 1 1 1 1 1 
10	0 0 1 0 1 0 1 1 1 0 
10	1 0 0 0 1 1 1 1 0 0 
10	0 0 0 0 0 1 0 0 1 0 
10	1 1 1 1 0 0 1 0 1 0 
10	0 0 0 0 1 1 1 0 1 0 
10	1 0 1 1 1 1 1 1 0 0 
10	1 1 1 0 0 1 1 0 1 0 
10	0 1 0 1 0 0 1 1 1 0 
10	1 0 0 0 1 1 1 0 1 0 
10	1 1 1 1 1 0 0 1 0 1 
10	1 1 1 1 0 1 1 0 1 1 
10	0 1 1 0 1 1 0 1 0 1 
3	0.069 0.732 0.199 
5	0.365 0.204 0.195 0.048 0.188 
5	0.009 0.167 0.453 0.359 0.012 
5	0.054 0.002 0.144 0.666 0.134 
5	0.166 0.127 0.015 0.137 0.555 
5	0.021 0.967 0.004 0.004 0.004 
5	0.024 0.005 0.886 0.074 0.011 
5	0.201 0.396 0.13 0.002 0.271 
5	0.154 0.09 0.25 0.468 0.038 
5	0.474 0.179 0.127 0.209 0.011 
5	0.028 0.962 0.007 0.002 0.001 
5	0.005 0.003 0.005 0.18 0.807 
5	0.48 0.017 0.262 0.16 0.081 
5	0.054 0.003 0.058 0.002 0.883 
5	0.268 0.042 0.132 0.394 0.164 
5	0.074 0.29 0.084 0.269 0.283 
5	0.004 0.076 0.099 0.243 0.578 
5	0.452 0.08 0.247 0.021 0.2 
5	0.917 0.042 0.037 0.003 0.001 
5	0.128 0.121 0.518 0.219 0.014 
