CAUSAL 
40 
2 2 2 2 2 2 2 2 2 2 2 2 2 2 2 2 2 2 2 2 3 5 5 5 5 5 5 5 5 5 5 5 5 5 5 5 5 5 5 5 
40 
2	20 0 
3	21 0 1 
3	22 0 2 
3	23 2 3 
3	24 2 4 
3	25 4 5 
3	26 4 6 
3	27 6 7 
3	28 6 8 
3	29 8 9 
3	30 8 10 
3	31 10 11 
3	32 10 12 
3	33 12 13 
3	34 12 14 
3	35 14 15 
3	36 14 16 
3	37 16 17 
3	38 16 18 
3	39 18 19 
1	20 
1	21 
1	22 
1	23 
1	24 
1	25 
1	26 
1	27 
1	28 
1	29 
1	30 
1	31 
1	32 
1	33 
1	34 
1	35 
1	36 
1	37 
1	38 
1	39 

3	0 1 0 
10	0 0 0 1 0 1 0 1 1 0 
10	1 0 1 1 0 1 0 0 0 1 
10	0 0 1 0 1 0 1 1 0 1 
10	1 1 1 1 1 0 0 1 1 0 
10	1 0 1 0 1 1 0 1 0 0 
10	0 1 0 0 0 1 0 1 1 0 
10	0 0 1 1 1 1 1 1 1 1 
10	1 1 1 1 1 1 1 0 0 0 
10	0 0 0 1 0 1 1 1 0 1 
10	0 0 0 1 0 0 0 0 0 1 
10	0 1 1 0 1 0 0 1 0 1 
10	0 0 1 1 0 0 0 1 1 1 
10	1 0 0 0 1 1 1 0 0 1 
10	1 0 0 1 0 1 1 0 0 1 
10	0 0 0 1 0 1 1 0 0 1 
10	1 0 1 0 1 0 1 0 1 0 
10	0 1 0 1 1 1 1 0 1 1 
10	1 1 0 0 0 0 0 1 0 1 
10	1 0 0 0 1 1 0 0 0 1 
3	0.616 0.121 0.263 
5	0.047 0.419 0.062 0.362 0.11 
5	0.351 0.078 0.309 0.164 0.098 
5	0.549 0.076 0.244 0.062 0.069 
5	0.078 0.556 0.005 0.014 0.347 
5	0.009 0.071 0.76 0.008 0.152 
5	0.004 0.988 0.002 0.004 0.002 
5	0.225 0.219 0.277 0.043 0.236 
5	0.092 0.04 0.445 0.418 0.005 
5	0.029 0.042 0.771 0.083 0.075 
5	0.098 0.344 0.021 0.525 0.012 
5	0.025 0.653 0.222 0.012 0.088 
5	0.316 0.141 0.011 0.283 0.249 
5	0.429 0.037 0.303 0.109 0.122 
5	0.45 0.102 0.084 0.35 0.014 
5	0.405 0.014 0.463 0.049 0.069 
5	0.288 0.072 0.273 0.037 0.33 
5	0.012 0.094 0.04 0.653 0.201 
5	0.026 0.124 0.032 0.102 0.716 
5	0.456 0.086 0.341 0.032 0.085 
