CAUSAL 
28 
2 2 2 2 2 2 2 2 2 2 2 2 2 2 3 5 5 5 5 5 5 5 5 5 5 5 5 5 
28 
2	14 0 
3	15 0 1 
3	16 0 2 
3	17 2 3 
3	18 2 4 
3	19 4 5 
3	20 4 6 
3	21 6 7 
3	22 6 8 
3	23 8 9 
3	24 8 10 
3	25 10 11 
3	26 10 12 
3	27 12 13 
1	14 
1	15 
1	16 
1	17 
1	18 
1	19 
1	20 
1	21 
1	22 
1	23 
1	24 
1	25 
1	26 
1	27 

3	0 1 1 
10	1 0 1 0 1 0 0 1 1 0 
10	0 0 1 0 0 0 0 1 0 1 
10	1 1 1 1 1 0 1 1 0 0 
10	0 1 0 0 0 0 1 0 1 1 
10	1 1 1 0 0 0 0 1 1 1 
10	1 0 1 1 1 0 0 1 0 1 
10	1 0 1 0 0 0 1 1 0 1 
10	0 1 1 1 0 0 1 0 1 0 
10	1 0 1 0 1 1 1 1 0 0 
10	0 1 1 0 1 1 1 0 1 1 
10	1 1 0 1 0 0 1 0 0 0 
10	0 1 1 0 1 0 0 0 1 1 
10	1 1 1 0 0 0 0 0 1 0 
3	0.012 0.018 0.97 
5	0.029 0.024 0.921 0.021 0.005 
5	0.236 0.058 0.015 0.657 0.034 
5	0.028 0.002 0.118 0.85 0.002 
5	0.054 0.216 0.221 0.212 0.297 
5	0.79 0.094 0.027 0.023 0.066 
5	0.429 0.079 0.364 0.036 0.092 
5	0.534 0.097 0.267 0.071 0.031 
5	0.028 0.013 0.137 0.146 0.676 
5	0.103 0.025 0.012 0.211 0.649 
5	0.534 0.013 0.088 0.083 0.282 
5	0.301 0.206 0.128 0.311 0.054 
5	0.004 0.908 0.032 0.031 0.025 
5	0.679 0.033 0.053 0.206 0.029 
