CAUSAL 
40 
2 2 2 2 2 2 2 2 2 2 2 2 2 2 2 2 2 2 2 2 3 5 5 5 5 5 5 5 5 5 5 5 5 5 5 5 5 5 5 5 
40 
2	20 0 
3	21 0 1 
3	22 0 2 
3	23 2 3 
3	24 2 4 
3	25 4 5 
3	26 4 6 
3	27 6 7 
3	28 6 8 
3	29 8 9 
3	30 8 10 
3	31 10 11 
3	32 10 12 
3	33 12 13 
3	34 12 14 
3	35 14 15 
3	36 14 16 
3	37 16 17 
3	38 16 18 
3	39 18 19 
1	20 
1	21 
1	22 
1	23 
1	24 
1	25 
1	26 
1	27 
1	28 
1	29 
1	30 
1	31 
1	32 
1	33 
1	34 
1	35 
1	36 
1	37 
1	38 
1	39 

3	0 1 1 
10	0 0 1 1 0 0 1 1 0 0 
10	0 0 0 1 1 0 0 0 1 1 
10	1 0 0 1 0 0 0 0 0 1 
10	0 1 1 0 1 0 1 1 1 0 
10	1 1 0 0 0 1 1 0 1 0 
10	0 0 0 0 1 1 0 0 0 0 
10	1 0 0 1 1 1 1 0 1 0 
10	1 0 1 0 1 0 1 0 0 1 
10	1 0 1 0 0 0 1 1 0 0 
10	1 0 0 0 1 0 0 1 0 1 
10	1 0 0 1 0 1 0 1 0 1 
10	1 0 1 0 1 0 1 1 0 0 
10	1 0 1 0 1 0 1 0 1 0 
10	1 1 0 1 1 1 0 1 0 0 
10	0 0 1 0 0 0 1 0 1 0 
10	0 1 1 1 0 1 0 0 0 0 
10	1 0 0 1 0 1 0 0 1 1 
10	1 0 1 1 0 0 0 1 0 0 
10	0 1 0 1 1 1 1 0 0 1 
3	0.24 0.617 0.143 
5	0.109 0.009 0.007 0.005 0.87 
5	0.924 0.049 0.021 0.004 0.002 
5	0.01 0.003 0.736 0.08 0.171 
5	0.526 0.279 0.03 0.031 0.134 
5	0.821 0.003 0.118 0.054 0.004 
5	0.224 0.445 0.039 0.272 0.02 
5	0.106 0.046 0.039 0.244 0.565 
5	0.795 0.009 0.169 0.004 0.023 
5	0.121 0.017 0.065 0.068 0.729 
5	0.148 0.045 0.063 0.083 0.661 
5	0.076 0.105 0.14 0.299 0.38 
5	0.05 0.156 0.418 0.174 0.202 
5	0.009 0.051 0.041 0.116 0.783 
5	0.061 0.346 0.126 0.376 0.091 
5	0.012 0.003 0.001 0.983 0.001 
5	0.037 0.85 0.003 0.108 0.002 
5	0.021 0.345 0.025 0.607 0.002 
5	0.902 0.002 0.002 0.093 0.001 
5	0.071 0.422 0.147 0.222 0.138 
