CAUSAL 
40 
2 2 2 2 2 2 2 2 2 2 2 2 2 2 2 2 2 2 2 2 3 5 5 5 5 5 5 5 5 5 5 5 5 5 5 5 5 5 5 5 
40 
2	20 0 
3	21 0 1 
3	22 0 2 
3	23 2 3 
3	24 2 4 
3	25 4 5 
3	26 4 6 
3	27 6 7 
3	28 6 8 
3	29 8 9 
3	30 8 10 
3	31 10 11 
3	32 10 12 
3	33 12 13 
3	34 12 14 
3	35 14 15 
3	36 14 16 
3	37 16 17 
3	38 16 18 
3	39 18 19 
1	20 
1	21 
1	22 
1	23 
1	24 
1	25 
1	26 
1	27 
1	28 
1	29 
1	30 
1	31 
1	32 
1	33 
1	34 
1	35 
1	36 
1	37 
1	38 
1	39 

3	1 0 0 
10	0 1 1 1 1 0 0 1 1 0 
10	0 0 1 0 1 1 1 0 1 1 
10	0 0 0 1 1 0 0 0 0 0 
10	0 1 1 1 1 0 0 0 0 0 
10	1 1 0 1 0 1 0 1 0 0 
10	0 0 1 1 0 0 0 0 0 0 
10	0 1 0 0 1 1 0 0 1 1 
10	1 0 1 1 0 0 1 1 0 1 
10	0 0 1 0 0 1 0 0 1 1 
10	0 1 1 1 0 0 1 0 1 1 
10	1 0 1 0 1 1 0 1 0 1 
10	0 1 0 1 1 0 0 1 0 0 
10	0 0 1 0 1 1 0 0 0 0 
10	1 0 1 0 1 1 0 1 1 1 
10	1 1 1 0 0 0 0 1 1 0 
10	0 0 0 1 1 0 0 0 0 1 
10	0 0 0 1 1 0 1 0 1 0 
10	0 0 1 0 1 0 1 1 1 0 
10	1 0 1 0 0 0 0 0 1 1 
3	0.352 0.505 0.143 
5	0.757 0.001 0.205 0.035 0.002 
5	0.238 0.36 0.096 0.207 0.099 
5	0.482 0.353 0.086 0.063 0.016 
5	0.698 0.002 0.001 0.001 0.298 
5	0.312 0.076 0.398 0.012 0.202 
5	0.682 0.095 0.042 0.101 0.08 
5	0.695 0.083 0.009 0.013 0.2 
5	0.078 0.248 0.301 0.14 0.233 
5	0.017 0.78 0.059 0.029 0.115 
5	0.002 0.002 0.001 0.808 0.187 
5	0.029 0.51 0.005 0.051 0.405 
5	0.135 0.074 0.17 0.588 0.033 
5	0.599 0.007 0.17 0.219 0.005 
5	0.357 0.478 0.157 0.003 0.005 
5	0.001 0.96 0.036 0.002 0.001 
5	0.086 0.671 0.055 0.03 0.158 
5	0.012 0.724 0.094 0.16 0.01 
5	0.114 0.036 0.353 0.032 0.465 
5	0.487 0.015 0.315 0.009 0.174 
