CAUSAL 
28 
2 2 2 2 2 2 2 2 2 2 2 2 2 2 3 5 5 5 5 5 5 5 5 5 5 5 5 5 
28 
2	14 0 
3	15 0 1 
3	16 0 2 
3	17 2 3 
3	18 2 4 
3	19 4 5 
3	20 4 6 
3	21 6 7 
3	22 6 8 
3	23 8 9 
3	24 8 10 
3	25 10 11 
3	26 10 12 
3	27 12 13 
1	14 
1	15 
1	16 
1	17 
1	18 
1	19 
1	20 
1	21 
1	22 
1	23 
1	24 
1	25 
1	26 
1	27 

3	1 1 0 
10	0 0 0 1 0 0 0 0 1 0 
10	1 1 0 1 1 0 1 1 1 1 
10	1 1 0 0 1 1 0 0 0 1 
10	0 0 0 1 0 1 1 1 0 1 
10	1 0 0 1 0 0 1 1 0 1 
10	1 1 0 1 0 0 0 0 1 0 
10	1 0 1 0 0 0 0 0 0 1 
10	1 0 1 0 0 1 1 0 1 0 
10	0 1 0 0 0 1 0 1 0 0 
10	1 0 1 1 1 1 0 1 1 0 
10	1 1 1 0 1 0 0 0 0 0 
10	1 0 1 1 0 0 0 0 1 0 
10	0 0 0 0 1 0 1 0 1 1 
3	0.095 0.559 0.346 
5	0.51 0.217 0.222 0.034 0.017 
5	0.127 0.154 0.378 0.134 0.207 
5	0.029 0.049 0.064 0.818 0.04 
5	0.105 0.263 0.622 0.004 0.006 
5	0.148 0.688 0.023 0.13 0.011 
5	0.003 0.584 0.002 0.35 0.061 
5	0.017 0.043 0.063 0.079 0.798 
5	0.001 0.711 0.011 0.112 0.165 
5	0.393 0.359 0.101 0.085 0.062 
5	0.099 0.211 0.086 0.445 0.159 
5	0.089 0.337 0.129 0.133 0.312 
5	0.024 0.055 0.07 0.68 0.171 
5	0.415 0.217 0.023 0.047 0.298 
