CAUSAL 
40 
2 2 2 2 2 2 2 2 2 2 2 2 2 2 2 2 2 2 2 2 3 5 5 5 5 5 5 5 5 5 5 5 5 5 5 5 5 5 5 5 
40 
2	20 0 
3	21 0 1 
3	22 0 2 
3	23 2 3 
3	24 2 4 
3	25 4 5 
3	26 4 6 
3	27 6 7 
3	28 6 8 
3	29 8 9 
3	30 8 10 
3	31 10 11 
3	32 10 12 
3	33 12 13 
3	34 12 14 
3	35 14 15 
3	36 14 16 
3	37 16 17 
3	38 16 18 
3	39 18 19 
1	20 
1	21 
1	22 
1	23 
1	24 
1	25 
1	26 
1	27 
1	28 
1	29 
1	30 
1	31 
1	32 
1	33 
1	34 
1	35 
1	36 
1	37 
1	38 
1	39 

3	0 0 1 
10	1 1 1 1 0 0 0 1 0 1 
10	0 0 1 1 0 1 1 0 1 0 
10	0 1 0 0 0 0 1 0 1 1 
10	0 1 1 1 0 0 1 0 0 1 
10	0 0 0 0 1 1 1 0 1 1 
10	0 1 1 0 0 0 1 0 0 1 
10	0 1 0 1 1 1 1 0 1 1 
10	1 0 0 1 1 1 1 0 1 1 
10	0 1 0 0 1 1 0 0 0 0 
10	1 1 1 0 1 0 0 1 1 0 
10	1 1 0 1 0 1 0 0 1 1 
10	1 1 0 0 1 0 1 1 1 1 
10	1 0 0 1 1 1 1 1 1 0 
10	0 0 1 1 0 0 0 1 0 1 
10	0 1 1 0 0 0 1 1 0 0 
10	1 1 0 1 0 0 0 1 0 0 
10	0 0 0 1 1 1 0 0 0 1 
10	1 1 0 0 1 1 1 0 1 0 
10	0 1 1 1 1 0 0 1 0 0 
3	0.518 0.366 0.116 
5	0.319 0.363 0.243 0.003 0.072 
5	0.068 0.257 0.013 0.461 0.201 
5	0.006 0.201 0.26 0.058 0.475 
5	0.002 0.992 0.002 0.002 0.002 
5	0.032 0.01 0.091 0.811 0.056 
5	0.002 0.886 0.017 0.086 0.009 
5	0.796 0.003 0.19 0.006 0.005 
5	0.681 0.286 0.023 0.001 0.009 
5	0.018 0.432 0.045 0.296 0.209 
5	0.02 0.898 0.006 0.026 0.05 
5	0.003 0.11 0.001 0.878 0.008 
5	0.905 0.008 0.073 0.012 0.002 
5	0.048 0.038 0.287 0.446 0.181 
5	0.197 0.047 0.002 0.446 0.308 
5	0.113 0.027 0.821 0.011 0.028 
5	0.018 0.871 0.067 0.008 0.036 
5	0.606 0.201 0.027 0.004 0.162 
5	0.044 0.12 0.084 0.749 0.003 
5	0.019 0.424 0.488 0.059 0.01 
