CAUSAL 
28 
2 2 2 2 2 2 2 2 2 2 2 2 2 2 3 5 5 5 5 5 5 5 5 5 5 5 5 5 
28 
2	14 0 
3	15 0 1 
3	16 0 2 
3	17 2 3 
3	18 2 4 
3	19 4 5 
3	20 4 6 
3	21 6 7 
3	22 6 8 
3	23 8 9 
3	24 8 10 
3	25 10 11 
3	26 10 12 
3	27 12 13 
1	14 
1	15 
1	16 
1	17 
1	18 
1	19 
1	20 
1	21 
1	22 
1	23 
1	24 
1	25 
1	26 
1	27 

3	1 0 0 
10	1 1 0 1 0 0 1 1 0 1 
10	1 0 0 0 0 0 1 1 1 0 
10	1 1 0 0 0 0 0 0 0 1 
10	1 0 0 0 1 1 0 1 0 1 
10	0 1 0 0 1 0 1 1 0 0 
10	1 0 0 1 1 0 1 1 0 0 
10	1 1 1 1 0 0 0 0 0 0 
10	0 1 0 1 0 1 1 1 1 1 
10	1 0 1 1 0 1 0 0 0 0 
10	0 1 1 1 1 0 1 0 0 0 
10	1 1 0 0 0 0 0 1 0 1 
10	0 0 1 0 1 0 0 0 1 1 
10	0 0 0 1 1 0 0 0 0 0 
3	0.176 0.784 0.04 
5	0.001 0.901 0.001 0.003 0.094 
5	0.066 0.119 0.024 0.697 0.094 
5	0.069 0.044 0.15 0.729 0.008 
5	0.006 0.818 0.118 0.018 0.04 
5	0.193 0.117 0.234 0.166 0.29 
5	0.003 0.001 0.916 0.078 0.002 
5	0.073 0.053 0.732 0.139 0.003 
5	0.087 0.026 0.408 0.06 0.419 
5	0.153 0.053 0.284 0.045 0.465 
5	0.095 0.106 0.001 0.787 0.011 
5	0.282 0.155 0.014 0.018 0.531 
5	0.199 0.371 0.085 0.275 0.07 
5	0.001 0.062 0.478 0.122 0.337 
