CAUSAL 
40 
2 2 2 2 2 2 2 2 2 2 2 2 2 2 2 2 2 2 2 2 3 5 5 5 5 5 5 5 5 5 5 5 5 5 5 5 5 5 5 5 
40 
2	20 0 
3	21 0 1 
3	22 0 2 
3	23 2 3 
3	24 2 4 
3	25 4 5 
3	26 4 6 
3	27 6 7 
3	28 6 8 
3	29 8 9 
3	30 8 10 
3	31 10 11 
3	32 10 12 
3	33 12 13 
3	34 12 14 
3	35 14 15 
3	36 14 16 
3	37 16 17 
3	38 16 18 
3	39 18 19 
1	20 
1	21 
1	22 
1	23 
1	24 
1	25 
1	26 
1	27 
1	28 
1	29 
1	30 
1	31 
1	32 
1	33 
1	34 
1	35 
1	36 
1	37 
1	38 
1	39 

3	1 0 0 
10	1 0 0 1 0 0 0 0 1 0 
10	0 0 0 0 0 1 0 1 1 1 
10	0 0 0 0 1 0 0 1 1 0 
10	1 1 1 0 1 1 1 1 1 1 
10	0 1 0 0 0 0 1 1 1 0 
10	0 0 0 1 0 0 0 0 1 1 
10	1 0 0 0 1 0 0 0 0 0 
10	1 1 1 0 0 0 1 1 1 0 
10	1 0 1 1 0 0 0 1 1 1 
10	1 1 1 0 0 0 1 1 1 0 
10	0 0 0 0 0 0 1 1 0 1 
10	1 1 0 1 1 1 1 1 0 0 
10	0 0 0 1 1 1 1 0 1 0 
10	1 1 0 0 1 0 1 0 1 0 
10	1 1 1 1 1 0 0 0 1 1 
10	1 1 1 0 1 0 0 0 0 0 
10	1 1 1 0 0 1 1 1 0 0 
10	0 0 1 0 1 0 1 1 1 0 
10	1 1 1 0 1 0 0 1 0 1 
3	0.292 0.332 0.376 
5	0.209 0.005 0.106 0.665 0.015 
5	0.043 0.115 0.026 0.004 0.812 
5	0.02 0.341 0.204 0.405 0.03 
5	0.103 0.01 0.031 0.046 0.81 
5	0.774 0.01 0.115 0.029 0.072 
5	0.047 0.106 0.031 0.807 0.009 
5	0.667 0.072 0.004 0.006 0.251 
5	0.01 0.147 0.502 0.326 0.015 
5	0.135 0.151 0.168 0.37 0.176 
5	0.499 0.02 0.014 0.448 0.019 
5	0.07 0.58 0.06 0.006 0.284 
5	0.009 0.028 0.043 0.002 0.918 
5	0.822 0.169 0.002 0.006 0.001 
5	0.367 0.152 0.026 0.085 0.37 
5	0.044 0.029 0.73 0.124 0.073 
5	0.05 0.04 0.232 0.004 0.674 
5	0.002 0.504 0.226 0.13 0.138 
5	0.285 0.048 0.075 0.025 0.567 
5	0.07 0.01 0.022 0.073 0.825 
