CAUSAL 
40 
2 2 2 2 2 2 2 2 2 2 2 2 2 2 2 2 2 2 2 2 3 5 5 5 5 5 5 5 5 5 5 5 5 5 5 5 5 5 5 5 
40 
2	20 0 
3	21 0 1 
3	22 0 2 
3	23 2 3 
3	24 2 4 
3	25 4 5 
3	26 4 6 
3	27 6 7 
3	28 6 8 
3	29 8 9 
3	30 8 10 
3	31 10 11 
3	32 10 12 
3	33 12 13 
3	34 12 14 
3	35 14 15 
3	36 14 16 
3	37 16 17 
3	38 16 18 
3	39 18 19 
1	20 
1	21 
1	22 
1	23 
1	24 
1	25 
1	26 
1	27 
1	28 
1	29 
1	30 
1	31 
1	32 
1	33 
1	34 
1	35 
1	36 
1	37 
1	38 
1	39 

3	0 1 1 
10	1 0 1 1 1 0 1 0 0 1 
10	0 0 0 1 0 0 0 0 0 1 
10	0 0 1 0 0 1 0 1 0 1 
10	1 1 0 0 1 0 1 1 0 0 
10	0 0 1 0 1 1 1 0 1 0 
10	1 0 0 0 1 0 1 0 1 1 
10	1 0 0 0 1 1 1 0 1 0 
10	0 0 1 0 0 1 0 1 0 1 
10	0 0 0 1 0 0 1 0 1 0 
10	0 1 1 1 1 0 1 1 1 0 
10	0 1 1 1 0 1 1 0 0 0 
10	0 0 0 1 1 0 1 1 1 0 
10	1 0 0 0 0 0 1 0 1 1 
10	0 1 1 0 1 1 1 1 0 1 
10	1 1 0 0 0 1 1 1 1 1 
10	0 1 0 1 1 0 0 1 0 1 
10	1 1 0 1 1 1 1 0 0 1 
10	0 1 0 1 1 0 1 0 1 1 
10	1 0 1 1 1 0 0 1 1 1 
3	0.726 0.116 0.158 
5	0.09 0.663 0.037 0.023 0.187 
5	0.208 0.182 0.072 0.43 0.108 
5	0.204 0.74 0.006 0.008 0.042 
5	0.008 0.664 0.019 0.002 0.307 
5	0.031 0.229 0.009 0.112 0.619 
5	0.007 0.807 0.041 0.039 0.106 
5	0.083 0.378 0.149 0.361 0.029 
5	0.031 0.068 0.003 0.894 0.004 
5	0.094 0.185 0.131 0.089 0.501 
5	0.129 0.2 0.121 0.457 0.093 
5	0.131 0.117 0.029 0.053 0.67 
5	0.061 0.565 0.269 0.102 0.003 
5	0.747 0.01 0.079 0.095 0.069 
5	0.227 0.289 0.014 0.029 0.441 
5	0.025 0.023 0.009 0.266 0.677 
5	0.473 0.012 0.043 0.175 0.297 
5	0.029 0.129 0.281 0.003 0.558 
5	0.004 0.446 0.4 0.106 0.044 
5	0.417 0.024 0.144 0.045 0.37 
