CAUSAL 
28 
2 2 2 2 2 2 2 2 2 2 2 2 2 2 3 5 5 5 5 5 5 5 5 5 5 5 5 5 
28 
2	14 0 
3	15 0 1 
3	16 0 2 
3	17 2 3 
3	18 2 4 
3	19 4 5 
3	20 4 6 
3	21 6 7 
3	22 6 8 
3	23 8 9 
3	24 8 10 
3	25 10 11 
3	26 10 12 
3	27 12 13 
1	14 
1	15 
1	16 
1	17 
1	18 
1	19 
1	20 
1	21 
1	22 
1	23 
1	24 
1	25 
1	26 
1	27 

3	0 1 1 
10	1 1 1 1 0 0 1 0 1 0 
10	1 0 0 0 1 0 0 0 0 1 
10	0 1 1 0 0 0 0 1 1 0 
10	0 0 0 1 0 0 0 0 0 1 
10	0 0 1 1 1 1 0 1 1 1 
10	0 1 0 1 1 0 0 1 0 0 
10	1 0 1 0 1 0 1 1 1 1 
10	1 1 1 0 0 0 0 1 0 1 
10	0 0 1 1 1 0 0 1 1 1 
10	1 0 1 0 1 0 1 1 0 0 
10	0 0 0 0 0 1 1 0 0 0 
10	1 0 0 0 1 0 0 1 0 1 
10	0 1 0 1 0 0 1 0 1 0 
3	0.181 0.737 0.082 
5	0.07 0.024 0.244 0.026 0.636 
5	0.06 0.729 0.002 0.039 0.17 
5	0.059 0.234 0.687 0.011 0.009 
5	0.46 0.142 0.103 0.105 0.19 
5	0.012 0.247 0.342 0.03 0.369 
5	0.622 0.037 0.06 0.107 0.174 
5	0.357 0.357 0.197 0.062 0.027 
5	0.005 0.006 0.346 0.004 0.639 
5	0.164 0.275 0.215 0.181 0.165 
5	0.126 0.015 0.014 0.006 0.839 
5	0.006 0.543 0.006 0.387 0.058 
5	0.341 0.003 0.625 0.027 0.004 
5	0.67 0.034 0.059 0.229 0.008 
