CAUSAL 
28 
2 2 2 2 2 2 2 2 2 2 2 2 2 2 3 5 5 5 5 5 5 5 5 5 5 5 5 5 
28 
2	14 0 
3	15 0 1 
3	16 0 2 
3	17 2 3 
3	18 2 4 
3	19 4 5 
3	20 4 6 
3	21 6 7 
3	22 6 8 
3	23 8 9 
3	24 8 10 
3	25 10 11 
3	26 10 12 
3	27 12 13 
1	14 
1	15 
1	16 
1	17 
1	18 
1	19 
1	20 
1	21 
1	22 
1	23 
1	24 
1	25 
1	26 
1	27 

3	1 0 0 
10	0 1 1 0 1 0 0 0 0 1 
10	1 0 1 0 1 1 1 1 1 0 
10	1 0 0 0 0 1 0 0 1 1 
10	1 0 0 1 0 1 0 0 0 1 
10	1 0 0 1 0 1 0 1 1 1 
10	0 0 0 1 0 0 1 1 1 0 
10	1 0 0 0 1 1 1 1 1 1 
10	1 0 1 0 1 1 0 0 1 0 
10	1 0 1 1 1 0 0 0 1 1 
10	0 0 0 1 1 0 1 1 1 1 
10	1 0 1 1 0 1 0 1 0 1 
10	1 1 1 0 1 0 0 0 1 0 
10	0 1 1 1 0 0 1 1 1 0 
3	0.564 0.417 0.019 
5	0.137 0.23 0.168 0.287 0.178 
5	0.316 0.087 0.003 0.526 0.068 
5	0.008 0.014 0.892 0.043 0.043 
5	0.004 0.066 0.002 0.003 0.925 
5	0.709 0.023 0.03 0.018 0.22 
5	0.021 0.019 0.625 0.028 0.307 
5	0.012 0.643 0.019 0.021 0.305 
5	0.166 0.067 0.005 0.738 0.024 
5	0.006 0.028 0.005 0.012 0.949 
5	0.026 0.014 0.102 0.375 0.483 
5	0.828 0.01 0.04 0.119 0.003 
5	0.557 0.052 0.024 0.342 0.025 
5	0.043 0.319 0.464 0.066 0.108 
