CAUSAL 
28 
2 2 2 2 2 2 2 2 2 2 2 2 2 2 3 5 5 5 5 5 5 5 5 5 5 5 5 5 
28 
2	14 0 
3	15 0 1 
3	16 0 2 
3	17 2 3 
3	18 2 4 
3	19 4 5 
3	20 4 6 
3	21 6 7 
3	22 6 8 
3	23 8 9 
3	24 8 10 
3	25 10 11 
3	26 10 12 
3	27 12 13 
1	14 
1	15 
1	16 
1	17 
1	18 
1	19 
1	20 
1	21 
1	22 
1	23 
1	24 
1	25 
1	26 
1	27 

3	0 1 1 
10	0 1 0 1 1 1 1 1 1 0 
10	1 0 0 1 1 0 1 0 0 0 
10	0 1 1 1 0 0 1 1 0 0 
10	1 1 0 0 1 1 0 1 0 0 
10	0 0 1 0 0 0 0 0 1 0 
10	0 0 0 0 1 0 0 0 0 1 
10	1 1 1 1 1 1 1 1 1 0 
10	1 1 0 0 0 1 0 1 1 1 
10	0 0 0 0 1 1 1 0 1 1 
10	0 1 0 1 1 1 0 0 0 0 
10	1 0 0 1 0 0 0 0 0 0 
10	1 1 0 0 0 0 0 0 1 1 
10	1 0 1 0 0 0 0 0 1 1 
3	0.885 0.101 0.014 
5	0.322 0.012 0.355 0.026 0.285 
5	0.028 0.264 0.695 0.01 0.003 
5	0.014 0.047 0.114 0.049 0.776 
5	0.006 0.003 0.01 0.015 0.966 
5	0.051 0.176 0.491 0.194 0.088 
5	0.593 0.035 0.307 0.01 0.055 
5	0.037 0.438 0.014 0.024 0.487 
5	0.169 0.252 0.1 0.346 0.133 
5	0.176 0.647 0.043 0.06 0.074 
5	0.008 0.084 0.722 0.044 0.142 
5	0.591 0.122 0.071 0.053 0.163 
5	0.093 0.283 0.261 0.235 0.128 
5	0.813 0.103 0.024 0.01 0.05 
