CAUSAL 
28 
2 2 2 2 2 2 2 2 2 2 2 2 2 2 3 5 5 5 5 5 5 5 5 5 5 5 5 5 
28 
2	14 0 
3	15 0 1 
3	16 0 2 
3	17 2 3 
3	18 2 4 
3	19 4 5 
3	20 4 6 
3	21 6 7 
3	22 6 8 
3	23 8 9 
3	24 8 10 
3	25 10 11 
3	26 10 12 
3	27 12 13 
1	14 
1	15 
1	16 
1	17 
1	18 
1	19 
1	20 
1	21 
1	22 
1	23 
1	24 
1	25 
1	26 
1	27 

3	1 0 0 
10	0 1 1 1 0 0 0 0 0 0 
10	0 0 1 0 0 1 0 1 1 0 
10	0 0 1 1 0 1 1 1 1 0 
10	1 1 1 0 0 0 1 1 1 1 
10	1 1 1 0 0 0 1 0 0 0 
10	0 0 0 0 1 1 1 0 0 0 
10	1 0 1 1 1 0 0 0 0 0 
10	1 1 0 0 0 1 0 0 0 1 
10	0 0 0 0 0 1 1 1 0 1 
10	1 0 0 0 1 1 1 0 0 1 
10	0 0 1 1 0 1 0 0 1 0 
10	0 1 0 1 1 0 0 0 0 1 
10	0 0 1 1 0 0 1 0 0 0 
3	0.698 0.075 0.227 
5	0.103 0.012 0.288 0.332 0.265 
5	0.008 0.333 0.419 0.053 0.187 
5	0.01 0.007 0.002 0.061 0.92 
5	0.458 0.027 0.001 0.022 0.492 
5	0.171 0.399 0.182 0.108 0.14 
5	0.062 0.595 0.123 0.028 0.192 
5	0.002 0.022 0.019 0.952 0.005 
5	0.034 0.028 0.001 0.018 0.919 
5	0.986 0.004 0.002 0.003 0.005 
5	0.975 0.005 0.004 0.012 0.004 
5	0.04 0.27 0.595 0.025 0.07 
5	0.025 0.645 0.005 0.175 0.15 
5	0.053 0.157 0.034 0.144 0.612 
