CAUSAL 
40 
2 2 2 2 2 2 2 2 2 2 2 2 2 2 2 2 2 2 2 2 3 5 5 5 5 5 5 5 5 5 5 5 5 5 5 5 5 5 5 5 
40 
2	20 0 
3	21 0 1 
3	22 0 2 
3	23 2 3 
3	24 2 4 
3	25 4 5 
3	26 4 6 
3	27 6 7 
3	28 6 8 
3	29 8 9 
3	30 8 10 
3	31 10 11 
3	32 10 12 
3	33 12 13 
3	34 12 14 
3	35 14 15 
3	36 14 16 
3	37 16 17 
3	38 16 18 
3	39 18 19 
1	20 
1	21 
1	22 
1	23 
1	24 
1	25 
1	26 
1	27 
1	28 
1	29 
1	30 
1	31 
1	32 
1	33 
1	34 
1	35 
1	36 
1	37 
1	38 
1	39 

3	1 1 0 
10	0 1 1 1 1 1 0 1 0 0 
10	0 0 1 0 1 0 1 0 1 0 
10	0 1 1 0 1 0 0 0 0 0 
10	0 0 0 1 1 0 1 0 1 1 
10	0 0 1 1 0 0 1 0 0 0 
10	0 1 0 0 0 1 1 0 1 1 
10	0 0 1 1 0 1 1 1 1 1 
10	0 0 1 1 0 1 0 0 1 0 
10	1 0 0 1 1 1 0 0 1 1 
10	0 1 0 1 1 0 0 1 1 1 
10	1 0 0 0 0 1 1 0 1 1 
10	1 0 0 0 0 1 0 1 1 0 
10	0 1 1 0 0 1 0 1 1 1 
10	0 0 0 0 1 1 0 1 0 0 
10	0 1 0 1 0 0 0 0 0 1 
10	0 1 0 0 0 0 1 0 0 0 
10	0 1 1 1 1 1 0 0 0 1 
10	0 1 0 1 1 0 0 1 1 0 
10	0 0 1 0 1 0 0 1 0 1 
3	0.43 0.076 0.494 
5	0.055 0.317 0.011 0.06 0.557 
5	0.088 0.032 0.365 0.358 0.157 
5	0.403 0.021 0.308 0.037 0.231 
5	0.005 0.052 0.197 0.689 0.057 
5	0.037 0.381 0.306 0.196 0.08 
5	0.506 0.287 0.008 0.196 0.003 
5	0.005 0.217 0.101 0.555 0.122 
5	0.012 0.031 0.295 0.052 0.61 
5	0.255 0.03 0.556 0.142 0.017 
5	0.012 0.909 0.074 0.002 0.003 
5	0.054 0.017 0.074 0.026 0.829 
5	0.368 0.114 0.233 0.004 0.281 
5	0.432 0.023 0.018 0.312 0.215 
5	0.02 0.05 0.211 0.319 0.4 
5	0.003 0.143 0.009 0.001 0.844 
5	0.395 0.422 0.078 0.025 0.08 
5	0.116 0.673 0.171 0.022 0.018 
5	0.247 0.217 0.49 0.007 0.039 
5	0.057 0.935 0.002 0.001 0.005 
