CAUSAL 
40 
2 2 2 2 2 2 2 2 2 2 2 2 2 2 2 2 2 2 2 2 3 5 5 5 5 5 5 5 5 5 5 5 5 5 5 5 5 5 5 5 
40 
2	20 0 
3	21 0 1 
3	22 0 2 
3	23 2 3 
3	24 2 4 
3	25 4 5 
3	26 4 6 
3	27 6 7 
3	28 6 8 
3	29 8 9 
3	30 8 10 
3	31 10 11 
3	32 10 12 
3	33 12 13 
3	34 12 14 
3	35 14 15 
3	36 14 16 
3	37 16 17 
3	38 16 18 
3	39 18 19 
1	20 
1	21 
1	22 
1	23 
1	24 
1	25 
1	26 
1	27 
1	28 
1	29 
1	30 
1	31 
1	32 
1	33 
1	34 
1	35 
1	36 
1	37 
1	38 
1	39 

3	1 0 0 
10	0 1 0 0 0 0 1 0 1 1 
10	0 1 0 1 0 0 1 0 1 1 
10	1 0 1 1 0 1 0 1 1 1 
10	1 0 0 1 0 1 1 0 1 1 
10	0 0 0 1 0 0 0 1 0 1 
10	1 0 0 1 0 1 1 0 1 1 
10	0 0 0 0 1 1 0 1 1 0 
10	0 0 1 1 1 0 1 1 0 0 
10	1 1 0 1 1 1 0 1 1 1 
10	1 0 1 0 1 1 1 1 0 1 
10	0 1 0 1 0 1 0 1 0 1 
10	1 1 0 1 1 0 0 1 1 1 
10	1 1 0 0 1 1 1 1 0 1 
10	0 1 1 1 1 1 1 0 0 0 
10	0 1 0 1 0 1 0 1 0 1 
10	0 1 0 0 1 1 0 1 0 0 
10	1 0 1 1 0 0 1 0 1 1 
10	1 1 0 1 0 1 1 1 0 0 
10	1 0 1 1 1 1 0 1 0 1 
3	0.22 0.443 0.337 
5	0.038 0.656 0.06 0.096 0.15 
5	0.142 0.254 0.085 0.152 0.367 
5	0.005 0.086 0.899 0.008 0.002 
5	0.514 0.09 0.024 0.07 0.302 
5	0.104 0.002 0.001 0.806 0.087 
5	0.299 0.096 0.015 0.114 0.476 
5	0.014 0.451 0.009 0.342 0.184 
5	0.046 0.15 0.244 0.063 0.497 
5	0.017 0.056 0.873 0.052 0.002 
5	0.421 0.074 0.028 0.016 0.461 
5	0.053 0.265 0.307 0.237 0.138 
5	0.197 0.684 0.039 0.006 0.074 
5	0.182 0.103 0.367 0.135 0.213 
5	0.052 0.666 0.007 0.258 0.017 
5	0.001 0.134 0.705 0.11 0.05 
5	0.073 0.195 0.594 0.13 0.008 
5	0.028 0.052 0.286 0.08 0.554 
5	0.22 0.14 0.356 0.217 0.067 
5	0.105 0.013 0.012 0.021 0.849 
