CAUSAL 
40 
2 2 2 2 2 2 2 2 2 2 2 2 2 2 2 2 2 2 2 2 3 5 5 5 5 5 5 5 5 5 5 5 5 5 5 5 5 5 5 5 
40 
2	20 0 
3	21 0 1 
3	22 0 2 
3	23 2 3 
3	24 2 4 
3	25 4 5 
3	26 4 6 
3	27 6 7 
3	28 6 8 
3	29 8 9 
3	30 8 10 
3	31 10 11 
3	32 10 12 
3	33 12 13 
3	34 12 14 
3	35 14 15 
3	36 14 16 
3	37 16 17 
3	38 16 18 
3	39 18 19 
1	20 
1	21 
1	22 
1	23 
1	24 
1	25 
1	26 
1	27 
1	28 
1	29 
1	30 
1	31 
1	32 
1	33 
1	34 
1	35 
1	36 
1	37 
1	38 
1	39 

3	0 1 0 
10	0 0 0 1 1 0 1 1 0 1 
10	1 0 0 0 1 0 1 1 1 0 
10	1 1 1 0 1 0 0 0 0 1 
10	1 0 1 1 0 1 0 0 1 0 
10	1 0 1 0 1 0 1 0 0 1 
10	1 1 1 0 0 1 0 0 0 0 
10	0 1 1 0 1 0 0 1 1 1 
10	1 0 1 1 0 0 1 0 1 0 
10	0 0 1 0 1 0 0 0 0 1 
10	0 0 1 0 0 1 0 1 0 0 
10	1 1 0 1 0 0 1 1 0 1 
10	1 0 0 1 1 0 1 1 1 1 
10	0 0 1 1 0 1 0 1 1 1 
10	0 1 1 1 0 1 0 1 0 1 
10	1 0 1 1 1 1 1 0 0 0 
10	1 1 1 1 0 0 0 1 1 0 
10	0 1 0 1 1 0 0 1 0 0 
10	0 0 0 0 0 1 0 0 1 0 
10	0 1 0 0 1 0 0 0 1 1 
3	0.603 0.083 0.314 
5	0.464 0.004 0.061 0.456 0.015 
5	0.017 0.333 0.15 0.065 0.435 
5	0.072 0.049 0.043 0.093 0.743 
5	0.189 0.508 0.13 0.142 0.031 
5	0.089 0.247 0.394 0.261 0.009 
5	0.213 0.174 0.133 0.223 0.257 
5	0.135 0.045 0.458 0.073 0.289 
5	0.992 0.002 0.001 0.002 0.003 
5	0.041 0.208 0.294 0.004 0.453 
5	0.172 0.209 0.253 0.081 0.285 
5	0.151 0.281 0.147 0.264 0.157 
5	0.007 0.928 0.003 0.058 0.004 
5	0.321 0.208 0.065 0.019 0.387 
5	0.103 0.308 0.031 0.483 0.075 
5	0.116 0.521 0.038 0.28 0.045 
5	0.073 0.016 0.029 0.03 0.852 
5	0.011 0.009 0.052 0.157 0.771 
5	0.002 0.986 0.004 0.004 0.004 
5	0.05 0.328 0.541 0.003 0.078 
