CAUSAL 
40 
2 2 2 2 2 2 2 2 2 2 2 2 2 2 2 2 2 2 2 2 3 5 5 5 5 5 5 5 5 5 5 5 5 5 5 5 5 5 5 5 
40 
2	20 0 
3	21 0 1 
3	22 0 2 
3	23 2 3 
3	24 2 4 
3	25 4 5 
3	26 4 6 
3	27 6 7 
3	28 6 8 
3	29 8 9 
3	30 8 10 
3	31 10 11 
3	32 10 12 
3	33 12 13 
3	34 12 14 
3	35 14 15 
3	36 14 16 
3	37 16 17 
3	38 16 18 
3	39 18 19 
1	20 
1	21 
1	22 
1	23 
1	24 
1	25 
1	26 
1	27 
1	28 
1	29 
1	30 
1	31 
1	32 
1	33 
1	34 
1	35 
1	36 
1	37 
1	38 
1	39 

3	1 0 1 
10	1 0 0 0 0 1 0 1 1 1 
10	0 1 1 0 0 1 1 1 0 0 
10	0 1 1 0 1 0 1 1 1 0 
10	0 1 0 1 1 0 1 1 1 0 
10	0 1 1 0 1 1 1 1 1 0 
10	1 0 0 1 1 0 1 0 1 0 
10	1 1 0 1 0 0 0 0 1 0 
10	0 1 1 0 0 0 1 1 0 0 
10	1 1 0 0 0 0 1 1 1 1 
10	0 1 1 1 0 0 0 0 1 0 
10	1 1 0 0 1 0 1 1 1 1 
10	1 0 1 0 1 0 1 1 1 0 
10	1 0 0 0 1 1 1 1 0 0 
10	1 1 0 0 0 1 0 0 0 1 
10	1 1 1 1 1 0 0 0 0 1 
10	1 1 1 0 1 0 0 1 0 1 
10	0 1 1 1 0 0 0 1 1 0 
10	0 0 0 1 0 0 1 0 0 0 
10	0 1 0 0 0 1 0 0 0 1 
3	0.349 0.271 0.38 
5	0.007 0.02 0.964 0.002 0.007 
5	0.214 0.313 0.048 0.13 0.295 
5	0.015 0.368 0.501 0.092 0.024 
5	0.313 0.078 0.079 0.123 0.407 
5	0.04 0.066 0.138 0.403 0.353 
5	0.033 0.095 0.007 0.705 0.16 
5	0.008 0.018 0.898 0.075 0.001 
5	0.008 0.005 0.01 0.134 0.843 
5	0.054 0.005 0.75 0.004 0.187 
5	0.079 0.092 0.017 0.244 0.568 
5	0.016 0.027 0.379 0.007 0.571 
5	0.651 0.034 0.016 0.073 0.226 
5	0.944 0.002 0.005 0.002 0.047 
5	0.247 0.015 0.114 0.211 0.413 
5	0.06 0.162 0.013 0.082 0.683 
5	0.437 0.302 0.052 0.193 0.016 
5	0.003 0.011 0.446 0.511 0.029 
5	0.098 0.04 0.008 0.809 0.045 
5	0.166 0.339 0.208 0.22 0.067 
