CAUSAL 
28 
2 2 2 2 2 2 2 2 2 2 2 2 2 2 3 5 5 5 5 5 5 5 5 5 5 5 5 5 
28 
2	14 0 
3	15 0 1 
3	16 0 2 
3	17 2 3 
3	18 2 4 
3	19 4 5 
3	20 4 6 
3	21 6 7 
3	22 6 8 
3	23 8 9 
3	24 8 10 
3	25 10 11 
3	26 10 12 
3	27 12 13 
1	14 
1	15 
1	16 
1	17 
1	18 
1	19 
1	20 
1	21 
1	22 
1	23 
1	24 
1	25 
1	26 
1	27 

3	1 0 1 
10	1 0 0 1 1 1 0 1 0 0 
10	1 0 1 0 1 1 1 1 1 1 
10	1 0 1 0 1 0 0 0 1 0 
10	0 1 0 0 1 1 0 0 1 0 
10	0 1 0 0 1 1 1 1 1 0 
10	0 0 1 1 1 1 1 0 0 0 
10	0 1 1 1 1 1 0 0 1 0 
10	1 0 0 0 0 0 0 1 1 0 
10	0 0 1 0 0 0 1 1 1 1 
10	0 0 0 1 0 0 1 0 1 1 
10	1 1 0 0 0 0 1 1 0 1 
10	0 0 1 0 1 0 1 1 0 1 
10	1 0 1 1 1 1 0 1 0 0 
3	0.83 0.042 0.128 
5	0.064 0.337 0.148 0.127 0.324 
5	0.337 0.034 0.144 0.028 0.457 
5	0.067 0.747 0.029 0.128 0.029 
5	0.105 0.143 0.45 0.035 0.267 
5	0.251 0.064 0.515 0.085 0.085 
5	0.234 0.078 0.092 0.193 0.403 
5	0.013 0.055 0.572 0.224 0.136 
5	0.003 0.038 0.469 0.01 0.48 
5	0.101 0.002 0.114 0.018 0.765 
5	0.736 0.013 0.041 0.002 0.208 
5	0.043 0.028 0.044 0.145 0.74 
5	0.919 0.025 0.02 0.008 0.028 
5	0.262 0.02 0.005 0.179 0.534 
