CAUSAL 
40 
2 2 2 2 2 2 2 2 2 2 2 2 2 2 2 2 2 2 2 2 3 5 5 5 5 5 5 5 5 5 5 5 5 5 5 5 5 5 5 5 
40 
2	20 0 
3	21 0 1 
3	22 0 2 
3	23 2 3 
3	24 2 4 
3	25 4 5 
3	26 4 6 
3	27 6 7 
3	28 6 8 
3	29 8 9 
3	30 8 10 
3	31 10 11 
3	32 10 12 
3	33 12 13 
3	34 12 14 
3	35 14 15 
3	36 14 16 
3	37 16 17 
3	38 16 18 
3	39 18 19 
1	20 
1	21 
1	22 
1	23 
1	24 
1	25 
1	26 
1	27 
1	28 
1	29 
1	30 
1	31 
1	32 
1	33 
1	34 
1	35 
1	36 
1	37 
1	38 
1	39 

3	1 1 0 
10	1 0 0 1 1 1 0 0 1 1 
10	1 0 0 0 0 0 1 0 0 0 
10	1 1 0 1 0 1 1 1 1 0 
10	0 1 0 1 1 0 0 1 1 1 
10	1 0 1 1 1 0 1 0 0 1 
10	0 1 1 1 0 1 0 0 1 0 
10	0 1 0 1 1 0 0 0 0 1 
10	1 1 1 0 0 0 1 0 0 1 
10	0 0 1 1 1 0 0 1 1 1 
10	0 1 1 0 0 1 0 1 1 0 
10	0 1 1 1 1 1 0 0 1 1 
10	1 1 1 0 1 0 0 1 1 0 
10	1 1 1 1 1 1 0 1 0 1 
10	0 0 1 1 1 0 1 1 1 1 
10	1 0 1 1 0 0 0 1 1 1 
10	1 1 1 0 0 1 0 1 1 0 
10	0 0 0 0 1 0 0 0 0 1 
10	1 0 0 1 1 0 1 1 0 1 
10	0 0 0 0 1 0 1 1 1 0 
3	0.567 0.327 0.106 
5	0.003 0.005 0.114 0.873 0.005 
5	0.018 0.415 0.002 0.561 0.004 
5	0.548 0.111 0.09 0.004 0.247 
5	0.05 0.087 0.003 0.709 0.151 
5	0.802 0.014 0.072 0.026 0.086 
5	0.014 0.121 0.494 0.354 0.017 
5	0.371 0.01 0.487 0.127 0.005 
5	0.064 0.009 0.021 0.544 0.362 
5	0.319 0.375 0.077 0.093 0.136 
5	0.115 0.407 0.276 0.163 0.039 
5	0.301 0.679 0.006 0.007 0.007 
5	0.028 0.612 0.275 0.048 0.037 
5	0.316 0.33 0.308 0.036 0.01 
5	0.231 0.492 0.194 0.004 0.079 
5	0.104 0.66 0.054 0.145 0.037 
5	0.001 0.002 0.007 0.099 0.891 
5	0.064 0.031 0.011 0.867 0.027 
5	0.26 0.028 0.664 0.022 0.026 
5	0.072 0.021 0.21 0.627 0.07 
