CAUSAL 
40 
2 2 2 2 2 2 2 2 2 2 2 2 2 2 2 2 2 2 2 2 3 5 5 5 5 5 5 5 5 5 5 5 5 5 5 5 5 5 5 5 
40 
2	20 0 
3	21 0 1 
3	22 0 2 
3	23 2 3 
3	24 2 4 
3	25 4 5 
3	26 4 6 
3	27 6 7 
3	28 6 8 
3	29 8 9 
3	30 8 10 
3	31 10 11 
3	32 10 12 
3	33 12 13 
3	34 12 14 
3	35 14 15 
3	36 14 16 
3	37 16 17 
3	38 16 18 
3	39 18 19 
1	20 
1	21 
1	22 
1	23 
1	24 
1	25 
1	26 
1	27 
1	28 
1	29 
1	30 
1	31 
1	32 
1	33 
1	34 
1	35 
1	36 
1	37 
1	38 
1	39 

3	0 0 1 
10	1 0 1 1 1 0 1 0 1 0 
10	0 0 0 0 0 1 0 1 1 1 
10	1 1 1 1 1 0 1 0 1 0 
10	1 1 0 0 0 0 0 0 1 1 
10	1 0 1 1 0 1 0 1 1 0 
10	0 1 1 0 1 1 1 0 1 0 
10	1 1 1 1 1 0 1 0 0 1 
10	0 0 1 1 1 1 0 0 1 0 
10	0 1 1 1 0 1 0 0 1 1 
10	0 0 1 0 0 1 0 1 0 0 
10	1 0 1 0 1 1 1 1 0 0 
10	0 1 1 1 0 1 1 0 0 1 
10	1 0 1 1 0 1 0 1 0 0 
10	1 0 1 0 1 1 1 0 1 0 
10	0 0 1 1 1 1 1 1 0 0 
10	1 0 1 0 1 1 1 1 0 0 
10	0 1 0 0 0 0 0 0 0 1 
10	1 0 0 1 0 0 0 1 1 0 
10	0 1 1 0 0 0 1 1 1 0 
3	0.014 0.069 0.917 
5	0.866 0.077 0.036 0.015 0.006 
5	0.611 0.003 0.002 0.044 0.34 
5	0.09 0.037 0.407 0.021 0.445 
5	0.002 0.001 0.582 0.001 0.414 
5	0.002 0.001 0.005 0.989 0.003 
5	0.581 0.31 0.036 0.044 0.029 
5	0.121 0.019 0.808 0.039 0.013 
5	0.06 0.176 0.051 0.005 0.708 
5	0.01 0.001 0.002 0.939 0.048 
5	0.112 0.728 0.025 0.037 0.098 
5	0.057 0.086 0.854 0.001 0.002 
5	0.026 0.218 0.731 0.01 0.015 
5	0.199 0.534 0.015 0.016 0.236 
5	0.024 0.092 0.625 0.006 0.253 
5	0.126 0.023 0.584 0.163 0.104 
5	0.018 0.123 0.006 0.846 0.007 
5	0.104 0.006 0.002 0.863 0.025 
5	0.179 0.213 0.472 0.034 0.102 
5	0.111 0.015 0.681 0.166 0.027 
