CAUSAL 
28 
2 2 2 2 2 2 2 2 2 2 2 2 2 2 3 5 5 5 5 5 5 5 5 5 5 5 5 5 
28 
2	14 0 
3	15 0 1 
3	16 0 2 
3	17 2 3 
3	18 2 4 
3	19 4 5 
3	20 4 6 
3	21 6 7 
3	22 6 8 
3	23 8 9 
3	24 8 10 
3	25 10 11 
3	26 10 12 
3	27 12 13 
1	14 
1	15 
1	16 
1	17 
1	18 
1	19 
1	20 
1	21 
1	22 
1	23 
1	24 
1	25 
1	26 
1	27 

3	0 1 0 
10	1 1 1 0 1 1 0 1 0 0 
10	1 1 0 1 1 0 1 0 0 1 
10	0 1 0 0 0 0 0 1 1 0 
10	1 0 0 1 1 1 0 0 0 0 
10	1 1 0 0 1 0 1 0 0 1 
10	0 0 1 0 1 0 0 0 0 1 
10	0 0 1 1 1 0 1 0 1 1 
10	0 1 1 1 1 1 0 0 0 0 
10	0 1 1 1 0 1 0 0 1 0 
10	0 0 1 0 0 0 0 0 0 0 
10	1 1 1 1 0 0 0 0 0 1 
10	0 1 0 1 1 0 1 0 0 0 
10	1 0 0 1 0 1 1 1 0 0 
3	0.877 0.096 0.027 
5	0.11 0.161 0.414 0.007 0.308 
5	0.085 0.235 0.048 0.005 0.627 
5	0.002 0.147 0.001 0.789 0.061 
5	0.232 0.208 0.049 0.06 0.451 
5	0.003 0.001 0.019 0.002 0.975 
5	0.047 0.11 0.358 0.464 0.021 
5	0.25 0.08 0.511 0.084 0.075 
5	0.223 0.146 0.042 0.036 0.553 
5	0.048 0.058 0.036 0.629 0.229 
5	0.002 0.118 0.661 0.003 0.216 
5	0.801 0.053 0.108 0.032 0.006 
5	0.001 0.349 0.056 0.591 0.003 
5	0.016 0.07 0.899 0.013 0.002 
