CAUSAL 
40 
2 2 2 2 2 2 2 2 2 2 2 2 2 2 2 2 2 2 2 2 3 5 5 5 5 5 5 5 5 5 5 5 5 5 5 5 5 5 5 5 
40 
2	20 0 
3	21 0 1 
3	22 0 2 
3	23 2 3 
3	24 2 4 
3	25 4 5 
3	26 4 6 
3	27 6 7 
3	28 6 8 
3	29 8 9 
3	30 8 10 
3	31 10 11 
3	32 10 12 
3	33 12 13 
3	34 12 14 
3	35 14 15 
3	36 14 16 
3	37 16 17 
3	38 16 18 
3	39 18 19 
1	20 
1	21 
1	22 
1	23 
1	24 
1	25 
1	26 
1	27 
1	28 
1	29 
1	30 
1	31 
1	32 
1	33 
1	34 
1	35 
1	36 
1	37 
1	38 
1	39 

3	0 1 1 
10	1 0 0 0 0 0 0 1 1 1 
10	0 1 0 0 1 0 0 0 0 0 
10	0 1 1 1 0 0 1 0 1 0 
10	0 1 0 0 0 0 1 1 0 0 
10	0 0 0 1 0 0 1 1 0 0 
10	0 0 1 1 0 0 0 0 1 0 
10	1 0 1 1 0 0 1 1 0 1 
10	0 0 0 1 1 0 0 1 1 1 
10	0 0 0 0 1 0 0 1 1 1 
10	1 1 1 0 0 0 0 1 0 1 
10	1 1 1 1 0 1 1 1 0 1 
10	0 0 0 1 0 0 0 1 0 1 
10	0 1 0 0 1 0 1 1 0 0 
10	0 0 0 1 1 0 1 1 1 0 
10	1 0 0 0 1 0 0 0 0 0 
10	1 1 0 0 1 0 1 1 0 0 
10	1 1 0 1 0 0 0 0 0 0 
10	0 1 1 0 1 0 0 1 1 1 
10	0 0 0 1 0 0 1 0 0 0 
3	0.187 0.592 0.221 
5	0.155 0.434 0.125 0.261 0.025 
5	0.039 0.05 0.06 0.069 0.782 
5	0.352 0.225 0.21 0.163 0.05 
5	0.406 0.122 0.097 0.206 0.169 
5	0.001 0.021 0.005 0.783 0.19 
5	0.344 0.074 0.002 0.578 0.002 
5	0.418 0.068 0.019 0.036 0.459 
5	0.054 0.068 0.162 0.276 0.44 
5	0.097 0.105 0.027 0.339 0.432 
5	0.227 0.262 0.221 0.029 0.261 
5	0.001 0.003 0.016 0.721 0.259 
5	0.332 0.07 0.216 0.061 0.321 
5	0.562 0.317 0.071 0.037 0.013 
5	0.32 0.047 0.296 0.036 0.301 
5	0.001 0.01 0.09 0.891 0.008 
5	0.676 0.002 0.302 0.003 0.017 
5	0.126 0.002 0.864 0.002 0.006 
5	0.075 0.504 0.06 0.108 0.253 
5	0.003 0.066 0.064 0.001 0.866 
