CAUSAL 
40 
2 2 2 2 2 2 2 2 2 2 2 2 2 2 2 2 2 2 2 2 3 5 5 5 5 5 5 5 5 5 5 5 5 5 5 5 5 5 5 5 
40 
2	20 0 
3	21 0 1 
3	22 0 2 
3	23 2 3 
3	24 2 4 
3	25 4 5 
3	26 4 6 
3	27 6 7 
3	28 6 8 
3	29 8 9 
3	30 8 10 
3	31 10 11 
3	32 10 12 
3	33 12 13 
3	34 12 14 
3	35 14 15 
3	36 14 16 
3	37 16 17 
3	38 16 18 
3	39 18 19 
1	20 
1	21 
1	22 
1	23 
1	24 
1	25 
1	26 
1	27 
1	28 
1	29 
1	30 
1	31 
1	32 
1	33 
1	34 
1	35 
1	36 
1	37 
1	38 
1	39 

3	0 0 1 
10	1 0 1 0 1 0 1 0 0 0 
10	0 1 0 0 0 0 0 0 0 1 
10	0 1 0 0 0 0 1 0 0 1 
10	1 1 0 1 1 0 0 1 1 0 
10	0 0 0 0 0 0 1 0 1 1 
10	0 1 1 1 1 0 1 1 1 1 
10	1 0 0 0 0 0 0 1 0 1 
10	1 0 1 0 1 0 0 0 1 0 
10	0 1 1 0 0 0 0 0 0 1 
10	0 0 0 1 0 0 0 1 1 1 
10	0 1 1 0 1 1 1 1 1 1 
10	1 1 0 0 0 1 0 0 0 1 
10	0 1 0 1 1 0 0 1 1 0 
10	1 0 1 0 1 1 0 0 0 1 
10	1 1 0 0 1 1 1 0 1 1 
10	1 1 1 1 1 1 1 0 1 0 
10	0 1 1 1 0 1 1 1 0 0 
10	0 1 0 0 0 1 0 0 0 0 
10	1 1 0 0 0 1 0 1 1 1 
3	0.441 0.477 0.082 
5	0.016 0.007 0.966 0.005 0.006 
5	0.04 0.395 0.012 0.196 0.357 
5	0.682 0.124 0.015 0.167 0.012 
5	0.124 0.045 0.482 0.066 0.283 
5	0.125 0.101 0.126 0.582 0.066 
5	0.102 0.011 0.706 0.031 0.15 
5	0.098 0.048 0.055 0.232 0.567 
5	0.067 0.223 0.053 0.119 0.538 
5	0.089 0.053 0.032 0.035 0.791 
5	0.239 0.078 0.265 0.36 0.058 
5	0.064 0.025 0.351 0.308 0.252 
5	0.131 0.578 0.118 0.04 0.133 
5	0.761 0.004 0.001 0.232 0.002 
5	0.362 0.403 0.01 0.204 0.021 
5	0.151 0.483 0.009 0.154 0.203 
5	0.276 0.046 0.08 0.402 0.196 
5	0.598 0.174 0.082 0.142 0.004 
5	0.017 0.041 0.058 0.237 0.647 
5	0.893 0.025 0.007 0.033 0.042 
