CAUSAL 
40 
2 2 2 2 2 2 2 2 2 2 2 2 2 2 2 2 2 2 2 2 3 5 5 5 5 5 5 5 5 5 5 5 5 5 5 5 5 5 5 5 
40 
2	20 0 
3	21 0 1 
3	22 0 2 
3	23 2 3 
3	24 2 4 
3	25 4 5 
3	26 4 6 
3	27 6 7 
3	28 6 8 
3	29 8 9 
3	30 8 10 
3	31 10 11 
3	32 10 12 
3	33 12 13 
3	34 12 14 
3	35 14 15 
3	36 14 16 
3	37 16 17 
3	38 16 18 
3	39 18 19 
1	20 
1	21 
1	22 
1	23 
1	24 
1	25 
1	26 
1	27 
1	28 
1	29 
1	30 
1	31 
1	32 
1	33 
1	34 
1	35 
1	36 
1	37 
1	38 
1	39 

3	0 1 1 
10	1 0 0 1 0 0 1 1 0 1 
10	0 0 0 0 0 1 1 1 0 1 
10	0 1 0 0 1 0 1 0 1 0 
10	1 1 0 1 0 1 1 0 0 1 
10	1 0 1 1 1 0 0 0 1 0 
10	1 1 0 1 0 0 0 1 0 0 
10	1 0 1 1 0 1 1 1 0 0 
10	1 1 0 0 1 0 0 1 1 0 
10	1 0 0 0 0 1 1 1 1 1 
10	0 1 1 0 0 0 1 1 0 0 
10	1 0 1 0 0 1 0 0 1 1 
10	0 0 0 0 1 0 0 1 0 1 
10	1 1 0 0 0 1 0 0 0 1 
10	1 1 0 1 1 1 0 1 0 0 
10	0 0 0 1 1 0 0 1 0 0 
10	1 1 0 0 1 1 0 0 0 0 
10	0 1 0 0 1 0 0 0 0 0 
10	0 0 0 1 0 0 0 1 1 0 
10	1 0 1 0 0 0 1 1 0 0 
3	0.694 0.244 0.062 
5	0.011 0.621 0.008 0.356 0.004 
5	0.496 0.046 0.012 0.306 0.14 
5	0.775 0.165 0.006 0.018 0.036 
5	0.023 0.841 0.069 0.04 0.027 
5	0.056 0.004 0.114 0.122 0.704 
5	0.033 0.08 0.559 0.117 0.211 
5	0.086 0.13 0.777 0.002 0.005 
5	0.053 0.822 0.064 0.056 0.005 
5	0.236 0.01 0.262 0.217 0.275 
5	0.306 0.054 0.468 0.092 0.08 
5	0.251 0.326 0.24 0.124 0.059 
5	0.002 0.465 0.5 0.004 0.029 
5	0.667 0.274 0.003 0.004 0.052 
5	0.1 0.189 0.289 0.377 0.045 
5	0.73 0.002 0.001 0.265 0.002 
5	0.002 0.001 0.003 0.992 0.002 
5	0.602 0.006 0.064 0.117 0.211 
5	0.014 0.018 0.113 0.852 0.003 
5	0.005 0.904 0.014 0.031 0.046 
