CAUSAL 
28 
2 2 2 2 2 2 2 2 2 2 2 2 2 2 3 5 5 5 5 5 5 5 5 5 5 5 5 5 
28 
2	14 0 
3	15 0 1 
3	16 0 2 
3	17 2 3 
3	18 2 4 
3	19 4 5 
3	20 4 6 
3	21 6 7 
3	22 6 8 
3	23 8 9 
3	24 8 10 
3	25 10 11 
3	26 10 12 
3	27 12 13 
1	14 
1	15 
1	16 
1	17 
1	18 
1	19 
1	20 
1	21 
1	22 
1	23 
1	24 
1	25 
1	26 
1	27 

3	0 1 0 
10	0 1 1 1 0 1 0 1 1 0 
10	1 1 0 0 1 1 0 0 0 1 
10	0 0 0 0 1 1 1 0 0 0 
10	0 1 1 1 1 1 0 1 0 1 
10	0 0 0 1 1 1 0 1 1 0 
10	1 0 0 0 1 1 0 0 0 0 
10	0 1 1 0 1 0 0 1 1 0 
10	0 0 1 1 1 0 0 1 1 1 
10	0 1 0 1 1 0 0 0 0 0 
10	0 1 1 0 1 0 0 0 1 1 
10	0 0 1 1 0 1 1 0 0 1 
10	1 0 0 0 1 0 1 0 0 0 
10	0 0 1 1 1 0 0 1 1 1 
3	0.003 0.159 0.838 
5	0.001 0.002 0.042 0.949 0.006 
5	0.016 0.029 0.002 0.946 0.007 
5	0.221 0.005 0.73 0.027 0.017 
5	0.148 0.452 0.362 0.036 0.002 
5	0.132 0.451 0.153 0.103 0.161 
5	0.102 0.097 0.717 0.072 0.012 
5	0.148 0.112 0.051 0.069 0.62 
5	0.263 0.135 0.01 0.108 0.484 
5	0.008 0.004 0.001 0.094 0.893 
5	0.056 0.017 0.138 0.774 0.015 
5	0.062 0.063 0.829 0.038 0.008 
5	0.073 0.611 0.167 0.062 0.087 
5	0.368 0.081 0.069 0.034 0.448 
