CAUSAL 
28 
2 2 2 2 2 2 2 2 2 2 2 2 2 2 3 5 5 5 5 5 5 5 5 5 5 5 5 5 
28 
2	14 0 
3	15 0 1 
3	16 0 2 
3	17 2 3 
3	18 2 4 
3	19 4 5 
3	20 4 6 
3	21 6 7 
3	22 6 8 
3	23 8 9 
3	24 8 10 
3	25 10 11 
3	26 10 12 
3	27 12 13 
1	14 
1	15 
1	16 
1	17 
1	18 
1	19 
1	20 
1	21 
1	22 
1	23 
1	24 
1	25 
1	26 
1	27 

3	0 0 1 
10	1 0 0 0 1 1 0 0 1 0 
10	1 0 0 0 1 1 1 1 0 0 
10	0 0 0 1 1 1 1 1 0 0 
10	0 1 0 0 0 1 1 1 1 1 
10	0 1 0 0 0 1 1 1 1 0 
10	1 1 0 1 0 0 0 0 1 1 
10	0 1 1 0 1 1 0 1 1 0 
10	0 0 1 0 0 1 1 0 1 0 
10	1 1 0 1 1 1 0 1 0 1 
10	1 0 0 1 0 1 0 0 1 0 
10	1 0 1 1 1 1 1 0 1 1 
10	1 0 0 0 1 0 0 0 1 0 
10	1 0 0 1 0 1 1 1 0 0 
3	0.463 0.51 0.027 
5	0.248 0.039 0.061 0.006 0.646 
5	0.027 0.012 0.105 0.693 0.163 
5	0.081 0.149 0.303 0.432 0.035 
5	0.836 0.02 0.001 0.014 0.129 
5	0.007 0.757 0.216 0.007 0.013 
5	0.787 0.001 0.15 0.035 0.027 
5	0.049 0.619 0.226 0.006 0.1 
5	0.02 0.542 0.047 0.015 0.376 
5	0.082 0.085 0.305 0.316 0.212 
5	0.388 0.023 0.039 0.006 0.544 
5	0.06 0.044 0.826 0.012 0.058 
5	0.045 0.249 0.072 0.395 0.239 
5	0.285 0.019 0.442 0.236 0.018 
