CAUSAL 
28 
2 2 2 2 2 2 2 2 2 2 2 2 2 2 3 5 5 5 5 5 5 5 5 5 5 5 5 5 
28 
2	14 0 
3	15 0 1 
3	16 0 2 
3	17 2 3 
3	18 2 4 
3	19 4 5 
3	20 4 6 
3	21 6 7 
3	22 6 8 
3	23 8 9 
3	24 8 10 
3	25 10 11 
3	26 10 12 
3	27 12 13 
1	14 
1	15 
1	16 
1	17 
1	18 
1	19 
1	20 
1	21 
1	22 
1	23 
1	24 
1	25 
1	26 
1	27 

3	0 1 0 
10	0 0 0 0 0 0 1 0 1 1 
10	1 1 0 0 1 0 0 0 0 1 
10	0 0 1 1 0 0 0 1 1 0 
10	1 0 1 0 1 1 0 0 1 1 
10	0 0 0 1 1 0 0 0 0 1 
10	0 0 1 0 1 0 1 1 0 1 
10	0 1 0 1 0 1 0 1 1 0 
10	0 0 1 0 1 1 0 1 1 0 
10	0 1 1 0 0 1 0 1 0 1 
10	1 1 1 0 1 1 0 0 0 0 
10	1 0 0 0 1 0 1 1 1 1 
10	1 1 0 1 0 0 1 1 0 0 
10	0 1 1 1 0 0 0 1 1 1 
3	0.691 0.261 0.048 
5	0.404 0.175 0.007 0.02 0.394 
5	0.477 0.006 0.416 0.071 0.03 
5	0.066 0.014 0.245 0.668 0.007 
5	0.031 0.184 0.006 0.198 0.581 
5	0.002 0.061 0.255 0.331 0.351 
5	0.35 0.084 0.041 0.479 0.046 
5	0.002 0.003 0.017 0.976 0.002 
5	0.005 0.582 0.122 0.285 0.006 
5	0.859 0.002 0.007 0.131 0.001 
5	0.035 0.914 0.002 0.039 0.01 
5	0.036 0.019 0.781 0.025 0.139 
5	0.016 0.004 0.011 0.953 0.016 
5	0.13 0.003 0.003 0.001 0.863 
