CAUSAL 
28 
2 2 2 2 2 2 2 2 2 2 2 2 2 2 3 5 5 5 5 5 5 5 5 5 5 5 5 5 
28 
2	14 0 
3	15 0 1 
3	16 0 2 
3	17 2 3 
3	18 2 4 
3	19 4 5 
3	20 4 6 
3	21 6 7 
3	22 6 8 
3	23 8 9 
3	24 8 10 
3	25 10 11 
3	26 10 12 
3	27 12 13 
1	14 
1	15 
1	16 
1	17 
1	18 
1	19 
1	20 
1	21 
1	22 
1	23 
1	24 
1	25 
1	26 
1	27 

3	1 1 0 
10	1 0 0 0 0 1 1 1 0 0 
10	1 0 1 1 0 1 0 0 1 1 
10	0 0 1 1 1 0 1 0 0 1 
10	0 0 1 1 1 1 0 1 1 1 
10	1 0 1 0 0 1 0 0 1 0 
10	0 0 1 1 0 1 0 0 1 0 
10	1 1 0 1 1 0 0 0 0 0 
10	0 0 0 1 1 1 0 1 0 1 
10	0 0 0 0 1 0 1 0 0 1 
10	1 1 0 0 0 0 0 1 0 1 
10	1 1 0 0 0 0 1 1 1 1 
10	0 0 0 1 0 0 0 0 0 1 
10	1 0 0 0 0 1 1 1 1 0 
3	0.019 0.978 0.003 
5	0.113 0.037 0.007 0.792 0.051 
5	0.005 0.868 0.001 0.002 0.124 
5	0.116 0.222 0.215 0.107 0.34 
5	0.163 0.495 0.057 0.054 0.231 
5	0.004 0.013 0.118 0.861 0.004 
5	0.138 0.002 0.009 0.001 0.85 
5	0.319 0.152 0.243 0.069 0.217 
5	0.075 0.002 0.22 0.315 0.388 
5	0.023 0.777 0.058 0.068 0.074 
5	0.037 0.596 0.109 0.178 0.08 
5	0.092 0.667 0.206 0.019 0.016 
5	0.6 0.188 0.046 0.104 0.062 
5	0.007 0.384 0.428 0.069 0.112 
