CAUSAL 
28 
2 2 2 2 2 2 2 2 2 2 2 2 2 2 3 5 5 5 5 5 5 5 5 5 5 5 5 5 
28 
2	14 0 
3	15 0 1 
3	16 0 2 
3	17 2 3 
3	18 2 4 
3	19 4 5 
3	20 4 6 
3	21 6 7 
3	22 6 8 
3	23 8 9 
3	24 8 10 
3	25 10 11 
3	26 10 12 
3	27 12 13 
1	14 
1	15 
1	16 
1	17 
1	18 
1	19 
1	20 
1	21 
1	22 
1	23 
1	24 
1	25 
1	26 
1	27 

3	0 0 1 
10	0 0 1 0 1 0 1 1 1 1 
10	0 1 1 1 0 0 0 0 1 1 
10	0 0 0 0 1 0 0 0 1 0 
10	0 1 1 1 1 1 1 0 0 1 
10	1 1 0 0 0 1 0 1 0 1 
10	0 1 0 1 0 0 1 0 1 1 
10	1 0 1 0 1 0 0 0 0 0 
10	0 1 1 1 0 1 0 0 0 1 
10	0 1 0 1 1 0 1 0 1 0 
10	1 1 0 1 0 0 1 0 1 1 
10	0 1 0 0 0 1 1 1 1 1 
10	0 0 0 1 1 1 1 1 0 1 
10	0 0 1 0 0 1 0 0 1 0 
3	0.931 0.044 0.025 
5	0.1 0.55 0.033 0.008 0.309 
5	0.072 0.019 0.555 0.328 0.026 
5	0.283 0.032 0.088 0.478 0.119 
5	0.003 0.258 0.018 0.122 0.599 
5	0.011 0.022 0.017 0.942 0.008 
5	0.048 0.578 0.039 0.093 0.242 
5	0.038 0.024 0.072 0.003 0.863 
5	0.231 0.16 0.012 0.157 0.44 
5	0.135 0.129 0.476 0.052 0.208 
5	0.648 0.006 0.218 0.054 0.074 
5	0.027 0.33 0.038 0.02 0.585 
5	0.029 0.012 0.928 0.016 0.015 
5	0.004 0.037 0.014 0.621 0.324 
