CAUSAL 
28 
2 2 2 2 2 2 2 2 2 2 2 2 2 2 3 5 5 5 5 5 5 5 5 5 5 5 5 5 
28 
2	14 0 
3	15 0 1 
3	16 0 2 
3	17 2 3 
3	18 2 4 
3	19 4 5 
3	20 4 6 
3	21 6 7 
3	22 6 8 
3	23 8 9 
3	24 8 10 
3	25 10 11 
3	26 10 12 
3	27 12 13 
1	14 
1	15 
1	16 
1	17 
1	18 
1	19 
1	20 
1	21 
1	22 
1	23 
1	24 
1	25 
1	26 
1	27 

3	1 0 0 
10	1 0 0 1 0 0 0 1 0 0 
10	1 1 0 1 0 1 1 1 1 0 
10	1 0 1 0 1 0 0 0 0 0 
10	1 0 1 0 1 1 0 1 1 0 
10	1 0 1 0 1 0 0 1 0 0 
10	1 1 0 0 1 0 1 0 1 1 
10	0 1 1 0 1 1 0 0 1 1 
10	0 1 1 1 1 1 1 1 1 0 
10	1 1 1 1 0 0 0 1 0 0 
10	1 1 0 1 1 1 0 1 0 1 
10	1 1 0 1 0 1 0 1 1 0 
10	1 0 1 0 1 0 1 1 1 1 
10	0 0 0 1 0 0 0 1 0 0 
3	0.164 0.745 0.091 
5	0.018 0.045 0.047 0.53 0.36 
5	0.016 0.063 0.304 0.274 0.343 
5	0.004 0.939 0.025 0.012 0.02 
5	0.611 0.101 0.052 0.087 0.149 
5	0.318 0.395 0.035 0.037 0.215 
5	0.464 0.158 0.075 0.233 0.07 
5	0.032 0.087 0.333 0.141 0.407 
5	0.001 0.98 0.009 0.006 0.004 
5	0.449 0.006 0.18 0.292 0.073 
5	0.065 0.031 0.002 0.001 0.901 
5	0.037 0.333 0.323 0.118 0.189 
5	0.189 0.389 0.318 0.072 0.032 
5	0.28 0.419 0.14 0.01 0.151 
