CAUSAL 
28 
2 2 2 2 2 2 2 2 2 2 2 2 2 2 3 5 5 5 5 5 5 5 5 5 5 5 5 5 
28 
2	14 0 
3	15 0 1 
3	16 0 2 
3	17 2 3 
3	18 2 4 
3	19 4 5 
3	20 4 6 
3	21 6 7 
3	22 6 8 
3	23 8 9 
3	24 8 10 
3	25 10 11 
3	26 10 12 
3	27 12 13 
1	14 
1	15 
1	16 
1	17 
1	18 
1	19 
1	20 
1	21 
1	22 
1	23 
1	24 
1	25 
1	26 
1	27 

3	1 0 1 
10	1 1 0 1 0 1 0 1 0 0 
10	0 0 1 0 0 0 1 0 1 1 
10	0 1 0 0 1 0 1 1 1 1 
10	0 0 1 0 1 1 1 0 1 0 
10	1 1 0 0 0 1 1 0 1 1 
10	0 1 0 1 0 1 0 1 1 0 
10	0 1 0 1 0 0 0 1 1 0 
10	1 1 1 0 0 1 0 0 0 0 
10	0 0 1 0 0 1 0 1 0 0 
10	1 1 0 1 1 0 1 1 0 1 
10	1 1 1 1 0 1 1 0 0 1 
10	0 0 1 1 1 1 1 0 0 1 
10	1 1 0 1 1 1 1 0 0 0 
3	0.747 0.14 0.113 
5	0.046 0.028 0.63 0.264 0.032 
5	0.047 0.778 0.02 0.112 0.043 
5	0.012 0.243 0.007 0.068 0.67 
5	0.013 0.064 0.032 0.855 0.036 
5	0.521 0.008 0.373 0.017 0.081 
5	0.679 0.022 0.022 0.231 0.046 
5	0.107 0.814 0.006 0.057 0.016 
5	0.112 0.179 0.097 0.298 0.314 
5	0.103 0.089 0.292 0.155 0.361 
5	0.001 0.001 0.978 0.002 0.018 
5	0.076 0.172 0.679 0.032 0.041 
5	0.282 0.306 0.367 0.032 0.013 
5	0.021 0.091 0.046 0.702 0.14 
