CAUSAL 
30 
2 2 2 2 2 2 2 2 2 2 2 2 2 2 2 3 5 5 5 5 5 5 5 5 5 5 5 5 5 5 
30 
2	15 0 
3	16 0 1 
3	17 1 2 
3	18 2 3 
3	19 3 4 
3	20 4 5 
3	21 5 6 
3	22 6 7 
3	23 7 8 
3	24 8 9 
3	25 9 10 
3	26 10 11 
3	27 11 12 
3	28 12 13 
3	29 13 14 
1	15 
1	16 
1	17 
1	18 
1	19 
1	20 
1	21 
1	22 
1	23 
1	24 
1	25 
1	26 
1	27 
1	28 
1	29 

3	1 0 1 
10	0 1 1 0 0 1 1 0 0 1 
10	1 0 1 1 1 0 1 0 1 0 
10	1 1 0 1 0 0 1 1 1 1 
10	1 0 1 1 1 0 1 0 0 0 
10	0 1 1 0 1 0 1 0 1 0 
10	1 1 0 1 1 1 0 0 0 1 
10	0 0 0 1 1 1 0 0 1 0 
10	1 1 0 0 0 0 1 1 0 0 
10	1 1 0 0 1 1 1 0 1 0 
10	0 0 0 1 0 0 0 1 1 1 
10	1 1 0 0 1 0 0 0 0 1 
10	0 0 0 1 0 0 1 1 0 1 
10	0 1 1 0 0 1 1 1 1 0 
10	0 1 0 0 1 1 1 0 1 0 
3	0.087 0.254 0.659 
5	0.197 0.175 0.176 0.001 0.451 
5	0.016 0.024 0.526 0.191 0.243 
5	0.015 0.014 0.579 0.054 0.338 
5	0.187 0.156 0.418 0.23 0.009 
5	0.038 0.207 0.007 0.733 0.015 
5	0.065 0.044 0.07 0.032 0.789 
5	0.45 0.05 0.122 0.003 0.375 
5	0.044 0.033 0.097 0.724 0.102 
5	0.406 0.19 0.247 0.092 0.065 
5	0.098 0.12 0.143 0.465 0.174 
5	0.248 0.021 0.211 0.229 0.291 
5	0.003 0.007 0.965 0.004 0.021 
5	0.207 0.162 0.282 0.071 0.278 
5	0.08 0.015 0.047 0.012 0.846 
