CAUSAL 
30 
2 2 2 2 2 2 2 2 2 2 2 2 2 2 2 3 5 5 5 5 5 5 5 5 5 5 5 5 5 5 
30 
2	15 0 
3	16 0 1 
3	17 1 2 
3	18 2 3 
3	19 3 4 
3	20 4 5 
3	21 5 6 
3	22 6 7 
3	23 7 8 
3	24 8 9 
3	25 9 10 
3	26 10 11 
3	27 11 12 
3	28 12 13 
3	29 13 14 
1	15 
1	16 
1	17 
1	18 
1	19 
1	20 
1	21 
1	22 
1	23 
1	24 
1	25 
1	26 
1	27 
1	28 
1	29 

3	1 1 0 
10	1 1 0 1 0 1 0 0 1 0 
10	0 1 1 0 0 1 1 0 0 0 
10	1 0 0 0 0 1 1 0 0 0 
10	0 0 1 1 0 0 1 1 0 1 
10	0 1 1 0 1 1 0 1 0 1 
10	1 1 1 0 0 1 1 0 1 1 
10	0 0 0 1 0 0 1 0 1 0 
10	0 0 0 1 1 1 1 1 0 0 
10	1 0 0 0 1 0 0 0 0 1 
10	1 0 0 0 0 1 1 0 0 0 
10	1 0 0 0 0 1 0 0 0 0 
10	1 0 0 1 1 1 0 1 1 0 
10	0 0 0 0 1 0 1 1 0 1 
10	1 0 1 1 0 0 0 0 0 0 
3	0.38 0.133 0.487 
5	0.059 0.642 0.085 0.169 0.045 
5	0.005 0.002 0.144 0.706 0.143 
5	0.148 0.374 0.465 0.008 0.005 
5	0.383 0.09 0.448 0.005 0.074 
5	0.058 0.294 0.411 0.133 0.104 
5	0.007 0.163 0.657 0.065 0.108 
5	0.007 0.823 0.141 0.027 0.002 
5	0.002 0.002 0.662 0.001 0.333 
5	0.015 0.516 0.275 0.01 0.184 
5	0.5 0.001 0.003 0.021 0.475 
5	0.039 0.011 0.714 0.002 0.234 
5	0.039 0.628 0.112 0.196 0.025 
5	0.189 0.105 0.208 0.084 0.414 
5	0.022 0.009 0.416 0.506 0.047 
