CAUSAL 
30 
2 2 2 2 2 2 2 2 2 2 2 2 2 2 2 3 5 5 5 5 5 5 5 5 5 5 5 5 5 5 
30 
2	15 0 
3	16 0 1 
3	17 1 2 
3	18 2 3 
3	19 3 4 
3	20 4 5 
3	21 5 6 
3	22 6 7 
3	23 7 8 
3	24 8 9 
3	25 9 10 
3	26 10 11 
3	27 11 12 
3	28 12 13 
3	29 13 14 
1	15 
1	16 
1	17 
1	18 
1	19 
1	20 
1	21 
1	22 
1	23 
1	24 
1	25 
1	26 
1	27 
1	28 
1	29 

3	0 1 0 
10	0 1 0 1 0 1 0 0 1 0 
10	1 0 1 0 1 1 1 0 0 1 
10	1 1 1 0 0 1 0 1 1 1 
10	1 1 1 0 0 0 1 1 0 0 
10	1 0 1 0 1 1 1 1 1 1 
10	0 0 1 0 0 1 0 0 1 0 
10	1 1 1 1 1 1 1 0 1 0 
10	1 1 1 1 1 1 1 0 1 0 
10	0 0 0 0 1 0 0 1 0 1 
10	0 1 0 0 1 0 0 0 1 1 
10	0 0 1 1 1 1 1 0 0 1 
10	0 1 0 1 0 1 1 1 0 1 
10	0 0 0 1 1 1 0 0 1 1 
10	0 0 1 0 0 0 0 1 1 0 
3	0.613 0.317 0.07 
5	0.009 0.904 0.029 0.004 0.054 
5	0.015 0.015 0.715 0.236 0.019 
5	0.537 0.037 0.054 0.364 0.008 
5	0.153 0.014 0.578 0.237 0.018 
5	0.094 0.005 0.018 0.815 0.068 
5	0.34 0.072 0.517 0.036 0.035 
5	0.397 0.086 0.051 0.33 0.136 
5	0.663 0.046 0.043 0.218 0.03 
5	0.007 0.003 0.76 0.229 0.001 
5	0.489 0.228 0.067 0.021 0.195 
5	0.004 0.418 0.449 0.025 0.104 
5	0.025 0.494 0.321 0.032 0.128 
5	0.024 0.423 0.051 0.012 0.49 
5	0.001 0.948 0.002 0.004 0.045 
