topology,avg_exo_card,num_exo_vars,num_endo_vars,markovianity,ratio_llk,avg_indegree,avg_endo_indegree
rand13,4.0,4,4,0,0.9165746907468671,1.0,1.0
