pns_91,pns_92,trueState,pns_90,pns_95,pns_96,pns_93,pns_94,pns_99,pns_97,pns_98,datasize,pns_80,pns_81,pns_84,pns_85,pns_82,pns_83,pns_88,pns_89,pns_86,pns_87,pns_70,pns_73,pns_74,pns_71,pns_72,pns_77,pns_78,pns_75,pns_76,pns_79,pns_62,pns_63,pns_60,pns_61,pns_66,pns_67,pns_64,pns_65,pns_68,pns_69,stop_criteria,pns_199,pns_198,pns_197,pns_196,pns_195,pns_194,pns_193,pns_192,pns_11,pns_12,pns_10,pns_15,pns_16,pns_13,pns_14,pns_19,pns_17,pns_18,time_learn,iter_9,iter_8,iter_7,iter_6,iter_5,iter_4,iter_3,iter_2,iter_1,iter_0,pns_51,pns_52,pns_50,pns_55,pns_56,pns_53,pns_54,pns_59,pns_57,pns_58,pns_40,pns_41,pns_44,pns_45,pns_42,pns_43,pns_48,pns_49,pns_46,pns_47,pns_30,iter_max,pns_33,pns_34,cause,pns_31,pns_32,pns_37,pns_38,pns_35,pns_36,pns_39,pns_22,pns_23,pns_20,pns_21,pns_26,pns_27,pns_24,pns_25,time_pns,pns_28,pns_29,pns_108,pns_229,pns_107,pns_228,pns_106,pns_227,pns_105,pns_226,pns_104,pns_225,pns_103,pns_224,pns_102,pns_223,pns_101,pns_222,pns_100,iter_119,pns_221,pns_220,iter_117,iter_238,iter_118,iter_239,iter_111,iter_232,iter_112,iter_233,iter_230,iter_110,iter_231,iter_115,iter_236,iter_116,iter_237,iter_113,iter_234,iter_114,iter_235,pns_109,pns_218,pns_217,pns_216,pns_215,pns_214,pns_213,pns_212,pns_211,iter_108,pns_210,iter_229,iter_109,iter_106,iter_227,iter_107,iter_228,iter_100,iter_221,iter_101,iter_222,iter_220,iter_104,iter_225,iter_105,iter_226,iter_102,iter_223,iter_103,iter_224,pns_219,pns_207,pns_206,pns_205,pns_204,pns_203,pns_202,pns_201,pns_200,iter_218,iter_219,iter_216,iter_217,iter_210,iter_211,iter_214,iter_215,iter_212,iter_213,pns_209,pns_208,iter_207,iter_208,iter_205,iter_206,iter_209,iter_200,iter_203,iter_204,iter_201,iter_202,iter_10,iter_11,iter_16,iter_17,iter_18,iter_19,iter_12,iter_13,iter_14,iter_15,ps1,iter_155,iter_276,iter_156,iter_277,iter_153,iter_274,iter_154,iter_275,iter_159,iter_157,iter_278,iter_158,iter_279,iter_151,iter_272,iter_152,iter_273,iter_270,localparam,iter_150,iter_271,iter_144,iter_265,iter_145,iter_266,iter_142,iter_263,iter_143,iter_264,iter_148,iter_269,iter_149,iter_146,iter_267,iter_147,iter_268,iter_140,iter_261,iter_141,iter_262,iter_260,iter_30,iter_31,iter_32,iter_33,iter_38,modelPath,iter_39,iter_139,iter_34,iter_35,iter_36,iter_37,iter_133,iter_254,iter_134,iter_255,iter_131,iter_252,iter_132,iter_253,iter_137,iter_258,iter_138,iter_259,iter_135,iter_256,iter_136,iter_257,iter_250,iter_130,iter_251,iter_20,iter_21,iter_22,iter_27,iter_28,iter_29,iter_128,iter_249,iter_129,iter_23,iter_24,iter_25,iter_26,pns_8,iter_122,iter_243,pns_9,iter_123,iter_244,pns_6,iter_120,iter_241,pns_7,iter_121,iter_242,pns_4,iter_126,iter_247,pns_5,iter_127,iter_248,pns_2,iter_124,iter_245,pns_3,iter_125,iter_246,pns_0,pns_1,iter_240,iter_52,iter_53,iter_54,iter_55,iter_50,iter_51,pns_189,pns_188,pns_187,pns_186,pns_185,iter_56,pns_184,iter_57,pns_183,iter_58,pns_182,iter_59,pns_181,pns_191,iter_199,pns_190,iter_197,iter_198,iter_191,iter_192,iter_190,iter_195,iter_196,iter_193,iter_194,iter_41,iter_42,iter_43,iter_44,modelID,pns_179,iter_40,pns_178,pns_299,iter_49,pns_177,pns_298,pns_176,pns_297,pns_175,pns_296,pns_174,pns_295,iter_45,pns_173,pns_294,iter_46,pns_172,pns_293,iter_47,pns_171,pns_292,iter_48,pns_170,pns_291,pns_180,iter_188,iter_189,iter_186,iter_187,iter_180,iter_181,iter_184,iter_185,iter_182,iter_183,iter_74,iter_75,iter_76,iter_77,iter_70,iter_71,pns_169,iter_72,pns_168,pns_289,iter_73,pns_167,pns_288,pns_166,pns_287,pns_165,pns_286,pns_164,pns_285,pns_163,pns_284,iter_78,pns_162,pns_283,iter_79,pns_161,pns_282,pns_160,pns_281,pns_280,iter_177,pns_290,iter_298,iter_178,iter_299,iter_175,iter_296,iter_176,iter_297,iter_179,iter_290,iter_170,iter_291,iter_80,iter_173,iter_294,iter_174,iter_295,iter_171,iter_292,iter_172,iter_293,iter_63,iter_64,iter_65,iter_66,pns_159,iter_60,pns_158,pns_279,iter_61,pns_157,pns_278,iter_62,pns_156,pns_277,pns_155,pns_276,pns_154,pns_275,pns_153,pns_274,infoPath,pns_152,pns_273,iter_67,pns_151,pns_272,iter_68,pns_150,pns_271,iter_69,pns_270,iter_166,iter_287,iter_167,iter_288,iter_164,iter_285,iter_165,iter_286,iter_168,iter_289,iter_169,iter_280,iter_162,iter_283,iter_163,iter_284,iter_160,iter_281,iter_161,iter_282,iter_96,iter_97,iter_98,iter_99,pns_149,iter_92,pns_148,pns_269,iter_93,pns_147,pns_268,iter_94,pns_146,pns_267,iter_95,pns_145,pns_266,pns_144,pns_265,pns_143,pns_264,pns_142,pns_263,threshold,pns_141,pns_262,pns_140,pns_261,pns_260,falseState,iter_85,iter_86,iter_87,pns_139,iter_88,pns_138,pns_259,iter_81,pns_137,pns_258,iter_82,pns_136,pns_257,iter_83,pns_135,pns_256,iter_84,pns_134,pns_255,pns_133,pns_254,pns_132,pns_253,pns_131,pns_252,pns_130,pns_251,iter_89,pns_250,effect,iter_90,iter_91,pns_129,pns_128,pns_249,pns_127,pns_248,pns_126,pns_247,pns_125,pns_246,pns_124,pns_245,pns_123,pns_244,pns_122,pns_243,pns_121,pns_242,pns_120,pns_241,pns_240,pns_119,pns_118,pns_239,pns_117,pns_238,pns_116,pns_237,pns_115,pns_236,pns_114,pns_235,pns_113,pns_234,target_ps1,pns_112,pns_233,pns_111,pns_232,model_type,pns_110,pns_231,pns_230
0.21478755433856805,0.23561911803768967,0,0.21620055783216383,0.2073450376516468,0.19379835599291312,0.17574420134250343,0.20592060349174723,0.18252156606977135,0.23680713012508112,0.15202337071904423,1000,0.1688766674498375,0.18719650487818837,0.2357169521281747,0.22014688980539363,0.19304278257664242,0.24104409407733288,0.2447663733554401,0.1943713702052086,0.2175997594962779,0.24230495004452104,0.22023848543050267,0.20776873086308775,0.16672818543110682,0.2121525003908287,0.20968230369151514,0.20724261523021198,0.21731066202454558,0.22722727901584977,0.20126794244526064,0.2085534620254832,0.21344362320983776,0.23192556233269532,0.22514977183757634,0.22500211163833356,0.21583625110111032,0.19755876293087535,0.20954004839293358,0.22219191960426563,0.21346633636789084,0.22845888655171825,KL,0.20672480189506082,0.21477399477408962,0.16818087545595428,0.20261799199751881,0.2234376958423631,0.22634742838365812,0.19703875078584862,0.2494062140707694,0.16360559186554624,0.208121362760933,0.20353151523298818,0.2052683219154925,0.204849620061708,0.21396041851849676,0.20431252289117524,0.24144590026919616,0.20383754677634205,0.2091227765135199,4434915,500,500,500,500,500,500,500,500,500,500,0.20083573659376705,0.23821237552553212,0.18264679152706573,0.22739721896237847,0.22751440495606595,0.2219475523620822,0.2433636165787964,0.21169564604794497,0.1925606988164117,0.23850522489717127,0.21815191168698078,0.21193401840768084,0.23594098488766185,0.21615527437365709,0.24735328606924478,0.2319562789510222,0.20540568129741665,0.21954142277433028,0.19254844794176199,0.17138266095635543,0.209669138979614,500,0.2371668036214308,0.21402337475520886,1,0.2002460714435699,0.20083833435178697,0.2120776688038673,0.21105580111839117,0.21057061174179048,0.24767682836852414,0.23459974534767392,0.2232051010821717,0.20217437745771646,0.23932493369987534,0.2202983548645595,0.24451696554061644,0.23090073925678828,0.21242186264347776,0.20308441784106007,333,0.18748107879048248,0.24663130518973816,0.20409851312364116,0.21684690637523166,0.2426527711876557,0.18872328866175556,0.20303504092809868,0.20619889207560171,0.22685329507243157,0.2089500646446098,0.2103892746234449,0.2043877294390964,0.21912617756807476,0.19667452662954327,0.1792162200948119,0.20073564025091928,0.20415106033883368,0.24124661423399824,0.1901953997105702,500,0.24074221449071928,0.2413614640216923,500,500,500,500,500,500,500,500,500,500,500,500,500,500,500,500,500,500,500,0.211266030448054,0.1908472107695101,0.20712682025326282,0.20858171178186294,0.15290376292431865,0.1926418738172713,0.2043999277976358,0.224402252908045,0.23898181192522802,500,0.23957663042104488,500,500,500,500,500,500,500,500,500,500,500,500,500,500,500,500,500,500,500,0.22045835586278087,0.21681708248284412,0.19692166770849662,0.22531939401553516,0.1924126027416318,0.20576072734090495,0.24145624192531986,0.1797422199029618,0.2318033433960326,500,500,500,500,500,500,500,500,500,500,0.21047758117339133,0.2407147740501774,500,500,500,500,500,500,500,500,500,500,500,500,500,500,500,500,500,500,500,500,0.707,500,500,500,500,500,500,500,500,500,500,500,500,500,500,500,500,500,500,true,500,500,500,500,500,500,500,500,500,500,500,500,500,500,500,500,500,500,500,500,500,500,500,500,500,500,500,/mnt/beegfs/rcabanas/dev/credici/papers/journalPGM/models/synthetic/s12/random_mc2_n6_mid3_d1000_05_mr098_r10_100.uai,500,500,500,500,500,500,500,500,500,500,500,500,500,500,500,500,500,500,500,500,500,500,500,500,500,500,500,500,500,500,500,500,500,500,500,500,500,500,0.2159529994176229,500,500,0.20254729492906592,500,500,0.2142815834066252,500,500,0.1970246016747204,500,500,0.19446594592518507,500,500,0.18452732249925857,500,500,0.19654953806790898,500,500,0.21195737539801243,500,500,0.20694723761468092,0.20495201251586856,500,500,500,500,500,500,500,0.18794758682801196,0.15489206169911793,0.2137268136540458,0.20489118488645114,0.21863018235973392,500,0.21441491539556906,500,0.18340915357033669,500,0.21280636023571572,500,0.20678320258505947,0.24344664212438247,500,0.23689735701710507,500,500,500,500,500,500,500,500,500,500,500,500,500,random_mc2_n6_mid3_d1000_05_mr098_r10_100_uai,0.21380048776095212,500,0.22103169707507397,0.16633470770972214,500,0.18246461745333997,0.20572897460663903,0.207740270739704,0.2126357899392831,0.23132759375083747,0.2249353744122207,0.20448751674766114,0.1988481968795671,500,0.24158282405885545,0.21071071704386782,500,0.20625911907902073,0.1902913624618889,500,0.2187521306867798,0.24095280410741557,500,0.20430306718137053,0.1921493852813862,0.21437523140838047,500,500,500,500,500,500,500,500,500,500,500,500,500,500,500,500,0.20575698635937176,500,0.19077858188162572,0.24378174080229278,500,0.21063893683505905,0.19930785375999097,0.21219664044793554,0.18808080268198002,0.1870282382325679,0.22442596814553753,0.20802178002388622,0.2153400589431717,0.19773307480976693,0.20898398253300451,500,0.22007093527616314,0.20802005177727012,500,0.21763937603775638,0.22324410287968396,0.24970761196212557,0.20099943517169785,0.23368344981020786,500,0.170522148850282,500,500,500,500,500,500,500,500,500,500,500,500,500,500,500,500,500,500,500,500,500,500,500,500,0.24447073090726307,500,0.1993421869312975,0.24798413983711778,500,0.16862704225903355,0.21749332342990563,500,0.2040774554065204,0.21086246691858668,0.22947541631305138,0.19824782534818544,0.20325672087320173,0.21118794694334253,0.22642284600994317,0.23379604638459703,/mnt/beegfs/rcabanas/dev/credici/papers/journalPGM/models/synthetic/s12/random_mc2_n6_mid3_d1000_05_mr098_r10_100_info.csv,0.20495722159289742,0.23890741659843664,500,0.18676725489353185,0.19513419583973024,500,0.2414035706091495,0.21095642998398184,500,0.2108211490190327,500,500,500,500,500,500,500,500,500,500,500,500,500,500,500,500,500,500,500,500,500,500,500,500,0.19479504859879385,500,0.21393565476368898,0.2070522667862589,500,0.21043036064888357,0.20090907639821842,500,0.14564726189395819,0.1858140126119716,500,0.2201150501846357,0.23284048186465206,0.19887112085649797,0.20543005576892193,0.21861757885498395,0.23967093446189186,0.21226555555389978,0.2313626032470639,0.0,0.238468215793894,0.20852085463667497,0.20416143540625045,0.21955630131988169,0.1443384748014651,1,500,500,500,0.23477374797288808,500,0.1838110849845723,0.21011697609247132,500,0.2462259812005959,0.20325272110340853,500,0.2243340537922793,0.17071497492270746,500,0.20993535542402167,0.20470167301816436,500,0.2090674039135419,0.20728842568580833,0.23296645185792578,0.20452051910682997,0.2410366498258551,0.20330425934889015,0.21046284690496664,0.24245094929069197,0.24321816942544083,0.2107998922603431,500,0.23868916323698852,4,500,500,0.21776463712254646,0.19421217001388752,0.1824984554856593,0.24123829056648524,0.23603955171387805,0.22436950000639314,0.21018374174288182,0.22020761034724531,0.2426908961058337,0.18845903017569113,0.20503686077233574,0.21742551192690943,0.21683672428270995,0.1369707956857878,0.20684612639179648,0.23356141904474087,0.1981596817061799,0.2021780216937378,0.19264082694823684,0.21265716952683536,0.17797635535237055,0.19600867707696465,0.21159247004215626,0.24254099014784897,0.20457533879451917,0.20191962000622066,0.23885953746444732,0.23193514594452472,0.1763150159322255,0.2120335329892324,0.19060361974143256,0.14327458205358093,0.2094703315385223,0.75,0.2241098711068015,0.24179947365326546,0.1585900952627194,0.2168620726178562,Dx+Dzb ,0.24794852495543634,0.21862440941351602,0.22355673829589573
0.287316875463103,0.3012095566531645,0,0.21484132469543105,0.4090334073744685,0.3260334157837773,0.41147363453090047,0.40338150453440025,0.39480935282112123,0.34413358453458676,0.28509764276544197,1000,0.25125409384970515,0.3940233099098618,0.35090192553222965,0.3013251324193835,0.2951421442745236,0.328272722400564,0.4336640885139492,0.36316003826620175,0.25246570122863576,0.48426786284454276,0.3911286931431615,0.35087081928670344,0.26789285831302856,0.33941812978978647,0.30272640322261873,0.16450108889280468,0.34924339255420617,0.2973830082247631,0.3796540710823277,0.3141540081502885,0.26670473644075193,0.25830076354001824,0.3209555360055367,0.2700091820589618,0.3322735808422457,0.4387834521060439,0.3766483820171592,0.3126518332500147,0.3699768705541757,0.3166860853656834,KL,0.3985182403463904,0.23484188401858838,0.4284522236113737,0.32943641270689794,0.2994955937858572,0.27407807159846964,0.3773205876444221,0.27796998069957196,0.2565295083120352,0.32366434641974695,0.307372057189803,0.29572496650236985,0.3321854823535007,0.43093357883303035,0.32535997574326486,0.3165656180982251,0.28744778690211986,0.4004511785208604,1777610,500,500,500,500,500,500,500,500,500,500,0.30708146881526593,0.338544809923572,0.2991728698973078,0.36603272920729946,0.4065019209767254,0.29620037642780445,0.22463418901203255,0.4204534236285022,0.39146021764410205,0.3956454169285524,0.31978665363356545,0.34792712492783634,0.2886692194709803,0.2706673730678306,0.2910346252828477,0.3187404871045189,0.3727726741026413,0.32368636846346033,0.32204317509024766,0.3730544762049028,0.4382260701653775,500,0.2532431406897707,0.366195063772462,1,0.2590330821061909,0.3164251747591887,0.2667994056585957,0.3931590866994035,0.35848424008296775,0.36646115570663806,0.31263271425672,0.3677630721778716,0.30158230733991204,0.30764871805600724,0.320433213935321,0.29283344760844776,0.423241602330538,0.3182477532094437,0.33350202267791007,507,0.27887346369656585,0.36406118607440435,0.3111567491932969,0.3445526720487678,0.3205453308794084,0.33521504165330646,0.30462034346133454,0.33019820675827155,0.34500410007768934,0.28497552502906753,0.4628977047908727,0.26512716334787884,0.3353949538524027,0.20332554866528954,0.40845359076760207,0.4672548722916339,0.37376669105203947,0.23629565617228443,0.322564688659498,500,0.37034434644716724,0.2851152779957467,500,500,500,500,500,500,500,500,500,500,500,500,500,500,500,500,500,500,500,0.3179983047218624,0.35349891836123704,0.2503610906710837,0.30660828896273407,0.4000259388570199,0.33657607389062044,0.4111765583442997,0.24378621883904525,0.32598872077446206,500,0.2674632392217301,500,500,500,500,500,500,500,500,500,500,500,500,500,500,500,500,500,500,500,0.41194637492914987,0.3752214718794525,0.3784833570509029,0.3818200316148028,0.33019051563667995,0.32402843729288666,0.32761613521946553,0.20790188078091196,0.3577458004374115,500,500,500,500,500,500,500,500,500,500,0.4384250381168881,0.28190016965663534,500,500,500,500,500,500,500,500,500,500,500,500,500,500,500,500,500,500,500,500,0.707,500,500,500,500,500,500,500,500,500,500,500,500,500,500,500,500,500,500,true,500,500,500,500,500,500,500,500,500,500,500,500,500,500,500,500,500,500,500,500,500,500,500,500,500,500,500,/mnt/beegfs/rcabanas/dev/credici/papers/journalPGM/models/synthetic/s12/random_mc2_n6_mid3_d1000_05_mr098_r10_100.uai,500,500,500,500,500,500,500,500,500,500,500,500,500,500,500,500,500,500,500,500,500,500,500,500,500,500,500,500,500,500,500,500,500,500,500,500,500,500,0.3631786410000636,500,500,0.3385138121797214,500,500,0.34611569689545796,500,500,0.26397595845672694,500,500,0.37543297163651285,500,500,0.30066249964232017,500,500,0.3997491266120778,500,500,0.2870172656796934,500,500,0.29772497842639845,0.356668930810863,500,500,500,500,500,500,500,0.3425111777231464,0.33880254082907585,0.40105713463285253,0.30633859877299596,0.42991234589398414,500,0.2752888632574839,500,0.29459961510442456,500,0.29940004728325437,500,0.2856246056852343,0.28901080134484214,500,0.24029373388678282,500,500,500,500,500,500,500,500,500,500,500,500,500,random_mc2_n6_mid3_d1000_05_mr098_r10_100_uai,0.24684484262880654,500,0.25943366846313776,0.44317197722411505,500,0.3463765684356249,0.38569450229893676,0.4369491387331412,0.2793692496919415,0.29112207446631044,0.36403635172721366,0.31901779243854483,0.3401529417773244,500,0.2939540867069919,0.2989528114662933,500,0.23883792796862904,0.32153300706849314,500,0.25968442134130443,0.23261040642869996,500,0.3331440478585894,0.33190375095298036,0.3254962899080019,500,500,500,500,500,500,500,500,500,500,500,500,500,500,500,500,0.34013854958137213,500,0.41083164959845503,0.35156117745259147,500,0.38323971395217016,0.32727208249373535,0.3249450772285134,0.2673672291809604,0.2777862805153041,0.2759250821112755,0.3012846946085347,0.319210188978767,0.4771115550471148,0.3485995792815133,500,0.3887704044025842,0.25596759670273894,500,0.281759305659946,0.2722712928952677,0.265629860465994,0.3927096365361218,0.4380946288868803,500,0.30466966686260544,500,500,500,500,500,500,500,500,500,500,500,500,500,500,500,500,500,500,500,500,500,500,500,500,0.42157334246751005,500,0.4892658315359576,0.35688018966387364,500,0.40274928949310873,0.29883504574468406,500,0.21706512674771594,0.41681591626062126,0.40170149384532355,0.3264369359654603,0.2255990834459818,0.31896849920606296,0.3534073297721946,0.31395870673928467,/mnt/beegfs/rcabanas/dev/credici/papers/journalPGM/models/synthetic/s12/random_mc2_n6_mid3_d1000_05_mr098_r10_100_info.csv,0.3936242717248306,0.3311029209784319,500,0.3095101114067498,0.35209889229107477,500,0.4176002294050877,0.3101464743411451,500,0.20510868018642625,500,500,500,500,500,500,500,500,500,500,500,500,500,500,500,500,500,500,500,500,500,500,500,500,0.22677437829274041,500,0.3078540054213356,0.26752270764585245,500,0.40921075745748775,0.33814713961098786,500,0.3060374493881585,0.3603701869894063,500,0.28125746411664526,0.3408458916858969,0.31435685598337965,0.39779589563943546,0.3766932935434242,0.2609384437641892,0.3913357512856803,0.3980046715449363,0.0,0.32431943602333574,0.3257118168410622,0.3442674400767305,0.3535160632387873,0.37913022969809423,1,500,500,500,0.28665447771665087,500,0.3847502501562907,0.24942524697100682,500,0.29028547808215566,0.28627497127400103,500,0.36125145387396584,0.2757178057982375,500,0.33852854206456107,0.36315472843299734,500,0.3472644350739227,0.36731783332112616,0.35385054675279276,0.36367654426209955,0.2688695589916283,0.27893309905295527,0.3518460896940131,0.25980166614343114,0.33261183841546044,0.29718305671421985,500,0.3109018729983979,4,500,500,0.4106592132075536,0.3180740197654777,0.35302172978624385,0.36226622219797067,0.36676052751313054,0.40382774167904545,0.34883914577222735,0.3405884209548536,0.3536596144120246,0.3894883050727422,0.3187879957519809,0.39204152765855715,0.31879483470523706,0.4134672010986972,0.2799151839263233,0.2842097152128622,0.39318552595026157,0.3655237949997397,0.3351988885606039,0.4194226538927198,0.37034886202099554,0.43912310461216314,0.40002415942754566,0.24280874258520777,0.25413076271415513,0.35388773836106513,0.2921070931203908,0.35501542362813737,0.3828987641129257,0.3783545232854721,0.3756340223082276,0.3603505652243755,0.36933231272048583,0.75,0.3028177320653661,0.34608918897883467,0.3721875765656563,0.33824150193399927,Dzb ,0.3635134669924436,0.37843408604621115,0.33672922512540665
0.2149654575113023,0.20107975544023496,0,0.19939950114434143,0.20851270877267883,0.2146905318091183,0.23949179617839872,0.2074353877652965,0.19735084618501897,0.2010753314986814,0.23450400199917285,1000,0.2006374074238043,0.2361002884640553,0.20096826593609823,0.24307457172855548,0.24014332771421942,0.20551684760890743,0.20355190621869804,0.184133103664679,0.18513345522357752,0.2137048335899556,0.18709933302061799,0.20034847484639604,0.19638707657212945,0.239393100535821,0.19035737772074834,0.20183567915939252,0.1945854394387854,0.20349999784261347,0.2075099697702745,0.21876858327039972,0.2422646125056822,0.2397229104965387,0.2367158093279113,0.20547298966032693,0.2157400248899566,0.19565667725301686,0.16366144907311292,0.226058821964613,0.20201009496550168,0.21032406546306365,KL,0.20377245279840217,0.20727963441131889,0.20095676414579927,0.2024808273666192,0.18445368242640148,0.2363069245331829,0.19214015831596326,0.20342911806636874,0.21260728266907492,0.20890414828216802,0.19020069186112304,0.22936210747442848,0.20618982950654097,0.20632630591982318,0.19327283592718716,0.20177439096224425,0.19862596961089682,0.21369795615072268,2319941,500,500,500,500,500,500,500,500,500,500,0.24665448141383678,0.20661482852923008,0.2245967278179043,0.21172776664112317,0.19031525989876363,0.2101907197504139,0.2078162009309186,0.21359493167902216,0.21872767755229522,0.20036275084002322,0.20684210096072228,0.24314957573418267,0.1826173551453631,0.155992683333327,0.21073729630887544,0.2433539324774201,0.18889944670570738,0.1955475310975092,0.23081640540017576,0.21073071398132956,0.20512575047282486,500,0.20660942505165758,0.24553943996971545,1,0.24594107891614986,0.24136215015868992,0.23450110012076336,0.19668329816422347,0.20248783552278427,0.23593617379541024,0.19814312806056747,0.19850262060847515,0.18185969365068352,0.20478658297558783,0.19532396224443235,0.2399302043306435,0.16861984841622607,0.19028285994387178,0.20734665966389687,318,0.20709207430732077,0.19384392072157275,0.18319110514898518,0.20761194043845824,0.23381878588273783,0.20675206075025937,0.1949468508535512,0.20026232973963576,0.23988802561349987,0.19446342401107178,0.19989530000388536,0.23687770378305575,0.21960294812586512,0.22255977487618236,0.20326215982112902,0.19320464707622365,0.1929476139297457,0.2292742734765952,0.20716187930321972,500,0.1821936449730546,0.19271795648990575,500,500,500,500,500,500,500,500,500,500,500,500,500,500,500,500,500,500,500,0.21092776594805376,0.2091839288461075,0.20350630535804565,0.23283542424571466,0.20739777464150605,0.20064593116934185,0.21692066942902508,0.2327912480073055,0.2250067952926532,500,0.17400727103650832,500,500,500,500,500,500,500,500,500,500,500,500,500,500,500,500,500,500,500,0.22730360038773584,0.21377798713690602,0.21904205845876545,0.22897969264771792,0.2003819114289835,0.1749117184521568,0.2079359824450625,0.22680688506679753,0.20515909426450976,500,500,500,500,500,500,500,500,500,500,0.24227884723969545,0.20813762562816027,500,500,500,500,500,500,500,500,500,500,500,500,500,500,500,500,500,500,500,500,0.707,500,500,500,500,500,500,500,500,500,500,500,500,500,500,500,500,500,500,true,500,500,500,500,500,500,500,500,500,500,500,500,500,500,500,500,500,500,500,500,500,500,500,500,500,500,500,/mnt/beegfs/rcabanas/dev/credici/papers/journalPGM/models/synthetic/s12/random_mc2_n6_mid3_d1000_05_mr098_r10_100.uai,500,500,500,500,500,500,500,500,500,500,500,500,500,500,500,500,500,500,500,500,500,500,500,500,500,500,500,500,500,500,500,500,500,500,500,500,500,500,0.245411524240272,500,500,0.20548899031016393,500,500,0.24433689344839418,500,500,0.2033959572250202,500,500,0.21362309126078063,500,500,0.23981557810336757,500,500,0.2038295203396933,500,500,0.2235325589375319,500,500,0.2390784844005586,0.17063870374589418,500,500,500,500,500,500,500,0.19817793136361384,0.19678976713872912,0.20124928919770482,0.2402172972672424,0.21139823082261983,500,0.1820522568311056,500,0.20664773962065588,500,0.1731390029909468,500,0.19965018512045757,0.24061955312045155,500,0.21745630903474886,500,500,500,500,500,500,500,500,500,500,500,500,500,random_mc2_n6_mid3_d1000_05_mr098_r10_100_uai,0.22674161999708722,500,0.2045713830335103,0.22445073485645256,500,0.19358735736991253,0.21309401351310073,0.21878427008638368,0.19313620062208994,0.23323628063952903,0.23637629817602349,0.23989358638135153,0.17722872930773428,500,0.24306266839009172,0.20812075419458068,500,0.1749953315760562,0.14180218608802,500,0.1715977985057984,0.21478446367722165,500,0.20470511486381945,0.2234904487563644,0.19030204757880909,500,500,500,500,500,500,500,500,500,500,500,500,500,500,500,500,0.17148660560657183,500,0.2135233939786902,0.19593163520985213,500,0.2258777438191824,0.22824217449571066,0.1800582080151572,0.20949489470646718,0.2010627269929107,0.20664698861125386,0.22624042856532198,0.18159740213969933,0.19247749330972777,0.23168589389368083,500,0.18188656287790597,0.20587896038987066,500,0.23893324635770818,0.22563784171367504,0.23116736287090497,0.20046315343221013,0.20070791960252019,500,0.22724078364757638,500,500,500,500,500,500,500,500,500,500,500,500,500,500,500,500,500,500,500,500,500,500,500,500,0.2110306939875131,500,0.2190700480311947,0.1616476157044945,500,0.193172826637524,0.22150138940348565,500,0.19636400686896915,0.1917786086896639,0.24087983308520194,0.23867732715722467,0.24043859060636805,0.1613877104855789,0.2078651324932144,0.19774829693044343,/mnt/beegfs/rcabanas/dev/credici/papers/journalPGM/models/synthetic/s12/random_mc2_n6_mid3_d1000_05_mr098_r10_100_info.csv,0.2008943685196539,0.2452228134557122,500,0.22561708488565663,0.24281449504382582,500,0.22785084646170553,0.22763357418026942,500,0.18119485298213162,500,500,500,500,500,500,500,500,500,500,500,500,500,500,500,500,500,500,500,500,500,500,500,500,0.20295743106026573,500,0.24371004372989036,0.16474046152360722,500,0.21066064840291357,0.21065628061931013,500,0.21297539739501148,0.23386128440357745,500,0.23739822038397243,0.24179683149564787,0.20822904832514194,0.1955311533036575,0.2122444617353316,0.21007625690081075,0.2423607314779111,0.20534500334998404,0.0,0.23718608911214523,0.20727269979006507,0.22527097049231729,0.22044256032295173,0.20279727763069846,1,500,500,500,0.1889282496863858,500,0.2119519284171495,0.19691256174522084,500,0.18052371752034982,0.23055135183078077,500,0.24134992179913092,0.19102133173758465,500,0.24082408083438203,0.19709424728081715,500,0.2045589454510615,0.21478147016398372,0.23525625212917783,0.24357119757963785,0.17828351856187677,0.23881654528682997,0.20470984925776942,0.21258969451754478,0.20068530559026657,0.20708417695275752,500,0.19697497923921162,4,500,500,0.23271724993151446,0.20150769470892907,0.2072093203829939,0.20690875566358963,0.21895852780472252,0.20462115256167354,0.16663728261522365,0.19923442710284706,0.23874964311340102,0.21453846477538038,0.21237059346321646,0.17775811946218545,0.24261644976518273,0.20733095372204657,0.21914926621242034,0.19865363367840436,0.22987352930001514,0.20003731506111222,0.20620179285816878,0.23380305922858208,0.2114766383348441,0.2248983756822347,0.24045709786164268,0.1870933134481407,0.24057038088240779,0.2053489229352839,0.22090271230007702,0.20930227002933516,0.2046573678493324,0.24164337946776968,0.19771230324972172,0.19851060567403556,0.19410295337932362,0.75,0.22076679762519824,0.20822175622276237,0.21870026772533488,0.18994355633956642,Dx,0.24636150206630505,0.192527449091333,0.2046384283160471
0.2140925908360662,0.27126351028464146,0,0.24275483702711637,0.28577648556884416,0.3036167916757674,0.24853733330942196,0.2465908584428528,0.25007704689150967,0.2657090285228777,0.24629532476799526,1000,0.27077280043914254,0.2462163341228263,0.25596924506563246,0.24596405489210796,0.26568247144529117,0.2939291981112825,0.24649262198293587,0.2816643759733399,0.2879620361282903,0.2579809588130274,0.29853670502913265,0.2442133961392781,0.2546556595247414,0.25509415328992124,0.29145921498947996,0.21081375209111494,0.2977947014095183,0.24399573293251597,0.2597114223358937,0.2818053061718681,0.26655893415047477,0.26311176477275994,0.2621778815961733,0.2573406901943486,0.29952320995027965,0.26716836284459167,0.2671604310467367,0.24638908154579453,0.2550935944098094,0.2744581775346564,KL,0.21202316616827702,0.29154968342011234,0.26631669724406193,0.23707108166966773,0.26533808921646534,0.2141684089075285,0.2547207964697827,0.30135670870397874,0.26659653913642206,0.26437356797681627,0.209227591285489,0.2738174240531643,0.2624636013984133,0.25335893113560726,0.3020747807691672,0.22967507886610541,0.24936978074858138,0.265310476039181,804355,500,500,500,500,500,500,500,500,500,500,0.25511872916207984,0.1963525993569466,0.2965635415017693,0.27381316848358744,0.2961295019528313,0.24188840656535446,0.2848079303759153,0.2956158332697263,0.28179087304410333,0.2559655876264086,0.2659676395647703,0.26894196440152046,0.24284821239504192,0.28718345455944355,0.2656838387445582,0.28959210287253184,0.2646262195872449,0.2562686029034016,0.2664966819232307,0.29217179792168196,0.2847760743724297,500,0.23212086740223467,0.2529709578047652,1,0.2074050435670256,0.23766790756939263,0.2790758108259018,0.25925621333386006,0.25973913192240333,0.23440440786663294,0.24711766753023034,0.2797630996826422,0.25544041840232623,0.24198787034856864,0.2925668544907714,0.28843988038389196,0.23587117494937157,0.2401973274104261,0.26148903453975314,425,0.2636469468226716,0.26387830664754236,0.1957015613955002,0.2748635647689116,0.2915598232388192,0.2501449251043979,0.24625686362510654,0.2917600847157848,0.2633593517190857,0.25605062920742144,0.24545078864234005,0.2608857725706255,0.3007859216908235,0.2820989756113983,0.24363534404295445,0.2453822272544716,0.2737966994975085,0.2143083045058003,0.2633980242678697,500,0.2690866849785844,0.23207564106766754,500,500,500,500,500,500,500,500,500,500,500,500,500,500,500,500,500,500,500,0.2505494958550194,0.27645086848093003,0.26119054886569654,0.29195464936538473,0.26149620222571546,0.29155383192338685,0.2844636137598521,0.27602206898616727,0.26610137206151074,500,0.27181464214914514,500,500,500,500,500,500,500,500,500,500,500,500,500,500,500,500,500,500,500,0.23948377161590817,0.24724294047573772,0.28466944184633797,0.2955641493213563,0.26478196897440903,0.2845842154666015,0.2686202516962535,0.25003016499679226,0.26158890567200843,500,500,500,500,500,500,500,500,500,500,0.29141730597586857,0.24106369714956918,500,500,500,500,500,500,500,500,500,500,500,500,500,500,500,500,500,500,500,500,0.707,500,500,500,500,500,500,500,500,500,500,500,500,500,500,500,500,500,500,true,500,500,500,500,500,500,500,500,500,500,500,500,500,500,500,500,500,500,500,500,500,500,500,500,500,500,500,/mnt/beegfs/rcabanas/dev/credici/papers/journalPGM/models/synthetic/s12/random_mc2_n6_mid3_d1000_05_mr098_r10_100.uai,500,500,500,500,500,500,500,500,500,500,500,500,500,500,500,500,500,500,500,500,500,500,500,500,500,500,500,500,500,500,500,500,500,500,500,500,500,500,0.2662772212737276,500,500,0.2817745796609182,500,500,0.24581957081539765,500,500,0.23608432937549675,500,500,0.2608380109772385,500,500,0.2658541325190418,500,500,0.2762011265414966,500,500,0.2663910695119122,500,500,0.26361249254008257,0.20429060480757613,500,500,500,500,500,500,500,0.24284567307780622,0.25125274508248746,0.28755143725284366,0.26572164099855167,0.23161531143904368,500,0.2527929931527886,500,0.26213357670438875,500,0.2765633406674124,500,0.27807166402841527,0.2811872965665638,500,0.2824306439964159,500,500,500,500,500,500,500,500,500,500,500,500,500,random_mc2_n6_mid3_d1000_05_mr098_r10_100_uai,0.2278143506263304,500,0.2259965289387365,0.2549003884253388,500,0.2521413865848607,0.2606839171021539,0.2748553761412808,0.2122482625413499,0.2638635438095055,0.2326142863995231,0.26495159880623115,0.2972272276042735,500,0.25802086581744665,0.21911153955298138,500,0.29955634175596596,0.2878619347031114,500,0.27010584080527483,0.2664110379839201,500,0.29276577109446367,0.2991788930978441,0.25145482524682894,500,500,500,500,500,500,500,500,500,500,500,500,500,500,500,500,0.23539335387074878,500,0.2655004971169385,0.265762373698619,500,0.26715936687657776,0.2658992274033223,0.29425172914454367,0.24714371226582313,0.2911443764531941,0.21158263026379232,0.1905345857157715,0.22573997776037064,0.2659594434087472,0.2628072380142427,500,0.26139339725504807,0.2718112061709151,500,0.25455876053112625,0.2641586737231415,0.24179181078044637,0.2619229823131935,0.22060644960823544,500,0.29136417544039284,500,500,500,500,500,500,500,500,500,500,500,500,500,500,500,500,500,500,500,500,500,500,500,500,0.2716912615550612,500,0.257492082266185,0.2572831699387428,500,0.2608438443462334,0.2658538107983095,500,0.28667686951383964,0.22275530045429395,0.27435732579527417,0.2587072988734529,0.2346560881550534,0.25593497623630074,0.2174640838382173,0.29193063957500864,/mnt/beegfs/rcabanas/dev/credici/papers/journalPGM/models/synthetic/s12/random_mc2_n6_mid3_d1000_05_mr098_r10_100_info.csv,0.2917373566486121,0.29515467726745986,500,0.26590799326616904,0.26532248393129587,500,0.24084373697504988,0.1829356300831878,500,0.2915157133591957,500,500,500,500,500,500,500,500,500,500,500,500,500,500,500,500,500,500,500,500,500,500,500,500,0.2885648529627345,500,0.25903154599157563,0.26408176492877233,500,0.2649550859965798,0.23032298193382994,500,0.2594901323820424,0.24911197701139384,500,0.2574766372541535,0.26089326896986176,0.2752133971877607,0.28383280464267396,0.2870459026040556,0.22375810904806415,0.2855088830566846,0.21324409554881657,0.0,0.24374721540430674,0.2602239736162571,0.28961988988352594,0.25129829585625013,0.2630292546045049,1,500,500,500,0.2533720081031451,500,0.29351812907604047,0.26751569276305137,500,0.2454720205864177,0.2843562775516573,500,0.2677576466550798,0.2967554404544157,500,0.26449973816807537,0.2624720035920036,500,0.2634597994112303,0.2550511725185761,0.298915656012315,0.265706844888437,0.23937323850268855,0.18381020045802093,0.2808318842970634,0.26093676429624413,0.2822014322634082,0.2551376904967646,500,0.27853784067398285,4,500,500,0.26075753026969833,0.2660225770260947,0.27463232738565496,0.26098790266573174,0.2659564952228915,0.24783593257597647,0.255267871183119,0.17607573292065842,0.2656415252371535,0.2526853586016851,0.23635106531217379,0.26530108074043335,0.2970471787896057,0.264940353925779,0.2995916838858622,0.25812353569694285,0.25955336009736746,0.25873551075743445,0.2657988377936459,0.23975238765136936,0.2840879403798269,0.2731865204437679,0.26888920337895206,0.2608632787671597,0.26577425508680447,0.2551059334031634,0.28122145371846846,0.27029280898172303,0.24784779809452254,0.26139997810071053,0.21909476674760364,0.2679246504218479,0.23214823571953483,0.75,0.2983304451079978,0.25605331746917254,0.2631382689965753,0.25801573033787595,Dobs ,0.24539628676494118,0.26514743855489453,0.2645784786074593
0.2630617141085591,0.22777008201995766,0,0.22944273978632532,0.25784388476186626,0.26758635337730413,0.21410883589371,0.21463632047505596,0.24335235545553602,0.22964808246150756,0.23028398993871171,1000,0.2568957507675761,0.20408798627847446,0.1843450217199685,0.2556611948969316,0.26001327192912377,0.22993877120301676,0.2600506504188983,0.20617863517152,0.26448414147015004,0.22229980226608562,0.23882244300417613,0.22636371665314162,0.22462335312560802,0.2090412558300589,0.25968026022501434,0.21969587374910912,0.20727781986411467,0.18688984413720905,0.1944734644728553,0.20997102813882382,0.24699959864491325,0.23657992346831636,0.2514989434254988,0.25688617233095234,0.23008236901519225,0.232541978095005,0.24794236140445747,0.22934219477449086,0.22543830397717138,0.20438927627951872,KL,0.20824319269911357,0.22907993609250413,0.22565959079096073,0.23102971065189787,0.23717340689846136,0.2615713197811388,0.20393346248320815,0.17928810736280976,0.20854062299268042,0.20681000615767464,0.2623929132875715,0.2226534096668587,0.2661098181701739,0.24369320508091685,0.19811926313162956,0.20238837968089568,0.22328753830000367,0.2632446065631282,4403852,500,500,500,500,500,500,500,500,500,500,0.222283904737503,0.24743092063558808,0.2638120975972094,0.2524901796820386,0.23159252422162135,0.2222990239354457,0.19018546838021627,0.23171828402882133,0.22907566229865886,0.24170844876376565,0.22883529851130735,0.229530089278673,0.16212191372781273,0.25751898546321245,0.22271926749966534,0.2613210346857959,0.185138435204797,0.1844275491188088,0.20993364673834233,0.19017209618811967,0.1819263447719084,500,0.24684586898356028,0.21070503189406087,1,0.21726984708149366,0.1973540523795805,0.26016188718682143,0.19579875973252475,0.210152051503344,0.25071108376822254,0.20611595401887742,0.2344666182317274,0.23070452229183858,0.24055470512241006,0.22456146873018226,0.20917089455920673,0.2234362486383777,0.23432611764874645,0.21519489071948364,369,0.2210617644859404,0.23142830470994263,0.21118966340034123,0.20975651247189422,0.21712867236044842,0.23677687564094008,0.2438370031580189,0.25882542727047264,0.21591672202375972,0.2496664265444861,0.2117570523947431,0.2274223574290243,0.24954614704863026,0.24608007201252946,0.20811115027012755,0.17380076111762613,0.24250572297452344,0.2457352315714121,0.21894451045014382,500,0.2029557798480711,0.22711712607486953,500,500,500,500,500,500,500,500,500,500,500,500,500,500,500,500,500,500,500,0.20275066550818766,0.22629960674382188,0.22323938876990865,0.2545550526280216,0.23512557844616497,0.23050678064752564,0.233348614679333,0.2275939712797758,0.19993024683062105,500,0.2224530707472236,500,500,500,500,500,500,500,500,500,500,500,500,500,500,500,500,500,500,500,0.25142653319643476,0.25938670708814865,0.1832743300265267,0.2560482319420802,0.2237139243602522,0.25323940829124203,0.19955018115521306,0.22441365215578968,0.22964723741325802,500,500,500,500,500,500,500,500,500,500,0.24062742108130952,0.20526625339042154,500,500,500,500,500,500,500,500,500,500,500,500,500,500,500,500,500,500,500,500,0.707,500,500,500,500,500,500,500,500,500,500,500,500,500,500,500,500,500,500,true,500,500,500,500,500,500,500,500,500,500,500,500,500,500,500,500,500,500,500,500,500,500,500,500,500,500,500,/mnt/beegfs/rcabanas/dev/credici/papers/journalPGM/models/synthetic/s12/random_mc2_n6_mid3_d1000_05_mr098_r10_100.uai,500,500,500,500,500,500,500,500,500,500,500,500,500,500,500,500,500,500,500,500,500,500,500,500,500,500,500,500,500,500,500,500,500,500,500,500,500,500,0.2246180593222781,500,500,0.247121671970669,500,500,0.25977709717162123,500,500,0.2474236515700956,500,500,0.2226843723127608,500,500,0.18903033891612583,500,500,0.2616792510094198,500,500,0.22932034080091374,500,500,0.2599987436276184,0.213338534182085,500,500,500,500,500,500,500,0.25989972216541507,0.24708512797458,0.25888456540950616,0.24306469219766877,0.2513479830401403,500,0.24717738255344013,500,0.26100425437286073,500,0.2228696085061744,500,0.2305005849622848,0.22966324779145414,500,0.24951518770956252,500,500,500,500,500,500,500,500,500,500,500,500,500,random_mc2_n6_mid3_d1000_05_mr098_r10_100_uai,0.22404162409027004,500,0.1965027950310702,0.2601448275194591,500,0.24606645057582868,0.21418696997948725,0.24846842409447398,0.19903760262260417,0.2319084220815264,0.24213259329375983,0.2427495030011966,0.20883418213812258,500,0.1856458911302754,0.22756577234402808,500,0.21600114457663402,0.2542059070103316,500,0.261298596055301,0.2244008429824599,500,0.24041182804743938,0.24722310868892106,0.24146706183473948,500,500,500,500,500,500,500,500,500,500,500,500,500,500,500,500,0.17884070871860216,500,0.22539520721129833,0.2337351769504252,500,0.23010611179496968,0.26750720681817647,0.25339744237115946,0.24925823801864275,0.25556827627634765,0.23225410221370463,0.1858832939975128,0.265559446414376,0.22228596545986223,0.2056380518621033,500,0.24536710410956733,0.2187268648246325,500,0.20118881344967532,0.24833650099039906,0.2564884798952507,0.19008188374300777,0.23218929770066402,500,0.16329330902178366,500,500,500,500,500,500,500,500,500,500,500,500,500,500,500,500,500,500,500,500,500,500,500,500,0.19736015759501593,500,0.24810820963759048,0.2352955797459349,500,0.21908213973754578,0.22802884048384642,500,0.2519394255563385,0.2486284274534885,0.24908175615001973,0.2167715244468416,0.2613577798263207,0.2017962218452442,0.20128756328002329,0.2258440667328595,/mnt/beegfs/rcabanas/dev/credici/papers/journalPGM/models/synthetic/s12/random_mc2_n6_mid3_d1000_05_mr098_r10_100_info.csv,0.1814090127043095,0.21438156796361074,500,0.21853520405712037,0.24329906024055997,500,0.2627976562399136,0.2599609377783777,500,0.22015620020137625,500,500,500,500,500,500,500,500,500,500,500,500,500,500,500,500,500,500,500,500,500,500,500,500,0.24983786344954095,500,0.2299691125705849,0.2224269362780991,500,0.22706889142709338,0.22243208955396832,500,0.2663151144750521,0.2341641312266699,500,0.2392005905805938,0.26628390290182147,0.22796577279555358,0.25315649342786817,0.22787993788642286,0.2534681396882134,0.22181066639845695,0.24394232023288284,0.0,0.2334473345506432,0.20970356939843524,0.21733542626503036,0.26743831298998016,0.22031779311001026,1,500,500,500,0.22864192770011935,500,0.211549637853674,0.22973839002721672,500,0.26609473671310657,0.22250273919867947,500,0.26271219543688945,0.22431124621548562,500,0.24771186471718926,0.2623622567489101,500,0.26031250303539477,0.23981477078006178,0.23925892490645925,0.21761709230493229,0.22718621045648024,0.22910296226241028,0.24919164652053677,0.22229878512694826,0.26532168922661925,0.25797444614512116,500,0.2225287090072991,4,500,500,0.2198801048046896,0.2672638064296957,0.22578048096290945,0.23885014256548634,0.22326679974475858,0.20699560591679686,0.17332783260257936,0.22946183915030965,0.20471254070460695,0.22548071454097468,0.20567501323874912,0.227901472715759,0.262880343167326,0.22145537630647194,0.19760905644660054,0.24060659120105138,0.22676111594082596,0.2496562097110226,0.22551481509514543,0.2081833994457648,0.21639342629675337,0.24980210042560919,0.2300063596848574,0.22557837846106815,0.24604381080397403,0.24945403536643945,0.2620632500487181,0.2248371806023178,0.23517273097961972,0.24598119672068602,0.2168401821246552,0.2605060608120641,0.26018271035308477,0.75,0.24201600544772953,0.21291058936467505,0.22011198177323796,0.2657591315242704,Dobs+Dx,0.22119167738681436,0.176203008255703,0.22606368341504637
0.26271706000281086,0.2616617841581484,0,0.2473402636237807,0.30729422421964464,0.29345570045631025,0.2697496205796892,0.29189523819979185,0.2676571466579652,0.2981727861820676,0.2959296704039855,1000,0.2744858897285162,0.2528280450965108,0.24388664219951237,0.28463837313363693,0.27230517910385255,0.2672373002837698,0.30055487935283215,0.26892386227103277,0.2560273876013436,0.25011888393279935,0.2357974737306397,0.26488768815059976,0.26966845836136333,0.23325106953314714,0.25267685175657933,0.2527337823583565,0.3054442907093909,0.2525672482652953,0.2958612998091222,0.3013828669785411,0.2695037129705802,0.2995111129087295,0.305063731977582,0.29536332256661324,0.27277119041991854,0.28532284380051476,0.2566786835645687,0.3058885714481916,0.3028405487296096,0.19920597544295662,KL,0.2876017441912472,0.2878181202380267,0.23085922494798958,0.2371138281666266,0.2661738822895136,0.27709119497587,0.2790116282563389,0.2605065836091755,0.3059068156639111,0.29615226035837205,0.27225115801505023,0.24655052340559377,0.27466504508138134,0.24904343779653434,0.2485142105361194,0.23038711501566242,0.26862490562279484,0.2809237232301711,4447666,500,500,500,500,500,500,500,500,500,500,0.25479873757954546,0.2796305346507389,0.2709435294329207,0.26177103902136417,0.24951279564598292,0.2667386448148759,0.26605517714831217,0.29147527635663245,0.27050402785641353,0.2842561764861086,0.2962806408965224,0.26660636429754375,0.2707609111924966,0.2518716216888799,0.27357936926162174,0.24840190061611347,0.2833996875402151,0.2671547525128259,0.2802467296487887,0.23519394957141065,0.2519770746153902,500,0.27942118868065485,0.2262002979084872,1,0.2681151780772925,0.250261365932403,0.23754507092250163,0.268810106497731,0.2716099222136125,0.28825413294950414,0.26379905394967806,0.19536408604024855,0.29804381303671085,0.25773632926725576,0.2414961179499262,0.2632467294491522,0.26502043805387365,0.27193811134501716,0.25370175756292496,478,0.3022114280922576,0.2982280062143102,0.2456270619208241,0.29299928690199534,0.257770909219841,0.29528630245977017,0.27951549960196526,0.2743839132811268,0.2960958108287709,0.2555821553537049,0.23706182192831315,0.2696898410652363,0.2838570818748722,0.2663558986715142,0.2719575391329693,0.24653779589131133,0.22976774924569404,0.29683354264786027,0.22144076355445236,500,0.22170506757127625,0.25739212505771475,500,500,500,500,500,500,500,500,500,500,500,500,500,500,500,500,500,500,500,0.26562223662510065,0.30608942218288965,0.2790211773442885,0.22337248502627433,0.3016250156592976,0.2642287091748062,0.28009763082766986,0.27465868082334727,0.28932680403602967,500,0.2996296922984774,500,500,500,500,500,500,500,500,500,500,500,500,500,500,500,500,500,500,500,0.24208014808068842,0.27468848348103597,0.3078081485819366,0.26598756320129874,0.28417849814580826,0.29280710395296144,0.2410769046229639,0.2719945085865428,0.22187620813385694,500,500,500,500,500,500,500,500,500,500,0.26409554250497497,0.2719664074187979,500,500,500,500,500,500,500,500,500,500,500,500,500,500,500,500,500,500,500,500,0.707,500,500,500,500,500,500,500,500,500,500,500,500,500,500,500,500,500,500,true,500,500,500,500,500,500,500,500,500,500,500,500,500,500,500,500,500,500,500,500,500,500,500,500,500,500,500,/mnt/beegfs/rcabanas/dev/credici/papers/journalPGM/models/synthetic/s12/random_mc2_n6_mid3_d1000_05_mr098_r10_100.uai,500,500,500,500,500,500,500,500,500,500,500,500,500,500,500,500,500,500,500,500,500,500,500,500,500,500,500,500,500,500,500,500,500,500,500,500,500,500,0.2602889469043632,500,500,0.28856699862707597,500,500,0.24240089868636475,500,500,0.27599430239668016,500,500,0.2690760457847559,500,500,0.2681067197413439,500,500,0.2771356500741383,500,500,0.2616845653781338,500,500,0.26753109263974495,0.283807242467656,500,500,500,500,500,500,500,0.28591492607076935,0.29672152228660625,0.2591907633552101,0.30724932670936617,0.25965194103288114,500,0.2713772072095869,500,0.2312492765551506,500,0.2661915313717267,500,0.2572879884770739,0.24122008011095072,500,0.2649483226289787,500,500,500,500,500,500,500,500,500,500,500,500,500,random_mc2_n6_mid3_d1000_05_mr098_r10_100_uai,0.2574230915027543,500,0.30421375567201314,0.24971171635569905,500,0.2668831539438391,0.3005251978327311,0.2584027825124319,0.2847852848299086,0.3084653270640097,0.2159118019305766,0.2938612143149516,0.30471129272625397,500,0.2953511165078093,0.28985418360280346,500,0.2909451083949417,0.29720603693028286,500,0.28777582290739173,0.26675741982178675,500,0.2108305958300719,0.265337903774436,0.26992051712825804,500,500,500,500,500,500,500,500,500,500,500,500,500,500,500,500,0.24388508683160395,500,0.292301989618997,0.2418839332947495,500,0.23738134339510483,0.24553363173562273,0.2758687717635712,0.29050308461961216,0.2632125399424258,0.3078055223332966,0.2974713592109916,0.2729632925611094,0.2890653282995279,0.2441487280344054,500,0.31012990821093206,0.24852087404951964,500,0.23848796427059513,0.24540280510529452,0.30155990179373987,0.30218260164424754,0.2331149416743723,500,0.26278263776925426,500,500,500,500,500,500,500,500,500,500,500,500,500,500,500,500,500,500,500,500,500,500,500,500,0.2729233611498945,500,0.24675225923948335,0.241207303153383,500,0.2666364405823961,0.2737577164026747,500,0.29629366339566093,0.2510274066163687,0.28254309242809245,0.2586304118386473,0.27893450298504585,0.27080613118900587,0.2254462832155107,0.2578450861494229,/mnt/beegfs/rcabanas/dev/credici/papers/journalPGM/models/synthetic/s12/random_mc2_n6_mid3_d1000_05_mr098_r10_100_info.csv,0.2578489706587106,0.2731754667740618,500,0.3024922095127288,0.23642179908884536,500,0.2415460979744788,0.28012571352315047,500,0.2635578278777311,500,500,500,500,500,500,500,500,500,500,500,500,500,500,500,500,500,500,500,500,500,500,500,500,0.257260799414906,500,0.2685559777501291,0.25557050477313514,500,0.27189615885437524,0.19719087977555766,500,0.2655586386326414,0.29890140786642017,500,0.2617838803135122,0.25853426798014134,0.27435485272114635,0.30173425008736077,0.24800528117059187,0.2664397097817096,0.254427636380024,0.2885486562143029,0.0,0.1932145447766686,0.29666220659471204,0.21547734499387353,0.2916797767473463,0.2956411766418361,1,500,500,500,0.2622742532535787,500,0.27038373949604994,0.25576459731971274,500,0.236235421801157,0.30303514025883543,500,0.25640300726204823,0.3049588675763762,500,0.27046973518749745,0.271852189679908,500,0.2679141152329748,0.24780580030146743,0.24297350596257755,0.25405979406593904,0.26897754800600365,0.2721630362316177,0.2835525641901237,0.2504626888849002,0.29588798229686114,0.2704270517467174,500,0.1857055505531737,4,500,500,0.23163190475678633,0.26558635431864364,0.29622804099717437,0.269478122855861,0.2914996283553198,0.26864381054658304,0.28452332972104116,0.28649921448148163,0.21114828762797547,0.24787914233954592,0.2966147103496686,0.2633591228691838,0.2568940382260666,0.2653308389141043,0.2608843914280686,0.2614671479276851,0.2673236052822448,0.2610871887373545,0.27355494057101193,0.301819119695016,0.2930127239470881,0.3060516481614407,0.2698658291461456,0.26058122584764426,0.2629320888432247,0.27389927420673466,0.28015322287318273,0.2442744290776542,0.2977133861390781,0.255763288936754,0.25671534222409326,0.3067076460889427,0.24330885381473952,0.75,0.2986190290508951,0.19449426906290002,0.27471100221369465,0.2822376966139442,Dobs+Dzb ,0.3086647661524396,0.28836615556078565,0.27999594538926614
0.1992607862521652,0.18609451606610464,0,0.2367967405171291,0.2394508437530527,0.2300839234500392,0.19279216772676103,0.24413025219572906,0.23322173894142267,0.22680969312277863,0.23785088183442316,1000,0.22908590059654615,0.2310280156312699,0.22840609171969484,0.20406564978015723,0.25061553041400775,0.2117533924946461,0.2486190011483176,0.2224237891737437,0.22329614590122218,0.22327281921841594,0.260360897085547,0.26005453669467127,0.2109659437773712,0.1993898483564438,0.19377123657315815,0.22815826353686913,0.17281656499218018,0.16765906652192228,0.2193945290156603,0.22273746943817346,0.2571723432400104,0.2282716717547042,0.2217029488998432,0.24795467354947015,0.23393054562163684,0.23079257466585645,0.2178788055474907,0.24288350597290542,0.20009871077644922,0.17555776611859084,KL,0.25907802138865554,0.24972357943485932,0.2293899772663924,0.24280221333448548,0.2121786874016494,0.20041356727394888,0.2244566747398308,0.22974045893787748,0.23012506987148904,0.25274974524992866,0.18164251110162674,0.23286790525382026,0.2276628219450001,0.174279623787979,0.2645230100027081,0.20872110761954057,0.26421682146878595,0.2200966832362032,11621086,500,500,500,500,500,500,500,500,500,500,0.25983548400758494,0.2284289254416421,0.2518751515604814,0.20351404286918745,0.19253191082918958,0.256989381454271,0.23840175057479038,0.22396800230736666,0.23002217508812636,0.2257812940555127,0.25857546380754776,0.25255359111198333,0.2292675800374091,0.22952947418147468,0.22236460341888004,0.17832682869252237,0.23561492540614426,0.23858895787540127,0.21902961629165021,0.2314525224256534,0.22195606761498352,500,0.24382076413195425,0.21031981892453727,1,0.25799433488994716,0.24131705451011093,0.1981574988908938,0.20956953379967877,0.22436100161465194,0.2659825766266258,0.1570707961793397,0.23223120142394846,0.19750504826124685,0.2500385400152768,0.20024376166831215,0.218174151824102,0.23550853636958372,0.18225583752127625,0.23853030465162453,530,0.22998102842041543,0.19483599426483555,0.26696609718059855,0.22285437047533263,0.2278139356383508,0.23606739967491058,0.2292399358274313,0.20465747152085847,0.2300281077977234,0.21488040205667464,0.2350125775926384,0.2592292069652674,0.2230353294066698,0.20664424436707202,0.23424258893797986,0.19689244898529112,0.20312024864576197,0.26516407262944336,0.24242853669982023,500,0.22951996416537385,0.18994737469220613,500,500,500,500,500,500,500,500,500,500,500,500,500,500,500,500,500,500,500,0.22421286694438466,0.2645780546733865,0.24592188872672008,0.227281392429158,0.2302611740243328,0.23741645994635036,0.2549548560337855,0.2292204378882164,0.26725094573445873,500,0.22313139676690097,500,500,500,500,500,500,500,500,500,500,500,500,500,500,500,500,500,500,500,0.24094645492089414,0.24346765320471897,0.22783577710731032,0.2552939034206428,0.24926633341588875,0.2071152057040265,0.21153009867393074,0.2219757229034352,0.23369640516912918,500,500,500,500,500,500,500,500,500,500,0.22501800064370556,0.24124448232153564,500,500,500,500,500,500,500,500,500,500,500,500,500,500,500,500,500,500,500,500,0.707,500,500,500,500,500,500,500,500,500,500,500,500,500,500,500,500,500,500,true,500,500,500,500,500,500,500,500,500,500,500,500,500,500,500,500,500,500,500,500,500,500,500,500,500,500,500,/mnt/beegfs/rcabanas/dev/credici/papers/journalPGM/models/synthetic/s12/random_mc2_n6_mid3_d1000_05_mr098_r10_100.uai,500,500,500,500,500,500,500,500,500,500,500,500,500,500,500,500,500,500,500,500,500,500,500,500,500,500,500,500,500,500,500,500,500,500,500,500,500,500,0.2481855486744795,500,500,0.24935174226696696,500,500,0.2369552697608107,500,500,0.1991523601746253,500,500,0.2352309175729948,500,500,0.22607467468843437,500,500,0.22272133335675362,500,500,0.25423946648296286,500,500,0.2297167063318991,0.23481335292583663,500,500,500,500,500,500,500,0.19027232934594393,0.20367839897139706,0.21203172697952694,0.22063320002849376,0.26625503839284637,500,0.2540921635650153,500,0.2533132061829091,500,0.2230319330751469,500,0.2186936541973169,0.21922506707718326,500,0.24625034226560205,500,500,500,500,500,500,500,500,500,500,500,500,500,random_mc2_n6_mid3_d1000_05_mr098_r10_100_uai,0.23055485984877844,500,0.23492732417779505,0.22281670331665338,500,0.24819374501787742,0.25537555758633684,0.21852024402521825,0.21109386196850255,0.22415709493300273,0.22790774474238207,0.22818271208505023,0.2250190820914497,500,0.25996899686233677,0.22074590663056617,500,0.18239533465365998,0.22013751355494254,500,0.23093207200032168,0.22909498082475757,500,0.2525784654928413,0.23127984942169347,0.24213328296645362,500,500,500,500,500,500,500,500,500,500,500,500,500,500,500,500,0.2544295563609438,500,0.21974260372534668,0.232049800533678,500,0.24178900662413244,0.24653377758818806,0.2553312657783538,0.23076702970857776,0.19056942041927322,0.20594287404473716,0.23424959613957863,0.19249011725073129,0.22673958283732748,0.23649285574712892,500,0.23642544152082914,0.2221988767567293,500,0.22702801942978718,0.2584205539493339,0.19493369863413165,0.267053485292672,0.21235957670200187,500,0.24594295443414543,500,500,500,500,500,500,500,500,500,500,500,500,500,500,500,500,500,500,500,500,500,500,500,500,0.24579608514717402,500,0.2228687274991256,0.22118117841687163,500,0.25661894405480556,0.22495002645294626,500,0.2126551087262154,0.24927293725720415,0.2614693952117411,0.22655811424870934,0.24767431467870973,0.2595719753119107,0.21845380861909225,0.22374216009717052,/mnt/beegfs/rcabanas/dev/credici/papers/journalPGM/models/synthetic/s12/random_mc2_n6_mid3_d1000_05_mr098_r10_100_info.csv,0.22172860108206138,0.21257251326665605,500,0.25739888463922383,0.21951412269829768,500,0.22727679317785376,0.2223392038978065,500,0.2221003823995962,500,500,500,500,500,500,500,500,500,500,500,500,500,500,500,500,500,500,500,500,500,500,500,500,0.2660348562589424,500,0.25996654006945796,0.19641119214591765,500,0.221805424568248,0.2542741546461298,500,0.2107364688294503,0.22908530716791622,500,0.22316877516608086,0.22054885531196644,0.26208793583525847,0.23066203972598115,0.20659982310096345,0.2600920640132899,0.21925844573685915,0.22405106008933845,0.0,0.2123388415951951,0.19053006421268387,0.2624965113326651,0.2599384282448794,0.25162689173579833,1,500,500,500,0.2295173484832525,500,0.18542912070830922,0.21298884109477964,500,0.25807891102682273,0.2217236262071399,500,0.2618066269523731,0.23100448875833632,500,0.21620763768373444,0.22408859022516092,500,0.2219976691022108,0.21997345527175832,0.21459570493088995,0.25928144093375327,0.22140173001271432,0.26692830597225126,0.26399771515137893,0.2427831696886363,0.22504313675495013,0.23341640538862515,500,0.20520200422863547,4,500,500,0.2150916129537128,0.2136147044542143,0.21428001334582783,0.255746069847164,0.2498526430365511,0.2296363444638606,0.24248652244660135,0.2552745530215746,0.19389291949146645,0.21846254461811787,0.203333276608295,0.21248062888888378,0.2600280581348876,0.25499867224270023,0.22989615657025708,0.22938558750397475,0.2221292823351869,0.26059167820336326,0.21485946432395525,0.2107461229371392,0.2196918814978244,0.25577274259806304,0.2516738808594381,0.2114618533275952,0.23358407645201854,0.2549968416332495,0.22781043136445128,0.21126564104922807,0.25169752522881556,0.21905471127533763,0.23167105707270966,0.2450485481104615,0.22637251640520686,0.75,0.24667200474722717,0.2639658924444684,0.2064018710295348,0.23528616248237946,Dobs+Dx+Dzb ,0.22395865299416318,0.21317383849936133,0.20890566864315047
