CAUSAL 
40 
2 2 2 2 2 2 2 2 2 2 2 2 2 2 2 2 2 2 2 2 3 5 5 5 5 5 5 5 5 5 5 5 5 5 5 5 5 5 5 5 
40 
2	20 0 
3	21 0 1 
3	22 0 2 
3	23 2 3 
3	24 2 4 
3	25 4 5 
3	26 4 6 
3	27 6 7 
3	28 6 8 
3	29 8 9 
3	30 8 10 
3	31 10 11 
3	32 10 12 
3	33 12 13 
3	34 12 14 
3	35 14 15 
3	36 14 16 
3	37 16 17 
3	38 16 18 
3	39 18 19 
1	20 
1	21 
1	22 
1	23 
1	24 
1	25 
1	26 
1	27 
1	28 
1	29 
1	30 
1	31 
1	32 
1	33 
1	34 
1	35 
1	36 
1	37 
1	38 
1	39 

3	0 1 1 
10	1 0 0 1 0 0 0 1 1 0 
10	1 1 1 1 1 1 0 1 0 1 
10	0 1 1 0 0 1 1 1 0 1 
10	1 1 1 0 0 0 1 0 0 1 
10	0 0 0 1 0 1 1 1 1 0 
10	0 1 1 1 1 0 1 1 0 0 
10	0 1 1 1 0 0 0 1 0 0 
10	1 1 0 0 1 0 0 0 0 0 
10	0 0 1 0 1 0 0 0 1 0 
10	0 1 0 1 1 0 1 0 1 0 
10	1 0 1 1 1 1 1 1 0 0 
10	0 0 1 0 1 0 1 1 1 0 
10	0 1 0 1 0 1 0 0 0 1 
10	0 0 0 0 0 0 1 0 0 1 
10	0 1 0 0 1 0 1 1 1 1 
10	0 0 1 1 0 1 0 0 0 0 
10	0 1 1 0 0 0 1 1 0 0 
10	0 1 1 0 1 1 0 0 1 1 
10	0 0 1 0 0 1 0 0 0 1 
3	0.082 0.879 0.039 
5	0.017 0.001 0.002 0.127 0.853 
5	0.01 0.058 0.208 0.721 0.003 
5	0.027 0.728 0.07 0.1 0.075 
5	0.048 0.233 0.005 0.659 0.055 
5	0.112 0.016 0.008 0.003 0.861 
5	0.019 0.046 0.019 0.066 0.85 
5	0.001 0.885 0.002 0.049 0.063 
5	0.27 0.004 0.163 0.004 0.559 
5	0.012 0.66 0.012 0.216 0.1 
5	0.054 0.05 0.19 0.014 0.692 
5	0.045 0.081 0.03 0.575 0.269 
5	0.051 0.004 0.73 0.024 0.191 
5	0.56 0.004 0.286 0.042 0.108 
5	0.673 0.028 0.006 0.09 0.203 
5	0.024 0.957 0.006 0.008 0.005 
5	0.318 0.009 0.645 0.007 0.021 
5	0.199 0.163 0.6 0.007 0.031 
5	0.75 0.218 0.014 0.009 0.009 
5	0.025 0.779 0.114 0.03 0.052 
