CAUSAL 
40 
2 2 2 2 2 2 2 2 2 2 2 2 2 2 2 2 2 2 2 2 3 5 5 5 5 5 5 5 5 5 5 5 5 5 5 5 5 5 5 5 
40 
2	20 0 
3	21 0 1 
3	22 0 2 
3	23 2 3 
3	24 2 4 
3	25 4 5 
3	26 4 6 
3	27 6 7 
3	28 6 8 
3	29 8 9 
3	30 8 10 
3	31 10 11 
3	32 10 12 
3	33 12 13 
3	34 12 14 
3	35 14 15 
3	36 14 16 
3	37 16 17 
3	38 16 18 
3	39 18 19 
1	20 
1	21 
1	22 
1	23 
1	24 
1	25 
1	26 
1	27 
1	28 
1	29 
1	30 
1	31 
1	32 
1	33 
1	34 
1	35 
1	36 
1	37 
1	38 
1	39 

3	0 1 0 
10	0 0 1 0 0 1 0 0 0 0 
10	0 1 0 1 0 1 0 1 1 1 
10	0 1 1 1 1 0 0 0 1 0 
10	1 1 1 0 1 0 0 1 0 0 
10	1 0 1 0 1 1 1 1 1 1 
10	1 0 0 0 1 0 0 0 1 1 
10	1 1 0 1 1 0 0 0 0 0 
10	1 0 0 1 1 0 0 0 1 0 
10	0 0 0 1 1 0 0 0 0 0 
10	1 0 1 0 0 1 0 0 0 1 
10	1 0 1 0 1 1 1 0 1 1 
10	0 0 1 1 1 0 1 1 1 0 
10	1 0 1 1 1 1 1 0 0 1 
10	1 0 1 0 1 0 1 0 1 1 
10	1 0 0 0 0 0 1 0 1 1 
10	0 1 0 1 1 0 0 1 1 0 
10	1 0 0 0 1 0 1 1 1 1 
10	1 1 0 1 1 1 0 0 1 0 
10	1 0 1 1 1 0 0 0 0 1 
3	0.736 0.033 0.231 
5	0.241 0.005 0.47 0.279 0.005 
5	0.025 0.083 0.167 0.574 0.151 
5	0.317 0.091 0.342 0.242 0.008 
5	0.014 0.006 0.21 0.73 0.04 
5	0.025 0.002 0.425 0.426 0.122 
5	0.433 0.134 0.025 0.009 0.399 
5	0.18 0.781 0.012 0.007 0.02 
5	0.729 0.002 0.01 0.002 0.257 
5	0.084 0.333 0.103 0.26 0.22 
5	0.754 0.023 0.061 0.11 0.052 
5	0.008 0.541 0.033 0.403 0.015 
5	0.202 0.064 0.034 0.694 0.006 
5	0.594 0.009 0.038 0.066 0.293 
5	0.237 0.184 0.177 0.268 0.134 
5	0.012 0.122 0.033 0.519 0.314 
5	0.002 0.008 0.003 0.966 0.021 
5	0.167 0.243 0.201 0.166 0.223 
5	0.009 0.012 0.921 0.047 0.011 
5	0.01 0.002 0.536 0.322 0.13 
