CAUSAL 
28 
2 2 2 2 2 2 2 2 2 2 2 2 2 2 3 5 5 5 5 5 5 5 5 5 5 5 5 5 
28 
2	14 0 
3	15 0 1 
3	16 0 2 
3	17 2 3 
3	18 2 4 
3	19 4 5 
3	20 4 6 
3	21 6 7 
3	22 6 8 
3	23 8 9 
3	24 8 10 
3	25 10 11 
3	26 10 12 
3	27 12 13 
1	14 
1	15 
1	16 
1	17 
1	18 
1	19 
1	20 
1	21 
1	22 
1	23 
1	24 
1	25 
1	26 
1	27 

3	0 1 0 
10	1 0 0 1 1 1 0 1 1 1 
10	1 1 1 1 0 0 1 1 1 0 
10	0 0 1 0 1 1 1 0 0 0 
10	1 1 0 0 0 0 0 0 0 1 
10	1 1 1 0 0 1 0 1 0 1 
10	1 0 1 1 0 1 0 1 1 0 
10	0 1 1 0 1 0 1 1 0 1 
10	0 1 1 0 0 1 0 1 1 1 
10	1 0 0 0 0 0 0 0 0 0 
10	0 1 1 0 1 1 0 1 1 0 
10	0 1 0 0 1 1 0 0 1 0 
10	1 0 1 1 0 1 1 1 1 0 
10	1 1 0 0 0 0 0 0 0 0 
3	0.38 0.464 0.156 
5	0.485 0.032 0.42 0.046 0.017 
5	0.003 0.001 0.077 0.002 0.917 
5	0.291 0.558 0.035 0.091 0.025 
5	0.014 0.013 0.004 0.073 0.896 
5	0.428 0.117 0.338 0.012 0.105 
5	0.156 0.091 0.347 0.156 0.25 
5	0.701 0.155 0.056 0.06 0.028 
5	0.04 0.26 0.6 0.049 0.051 
5	0.002 0.03 0.791 0.161 0.016 
5	0.018 0.191 0.053 0.735 0.003 
5	0.585 0.065 0.282 0.019 0.049 
5	0.152 0.412 0.281 0.123 0.032 
5	0.46 0.063 0.008 0.404 0.065 
