CAUSAL 
28 
2 2 2 2 2 2 2 2 2 2 2 2 2 2 3 5 5 5 5 5 5 5 5 5 5 5 5 5 
28 
2	14 0 
3	15 0 1 
3	16 0 2 
3	17 2 3 
3	18 2 4 
3	19 4 5 
3	20 4 6 
3	21 6 7 
3	22 6 8 
3	23 8 9 
3	24 8 10 
3	25 10 11 
3	26 10 12 
3	27 12 13 
1	14 
1	15 
1	16 
1	17 
1	18 
1	19 
1	20 
1	21 
1	22 
1	23 
1	24 
1	25 
1	26 
1	27 

3	0 1 0 
10	1 1 1 1 0 0 1 1 1 1 
10	1 0 1 1 0 1 1 0 1 1 
10	0 1 1 1 0 1 1 0 1 0 
10	0 1 0 0 1 0 1 1 0 0 
10	0 1 1 1 0 1 1 1 0 0 
10	1 0 0 1 1 1 0 1 0 0 
10	0 1 1 1 0 0 1 0 1 0 
10	0 1 1 0 1 1 0 1 1 0 
10	0 1 1 1 1 1 1 0 1 1 
10	0 0 1 1 0 1 0 1 1 0 
10	0 0 0 1 1 1 0 0 1 0 
10	0 0 1 1 0 1 1 0 0 1 
10	0 0 1 1 0 1 0 0 0 1 
3	0.147 0.848 0.005 
5	0.293 0.135 0.129 0.054 0.389 
5	0.02 0.181 0.375 0.415 0.009 
5	0.06 0.923 0.003 0.013 0.001 
5	0.011 0.075 0.766 0.079 0.069 
5	0.099 0.129 0.015 0.569 0.188 
5	0.011 0.859 0.029 0.088 0.013 
5	0.011 0.009 0.79 0.172 0.018 
5	0.017 0.02 0.013 0.925 0.025 
5	0.604 0.283 0.032 0.077 0.004 
5	0.014 0.067 0.045 0.058 0.816 
5	0.055 0.022 0.086 0.01 0.827 
5	0.001 0.002 0.002 0.994 0.001 
5	0.451 0.415 0.007 0.055 0.072 
