CAUSAL 
40 
2 2 2 2 2 2 2 2 2 2 2 2 2 2 2 2 2 2 2 2 3 5 5 5 5 5 5 5 5 5 5 5 5 5 5 5 5 5 5 5 
40 
2	20 0 
3	21 0 1 
3	22 0 2 
3	23 2 3 
3	24 2 4 
3	25 4 5 
3	26 4 6 
3	27 6 7 
3	28 6 8 
3	29 8 9 
3	30 8 10 
3	31 10 11 
3	32 10 12 
3	33 12 13 
3	34 12 14 
3	35 14 15 
3	36 14 16 
3	37 16 17 
3	38 16 18 
3	39 18 19 
1	20 
1	21 
1	22 
1	23 
1	24 
1	25 
1	26 
1	27 
1	28 
1	29 
1	30 
1	31 
1	32 
1	33 
1	34 
1	35 
1	36 
1	37 
1	38 
1	39 

3	1 0 0 
10	1 0 1 1 1 1 1 1 0 0 
10	1 1 1 0 1 1 0 0 1 0 
10	0 0 0 0 0 1 0 1 1 1 
10	0 0 1 0 0 1 0 0 1 1 
10	1 1 1 0 0 1 0 1 0 1 
10	1 1 0 1 0 0 0 1 1 0 
10	0 0 0 1 1 0 1 0 1 0 
10	0 0 0 0 0 0 1 0 1 1 
10	0 0 1 1 1 0 1 1 1 0 
10	1 0 0 1 0 0 1 1 1 0 
10	1 1 0 1 1 0 1 0 1 0 
10	0 0 1 0 0 0 1 0 0 1 
10	1 0 0 1 1 0 0 1 1 1 
10	1 0 1 1 1 1 0 1 1 0 
10	1 1 1 0 1 0 1 1 1 1 
10	0 0 1 1 1 0 0 1 0 1 
10	1 1 1 1 1 0 1 0 1 0 
10	0 0 0 1 1 0 1 0 1 0 
10	0 1 0 1 1 0 0 0 0 1 
3	0.038 0.629 0.333 
5	0.158 0.291 0.162 0.203 0.186 
5	0.278 0.156 0.037 0.104 0.425 
5	0.037 0.002 0.49 0.467 0.004 
5	0.592 0.003 0.331 0.026 0.048 
5	0.012 0.669 0.005 0.282 0.032 
5	0.068 0.001 0.146 0.771 0.014 
5	0.096 0.448 0.005 0.001 0.45 
5	0.03 0.016 0.506 0.032 0.416 
5	0.872 0.001 0.022 0.004 0.101 
5	0.228 0.376 0.049 0.171 0.176 
5	0.025 0.024 0.823 0.003 0.125 
5	0.148 0.241 0.037 0.183 0.391 
5	0.367 0.072 0.035 0.522 0.004 
5	0.035 0.017 0.668 0.222 0.058 
5	0.017 0.04 0.031 0.378 0.534 
5	0.08 0.019 0.247 0.523 0.131 
5	0.152 0.347 0.008 0.356 0.137 
5	0.085 0.118 0.651 0.063 0.083 
5	0.001 0.725 0.013 0.004 0.257 
