CAUSAL 
40 
2 2 2 2 2 2 2 2 2 2 2 2 2 2 2 2 2 2 2 2 3 5 5 5 5 5 5 5 5 5 5 5 5 5 5 5 5 5 5 5 
40 
2	20 0 
3	21 0 1 
3	22 0 2 
3	23 2 3 
3	24 2 4 
3	25 4 5 
3	26 4 6 
3	27 6 7 
3	28 6 8 
3	29 8 9 
3	30 8 10 
3	31 10 11 
3	32 10 12 
3	33 12 13 
3	34 12 14 
3	35 14 15 
3	36 14 16 
3	37 16 17 
3	38 16 18 
3	39 18 19 
1	20 
1	21 
1	22 
1	23 
1	24 
1	25 
1	26 
1	27 
1	28 
1	29 
1	30 
1	31 
1	32 
1	33 
1	34 
1	35 
1	36 
1	37 
1	38 
1	39 

3	1 1 0 
10	0 1 1 1 0 0 0 1 1 1 
10	0 0 1 0 1 1 1 1 1 0 
10	0 0 1 0 0 1 1 1 0 0 
10	0 1 1 1 1 1 1 1 1 1 
10	0 1 0 1 1 1 0 0 0 1 
10	0 1 1 1 0 1 0 1 0 0 
10	1 1 1 1 1 0 1 0 0 0 
10	0 1 0 1 0 1 1 1 0 1 
10	1 1 0 1 0 0 0 0 0 0 
10	1 1 0 1 0 0 0 0 1 0 
10	0 0 1 1 1 0 1 0 0 1 
10	0 0 0 1 1 1 1 0 0 1 
10	0 1 0 0 1 0 1 0 1 0 
10	0 1 0 0 0 1 1 0 0 0 
10	1 1 1 0 1 0 1 0 0 1 
10	0 0 1 0 1 1 0 0 0 1 
10	1 0 1 1 1 0 0 1 0 1 
10	1 0 1 1 0 1 1 0 0 0 
10	0 0 0 1 1 0 1 0 1 1 
3	0.179 0.741 0.08 
5	0.008 0.654 0.298 0.004 0.036 
5	0.67 0.001 0.002 0.005 0.322 
5	0.665 0.079 0.005 0.013 0.238 
5	0.006 0.566 0.081 0.345 0.002 
5	0.015 0.015 0.071 0.271 0.628 
5	0.742 0.079 0.153 0.014 0.012 
5	0.038 0.016 0.355 0.578 0.013 
5	0.026 0.131 0.631 0.051 0.161 
5	0.101 0.018 0.832 0.017 0.032 
5	0.005 0.026 0.959 0.004 0.006 
5	0.001 0.561 0.009 0.052 0.377 
5	0.053 0.014 0.207 0.332 0.394 
5	0.324 0.396 0.005 0.027 0.248 
5	0.043 0.058 0.458 0.372 0.069 
5	0.241 0.499 0.035 0.016 0.209 
5	0.363 0.018 0.235 0.371 0.013 
5	0.013 0.001 0.002 0.001 0.983 
5	0.178 0.382 0.241 0.012 0.187 
5	0.151 0.03 0.554 0.178 0.087 
