CAUSAL 
28 
2 2 2 2 2 2 2 2 2 2 2 2 2 2 3 5 5 5 5 5 5 5 5 5 5 5 5 5 
28 
2	14 0 
3	15 0 1 
3	16 0 2 
3	17 2 3 
3	18 2 4 
3	19 4 5 
3	20 4 6 
3	21 6 7 
3	22 6 8 
3	23 8 9 
3	24 8 10 
3	25 10 11 
3	26 10 12 
3	27 12 13 
1	14 
1	15 
1	16 
1	17 
1	18 
1	19 
1	20 
1	21 
1	22 
1	23 
1	24 
1	25 
1	26 
1	27 

3	1 1 0 
10	1 1 0 0 1 0 1 1 1 0 
10	0 0 1 1 0 1 1 0 1 0 
10	0 0 1 1 0 1 1 1 1 1 
10	0 1 0 1 0 1 1 0 1 0 
10	0 0 1 0 0 1 1 0 1 1 
10	1 1 1 0 1 0 1 1 1 0 
10	0 0 0 0 0 0 1 1 1 1 
10	0 1 0 0 0 1 0 0 0 0 
10	0 0 0 1 1 1 0 1 1 0 
10	0 0 1 0 0 1 1 1 1 0 
10	1 0 0 0 1 1 1 0 1 1 
10	1 0 0 1 1 1 1 1 0 1 
10	0 1 0 1 1 1 0 0 0 0 
3	0.52 0.21 0.27 
5	0.121 0.236 0.084 0.385 0.174 
5	0.025 0.816 0.061 0.01 0.088 
5	0.331 0.012 0.193 0.46 0.004 
5	0.742 0.009 0.019 0.027 0.203 
5	0.845 0.004 0.002 0.003 0.146 
5	0.725 0.094 0.002 0.086 0.093 
5	0.056 0.029 0.855 0.045 0.015 
5	0.467 0.04 0.062 0.013 0.418 
5	0.124 0.163 0.034 0.005 0.674 
5	0.019 0.557 0.313 0.098 0.013 
5	0.063 0.82 0.038 0.013 0.066 
5	0.247 0.012 0.666 0.014 0.061 
5	0.014 0.854 0.048 0.034 0.05 
