CAUSAL 
28 
2 2 2 2 2 2 2 2 2 2 2 2 2 2 3 5 5 5 5 5 5 5 5 5 5 5 5 5 
28 
2	14 0 
3	15 0 1 
3	16 0 2 
3	17 2 3 
3	18 2 4 
3	19 4 5 
3	20 4 6 
3	21 6 7 
3	22 6 8 
3	23 8 9 
3	24 8 10 
3	25 10 11 
3	26 10 12 
3	27 12 13 
1	14 
1	15 
1	16 
1	17 
1	18 
1	19 
1	20 
1	21 
1	22 
1	23 
1	24 
1	25 
1	26 
1	27 

3	1 0 0 
10	1 1 0 1 0 1 1 0 1 0 
10	1 0 1 0 1 1 0 0 1 0 
10	0 1 0 1 1 0 1 0 1 1 
10	1 1 0 1 0 1 0 1 1 0 
10	0 1 0 0 0 1 0 0 1 1 
10	1 1 0 0 0 0 1 1 0 1 
10	0 0 0 0 1 1 0 1 1 1 
10	1 0 1 0 1 1 0 0 0 1 
10	1 0 1 1 0 0 0 1 0 0 
10	0 1 1 0 0 1 0 0 0 1 
10	0 1 0 1 1 0 0 1 0 1 
10	0 1 0 1 0 0 0 1 1 1 
10	1 1 0 0 0 0 1 1 1 1 
3	0.437 0.473 0.09 
5	0.004 0.05 0.009 0.01 0.927 
5	0.054 0.114 0.526 0.252 0.054 
5	0.098 0.151 0.642 0.008 0.101 
5	0.138 0.115 0.03 0.019 0.698 
5	0.039 0.002 0.017 0.926 0.016 
5	0.061 0.048 0.018 0.816 0.057 
5	0.48 0.489 0.016 0.012 0.003 
5	0.037 0.362 0.056 0.406 0.139 
5	0.057 0.013 0.011 0.545 0.374 
5	0.099 0.144 0.609 0.045 0.103 
5	0.447 0.239 0.086 0.197 0.031 
5	0.597 0.044 0.014 0.157 0.188 
5	0.052 0.009 0.314 0.399 0.226 
