CAUSAL 
40 
2 2 2 2 2 2 2 2 2 2 2 2 2 2 2 2 2 2 2 2 3 5 5 5 5 5 5 5 5 5 5 5 5 5 5 5 5 5 5 5 
40 
2	20 0 
3	21 0 1 
3	22 0 2 
3	23 2 3 
3	24 2 4 
3	25 4 5 
3	26 4 6 
3	27 6 7 
3	28 6 8 
3	29 8 9 
3	30 8 10 
3	31 10 11 
3	32 10 12 
3	33 12 13 
3	34 12 14 
3	35 14 15 
3	36 14 16 
3	37 16 17 
3	38 16 18 
3	39 18 19 
1	20 
1	21 
1	22 
1	23 
1	24 
1	25 
1	26 
1	27 
1	28 
1	29 
1	30 
1	31 
1	32 
1	33 
1	34 
1	35 
1	36 
1	37 
1	38 
1	39 

3	1 1 0 
10	0 1 0 0 0 1 0 1 1 0 
10	0 1 0 1 1 0 1 0 1 0 
10	0 1 1 1 1 1 1 0 0 0 
10	0 0 1 1 0 1 0 1 0 1 
10	0 1 0 1 1 0 0 1 1 0 
10	0 0 1 0 0 0 1 0 0 0 
10	1 1 0 1 0 0 0 1 1 0 
10	0 0 0 0 0 1 0 1 0 1 
10	1 1 1 1 1 1 1 0 0 0 
10	0 0 0 1 1 1 1 0 1 0 
10	0 0 1 1 1 1 1 1 1 1 
10	0 0 1 1 1 1 1 1 1 0 
10	1 1 1 1 1 0 0 0 1 0 
10	1 1 0 0 0 1 1 0 0 1 
10	0 1 1 1 0 1 0 1 1 1 
10	0 1 0 0 1 1 1 0 1 0 
10	1 0 1 0 0 1 1 1 0 0 
10	0 0 0 1 1 1 1 0 1 1 
10	0 1 1 0 0 1 1 0 0 0 
3	0.122 0.852 0.026 
5	0.001 0.056 0.002 0.669 0.272 
5	0.226 0.118 0.461 0.093 0.102 
5	0.051 0.731 0.095 0.038 0.085 
5	0.026 0.049 0.237 0.049 0.639 
5	0.081 0.659 0.003 0.037 0.22 
5	0.523 0.121 0.05 0.066 0.24 
5	0.682 0.003 0.011 0.034 0.27 
5	0.185 0.074 0.369 0.093 0.279 
5	0.042 0.598 0.337 0.008 0.015 
5	0.488 0.332 0.124 0.053 0.003 
5	0.624 0.19 0.011 0.141 0.034 
5	0.098 0.801 0.014 0.064 0.023 
5	0.044 0.053 0.032 0.782 0.089 
5	0.047 0.016 0.714 0.142 0.081 
5	0.217 0.153 0.506 0.031 0.093 
5	0.268 0.238 0.074 0.05 0.37 
5	0.215 0.101 0.118 0.413 0.153 
5	0.515 0.096 0.051 0.295 0.043 
5	0.05 0.927 0.02 0.001 0.002 
