CAUSAL 
28 
2 2 2 2 2 2 2 2 2 2 2 2 2 2 3 5 5 5 5 5 5 5 5 5 5 5 5 5 
28 
2	14 0 
3	15 0 1 
3	16 0 2 
3	17 2 3 
3	18 2 4 
3	19 4 5 
3	20 4 6 
3	21 6 7 
3	22 6 8 
3	23 8 9 
3	24 8 10 
3	25 10 11 
3	26 10 12 
3	27 12 13 
1	14 
1	15 
1	16 
1	17 
1	18 
1	19 
1	20 
1	21 
1	22 
1	23 
1	24 
1	25 
1	26 
1	27 

3	1 1 0 
10	1 0 0 0 1 0 0 0 0 0 
10	0 0 0 1 1 0 0 1 1 1 
10	1 0 0 1 1 0 0 0 0 1 
10	0 0 0 0 1 1 1 0 1 0 
10	1 1 0 0 0 0 0 1 0 0 
10	1 0 0 1 1 0 0 1 0 1 
10	0 1 0 0 1 0 0 0 1 1 
10	0 1 1 1 0 1 0 0 0 0 
10	1 0 0 0 1 1 1 1 0 0 
10	0 0 0 1 0 0 1 0 1 0 
10	0 1 1 1 1 0 0 1 0 0 
10	0 0 1 1 0 1 0 1 0 0 
10	0 0 1 1 1 0 1 1 1 0 
3	0.5 0.169 0.331 
5	0.068 0.026 0.515 0.383 0.008 
5	0.015 0.738 0.175 0.032 0.04 
5	0.083 0.032 0.014 0.865 0.006 
5	0.825 0.021 0.025 0.106 0.023 
5	0.901 0.021 0.048 0.022 0.008 
5	0.007 0.003 0.006 0.001 0.983 
5	0.031 0.056 0.019 0.872 0.022 
5	0.056 0.006 0.078 0.831 0.029 
5	0.003 0.016 0.969 0.004 0.008 
5	0.325 0.01 0.359 0.259 0.047 
5	0.586 0.09 0.147 0.07 0.107 
5	0.03 0.073 0.749 0.108 0.04 
5	0.072 0.117 0.675 0.127 0.009 
