CAUSAL 
28 
2 2 2 2 2 2 2 2 2 2 2 2 2 2 3 5 5 5 5 5 5 5 5 5 5 5 5 5 
28 
2	14 0 
3	15 0 1 
3	16 0 2 
3	17 2 3 
3	18 2 4 
3	19 4 5 
3	20 4 6 
3	21 6 7 
3	22 6 8 
3	23 8 9 
3	24 8 10 
3	25 10 11 
3	26 10 12 
3	27 12 13 
1	14 
1	15 
1	16 
1	17 
1	18 
1	19 
1	20 
1	21 
1	22 
1	23 
1	24 
1	25 
1	26 
1	27 

3	0 1 1 
10	0 1 1 1 1 1 1 0 0 1 
10	0 1 1 1 0 0 0 1 0 0 
10	1 0 1 0 0 0 0 0 0 0 
10	1 0 0 1 1 1 0 0 0 0 
10	1 1 1 0 0 0 0 0 1 1 
10	1 0 0 0 1 0 0 0 1 1 
10	1 0 0 0 0 0 0 1 1 1 
10	1 0 0 1 1 0 0 1 1 0 
10	1 0 0 1 1 1 0 0 0 0 
10	0 1 1 0 0 0 0 0 0 0 
10	0 0 1 1 1 0 0 0 1 1 
10	0 1 1 1 1 1 0 0 0 1 
10	1 1 0 1 0 0 1 0 1 0 
3	0.002 0.311 0.687 
5	0.535 0.344 0.009 0.078 0.034 
5	0.091 0.225 0.038 0.282 0.364 
5	0.436 0.434 0.014 0.015 0.101 
5	0.19 0.305 0.028 0.302 0.175 
5	0.013 0.015 0.413 0.553 0.006 
5	0.069 0.102 0.777 0.026 0.026 
5	0.068 0.291 0.076 0.407 0.158 
5	0.105 0.202 0.011 0.351 0.331 
5	0.53 0.125 0.101 0.063 0.181 
5	0.28 0.006 0.55 0.109 0.055 
5	0.007 0.407 0.002 0.583 0.001 
5	0.663 0.016 0.161 0.119 0.041 
5	0.018 0.096 0.005 0.004 0.877 
