CAUSAL 
40 
2 2 2 2 2 2 2 2 2 2 2 2 2 2 2 2 2 2 2 2 3 5 5 5 5 5 5 5 5 5 5 5 5 5 5 5 5 5 5 5 
40 
2	20 0 
3	21 0 1 
3	22 0 2 
3	23 2 3 
3	24 2 4 
3	25 4 5 
3	26 4 6 
3	27 6 7 
3	28 6 8 
3	29 8 9 
3	30 8 10 
3	31 10 11 
3	32 10 12 
3	33 12 13 
3	34 12 14 
3	35 14 15 
3	36 14 16 
3	37 16 17 
3	38 16 18 
3	39 18 19 
1	20 
1	21 
1	22 
1	23 
1	24 
1	25 
1	26 
1	27 
1	28 
1	29 
1	30 
1	31 
1	32 
1	33 
1	34 
1	35 
1	36 
1	37 
1	38 
1	39 

3	1 0 0 
10	1 1 0 0 1 1 1 1 0 0 
10	0 0 1 0 0 1 1 0 0 1 
10	1 0 1 1 1 0 1 1 1 1 
10	0 1 1 1 1 0 0 1 1 1 
10	0 0 1 1 0 1 1 1 0 1 
10	1 0 0 0 0 0 1 0 0 0 
10	0 1 1 0 1 1 0 1 1 0 
10	0 1 0 0 1 0 1 1 1 1 
10	0 0 0 1 1 1 1 1 0 1 
10	0 1 1 1 0 0 0 0 1 1 
10	1 1 1 0 0 1 0 1 1 0 
10	1 0 1 0 0 1 1 0 1 0 
10	0 0 1 0 0 1 1 0 1 1 
10	1 1 0 0 0 0 1 0 1 0 
10	0 1 1 0 1 0 0 0 0 0 
10	0 0 1 1 0 0 1 1 0 0 
10	1 0 1 1 0 0 0 0 1 1 
10	1 1 0 0 1 0 0 0 1 1 
10	1 0 0 1 0 1 0 0 0 1 
3	0.977 0.008 0.015 
5	0.135 0.017 0.013 0.771 0.064 
5	0.013 0.023 0.43 0.034 0.5 
5	0.341 0.353 0.141 0.162 0.003 
5	0.407 0.379 0.093 0.002 0.119 
5	0.117 0.187 0.115 0.348 0.233 
5	0.166 0.297 0.486 0.029 0.022 
5	0.031 0.059 0.346 0.561 0.003 
5	0.02 0.005 0.002 0.008 0.965 
5	0.078 0.017 0.006 0.023 0.876 
5	0.314 0.002 0.018 0.004 0.662 
5	0.148 0.072 0.012 0.117 0.651 
5	0.018 0.006 0.601 0.02 0.355 
5	0.002 0.189 0.556 0.228 0.025 
5	0.055 0.475 0.106 0.272 0.092 
5	0.936 0.027 0.034 0.002 0.001 
5	0.055 0.031 0.568 0.221 0.125 
5	0.2 0.131 0.21 0.329 0.13 
5	0.026 0.025 0.289 0.007 0.653 
5	0.277 0.339 0.078 0.038 0.268 
