CAUSAL 
40 
2 2 2 2 2 2 2 2 2 2 2 2 2 2 2 2 2 2 2 2 3 5 5 5 5 5 5 5 5 5 5 5 5 5 5 5 5 5 5 5 
40 
2	20 0 
3	21 0 1 
3	22 0 2 
3	23 2 3 
3	24 2 4 
3	25 4 5 
3	26 4 6 
3	27 6 7 
3	28 6 8 
3	29 8 9 
3	30 8 10 
3	31 10 11 
3	32 10 12 
3	33 12 13 
3	34 12 14 
3	35 14 15 
3	36 14 16 
3	37 16 17 
3	38 16 18 
3	39 18 19 
1	20 
1	21 
1	22 
1	23 
1	24 
1	25 
1	26 
1	27 
1	28 
1	29 
1	30 
1	31 
1	32 
1	33 
1	34 
1	35 
1	36 
1	37 
1	38 
1	39 

3	1 0 0 
10	0 1 0 0 1 0 1 1 0 0 
10	0 0 0 0 1 0 0 0 0 0 
10	1 0 0 0 1 1 1 0 0 1 
10	1 0 1 0 1 1 0 1 1 0 
10	0 0 1 1 0 1 1 0 0 0 
10	0 0 1 1 0 0 1 1 0 1 
10	0 0 1 1 1 1 0 0 1 0 
10	0 1 1 1 0 0 0 0 1 0 
10	1 0 1 0 0 1 0 1 0 1 
10	0 1 1 0 0 1 1 0 1 1 
10	1 1 1 1 1 0 0 1 1 1 
10	1 0 0 0 0 1 0 1 1 1 
10	0 1 1 0 1 0 0 1 0 0 
10	0 0 1 0 1 0 1 0 0 0 
10	0 1 1 1 0 1 1 1 0 0 
10	0 1 1 0 0 0 1 0 1 1 
10	0 0 0 0 1 0 1 0 1 1 
10	0 0 1 0 0 1 0 0 1 0 
10	0 0 0 1 0 0 1 0 0 1 
3	0.079 0.566 0.355 
5	0.032 0.007 0.879 0.068 0.014 
5	0.011 0.31 0.022 0.587 0.07 
5	0.431 0.236 0.157 0.025 0.151 
5	0.049 0.1 0.006 0.118 0.727 
5	0.05 0.712 0.141 0.011 0.086 
5	0.107 0.037 0.211 0.421 0.224 
5	0.009 0.156 0.269 0.557 0.009 
5	0.006 0.915 0.033 0.012 0.034 
5	0.023 0.323 0.371 0.002 0.281 
5	0.243 0.272 0.073 0.374 0.038 
5	0.477 0.002 0.005 0.128 0.388 
5	0.003 0.118 0.777 0.05 0.052 
5	0.881 0.018 0.073 0.007 0.021 
5	0.021 0.004 0.197 0.747 0.031 
5	0.051 0.535 0.023 0.035 0.356 
5	0.207 0.072 0.069 0.103 0.549 
5	0.508 0.024 0.434 0.009 0.025 
5	0.027 0.049 0.119 0.241 0.564 
5	0.02 0.291 0.281 0.018 0.39 
