CAUSAL 
40 
2 2 2 2 2 2 2 2 2 2 2 2 2 2 2 2 2 2 2 2 3 5 5 5 5 5 5 5 5 5 5 5 5 5 5 5 5 5 5 5 
40 
2	20 0 
3	21 0 1 
3	22 0 2 
3	23 2 3 
3	24 2 4 
3	25 4 5 
3	26 4 6 
3	27 6 7 
3	28 6 8 
3	29 8 9 
3	30 8 10 
3	31 10 11 
3	32 10 12 
3	33 12 13 
3	34 12 14 
3	35 14 15 
3	36 14 16 
3	37 16 17 
3	38 16 18 
3	39 18 19 
1	20 
1	21 
1	22 
1	23 
1	24 
1	25 
1	26 
1	27 
1	28 
1	29 
1	30 
1	31 
1	32 
1	33 
1	34 
1	35 
1	36 
1	37 
1	38 
1	39 

3	0 1 1 
10	1 1 1 1 0 0 1 1 0 1 
10	1 1 1 0 0 0 0 1 1 1 
10	0 1 1 1 1 0 1 0 0 0 
10	1 1 0 0 1 0 1 1 0 1 
10	1 1 0 1 0 0 0 1 1 0 
10	0 0 1 0 0 0 1 1 1 0 
10	0 1 1 1 0 0 1 0 1 1 
10	0 0 0 0 1 0 1 1 1 1 
10	1 1 1 0 0 1 1 0 0 0 
10	1 0 0 1 1 0 1 0 1 1 
10	1 1 0 0 1 1 1 0 0 1 
10	0 1 1 1 1 0 1 1 0 1 
10	0 1 1 1 0 1 0 1 0 1 
10	0 0 0 1 0 1 1 0 0 1 
10	1 1 1 0 1 1 1 1 0 0 
10	0 0 1 0 1 0 0 0 1 0 
10	1 0 1 1 0 1 1 0 0 1 
10	1 1 0 0 0 0 0 0 0 0 
10	0 1 1 0 1 1 0 1 1 1 
3	0.119 0.409 0.472 
5	0.969 0.002 0.027 0.001 0.001 
5	0.031 0.016 0.257 0.287 0.409 
5	0.493 0.267 0.147 0.049 0.044 
5	0.206 0.033 0.693 0.009 0.059 
5	0.178 0.467 0.045 0.108 0.202 
5	0.241 0.138 0.13 0.024 0.467 
5	0.224 0.047 0.005 0.184 0.54 
5	0.151 0.604 0.216 0.019 0.01 
5	0.024 0.657 0.26 0.012 0.047 
5	0.002 0.89 0.001 0.024 0.083 
5	0.012 0.043 0.003 0.093 0.849 
5	0.754 0.033 0.074 0.124 0.015 
5	0.068 0.721 0.183 0.005 0.023 
5	0.082 0.136 0.038 0.034 0.71 
5	0.002 0.656 0.003 0.338 0.001 
5	0.001 0.006 0.866 0.007 0.12 
5	0.01 0.623 0.342 0.016 0.009 
5	0.003 0.004 0.657 0.146 0.19 
5	0.035 0.017 0.045 0.007 0.896 
