CAUSAL 
28 
2 2 2 2 2 2 2 2 2 2 2 2 2 2 3 5 5 5 5 5 5 5 5 5 5 5 5 5 
28 
2	14 0 
3	15 0 1 
3	16 0 2 
3	17 2 3 
3	18 2 4 
3	19 4 5 
3	20 4 6 
3	21 6 7 
3	22 6 8 
3	23 8 9 
3	24 8 10 
3	25 10 11 
3	26 10 12 
3	27 12 13 
1	14 
1	15 
1	16 
1	17 
1	18 
1	19 
1	20 
1	21 
1	22 
1	23 
1	24 
1	25 
1	26 
1	27 

3	1 0 0 
10	0 0 0 0 1 1 1 1 0 1 
10	0 0 1 0 0 0 1 0 0 0 
10	0 1 0 0 1 1 1 1 1 0 
10	1 1 1 1 0 1 0 1 1 0 
10	1 1 1 0 0 0 1 0 1 1 
10	1 1 0 1 1 1 1 1 0 0 
10	1 0 0 1 0 1 0 1 0 1 
10	0 1 1 1 1 0 1 0 0 1 
10	0 0 1 0 1 0 1 1 0 1 
10	1 0 0 1 0 0 1 1 1 1 
10	1 0 0 0 0 1 0 1 1 0 
10	0 1 1 1 1 0 1 1 0 0 
10	1 1 0 1 0 0 0 1 1 0 
3	0.305 0.454 0.241 
5	0.054 0.642 0.297 0.002 0.005 
5	0.512 0.103 0.024 0.12 0.241 
5	0.983 0.012 0.002 0.002 0.001 
5	0.528 0.031 0.044 0.141 0.256 
5	0.472 0.383 0.016 0.113 0.016 
5	0.041 0.148 0.152 0.229 0.43 
5	0.042 0.569 0.103 0.106 0.18 
5	0.015 0.029 0.835 0.045 0.076 
5	0.002 0.109 0.884 0.001 0.004 
5	0.914 0.004 0.001 0.071 0.01 
5	0.455 0.134 0.008 0.075 0.328 
5	0.027 0.315 0.045 0.07 0.543 
5	0.617 0.043 0.167 0.125 0.048 
