CAUSAL 
28 
2 2 2 2 2 2 2 2 2 2 2 2 2 2 3 5 5 5 5 5 5 5 5 5 5 5 5 5 
28 
2	14 0 
3	15 0 1 
3	16 0 2 
3	17 2 3 
3	18 2 4 
3	19 4 5 
3	20 4 6 
3	21 6 7 
3	22 6 8 
3	23 8 9 
3	24 8 10 
3	25 10 11 
3	26 10 12 
3	27 12 13 
1	14 
1	15 
1	16 
1	17 
1	18 
1	19 
1	20 
1	21 
1	22 
1	23 
1	24 
1	25 
1	26 
1	27 

3	0 0 1 
10	1 0 1 0 1 0 0 0 1 1 
10	1 1 1 1 1 1 0 0 1 1 
10	0 0 1 1 1 1 1 0 0 0 
10	0 0 1 0 0 0 0 1 0 0 
10	0 0 1 1 1 1 1 0 1 0 
10	0 1 1 0 1 0 0 1 0 0 
10	1 1 0 1 0 0 1 1 0 0 
10	1 0 1 1 1 1 0 0 1 1 
10	1 0 1 0 0 0 1 1 0 1 
10	1 0 0 0 0 1 1 1 0 1 
10	0 1 1 0 1 0 0 0 0 1 
10	0 1 0 0 1 0 1 1 1 0 
10	0 0 1 0 1 0 0 0 1 1 
3	0.334 0.056 0.61 
5	0.531 0.113 0.154 0.008 0.194 
5	0.153 0.104 0.042 0.074 0.627 
5	0.049 0.014 0.688 0.228 0.021 
5	0.001 0.026 0.268 0.638 0.067 
5	0.01 0.198 0.707 0.074 0.011 
5	0.013 0.005 0.005 0.974 0.003 
5	0.031 0.325 0.013 0.092 0.539 
5	0.002 0.002 0.797 0.198 0.001 
5	0.137 0.222 0.49 0.002 0.149 
5	0.077 0.114 0.012 0.01 0.787 
5	0.042 0.098 0.026 0.011 0.823 
5	0.632 0.094 0.056 0.104 0.114 
5	0.092 0.117 0.652 0.081 0.058 
