CAUSAL 
40 
2 2 2 2 2 2 2 2 2 2 2 2 2 2 2 2 2 2 2 2 3 5 5 5 5 5 5 5 5 5 5 5 5 5 5 5 5 5 5 5 
40 
2	20 0 
3	21 0 1 
3	22 0 2 
3	23 2 3 
3	24 2 4 
3	25 4 5 
3	26 4 6 
3	27 6 7 
3	28 6 8 
3	29 8 9 
3	30 8 10 
3	31 10 11 
3	32 10 12 
3	33 12 13 
3	34 12 14 
3	35 14 15 
3	36 14 16 
3	37 16 17 
3	38 16 18 
3	39 18 19 
1	20 
1	21 
1	22 
1	23 
1	24 
1	25 
1	26 
1	27 
1	28 
1	29 
1	30 
1	31 
1	32 
1	33 
1	34 
1	35 
1	36 
1	37 
1	38 
1	39 

3	0 1 1 
10	1 1 0 1 1 1 0 1 0 1 
10	1 1 1 1 0 0 1 1 1 0 
10	0 1 0 0 0 0 1 0 0 1 
10	0 0 0 0 1 1 0 1 0 0 
10	1 0 1 0 1 1 1 1 1 1 
10	0 1 1 0 0 0 0 1 1 0 
10	0 0 1 0 0 1 0 1 0 1 
10	0 0 0 0 1 0 0 0 1 0 
10	1 0 0 0 1 0 1 1 1 1 
10	0 1 0 0 0 1 0 0 0 0 
10	0 0 1 1 1 0 1 1 0 0 
10	1 0 0 1 1 1 0 0 1 1 
10	0 0 0 1 1 1 1 1 1 1 
10	0 0 1 0 0 1 1 0 0 0 
10	1 1 1 0 0 0 0 0 1 0 
10	0 0 0 0 1 1 1 0 0 0 
10	0 0 1 0 0 0 0 1 1 1 
10	1 1 1 0 1 0 0 1 0 0 
10	0 0 0 1 1 0 0 0 0 0 
3	0.24 0.615 0.145 
5	0.506 0.261 0.161 0.032 0.04 
5	0.331 0.001 0.195 0.408 0.065 
5	0.167 0.048 0.027 0.024 0.734 
5	0.075 0.661 0.152 0.013 0.099 
5	0.132 0.005 0.243 0.377 0.243 
5	0.045 0.829 0.061 0.031 0.034 
5	0.007 0.114 0.074 0.388 0.417 
5	0.129 0.779 0.002 0.085 0.005 
5	0.015 0.581 0.155 0.011 0.238 
5	0.019 0.009 0.82 0.075 0.077 
5	0.014 0.016 0.851 0.09 0.029 
5	0.648 0.234 0.074 0.021 0.023 
5	0.009 0.273 0.41 0.221 0.087 
5	0.002 0.877 0.005 0.057 0.059 
5	0.308 0.049 0.023 0.518 0.102 
5	0.151 0.034 0.1 0.548 0.167 
5	0.021 0.002 0.01 0.865 0.102 
5	0.213 0.112 0.242 0.275 0.158 
5	0.029 0.069 0.377 0.459 0.066 
