CAUSAL 
28 
2 2 2 2 2 2 2 2 2 2 2 2 2 2 3 5 5 5 5 5 5 5 5 5 5 5 5 5 
28 
2	14 0 
3	15 0 1 
3	16 0 2 
3	17 2 3 
3	18 2 4 
3	19 4 5 
3	20 4 6 
3	21 6 7 
3	22 6 8 
3	23 8 9 
3	24 8 10 
3	25 10 11 
3	26 10 12 
3	27 12 13 
1	14 
1	15 
1	16 
1	17 
1	18 
1	19 
1	20 
1	21 
1	22 
1	23 
1	24 
1	25 
1	26 
1	27 

3	0 1 0 
10	1 1 0 1 0 0 1 1 1 1 
10	1 0 0 1 0 1 0 1 1 0 
10	1 0 0 1 1 1 0 0 0 0 
10	1 0 0 0 0 1 0 0 1 1 
10	1 0 1 0 0 1 0 0 0 0 
10	1 1 0 1 0 1 0 0 0 1 
10	0 0 0 0 0 0 1 1 0 1 
10	1 0 0 1 1 1 0 0 0 1 
10	0 1 0 0 0 0 0 0 1 1 
10	1 0 1 1 0 0 1 0 0 0 
10	1 1 0 1 0 0 0 1 1 1 
10	0 1 0 0 0 1 0 0 1 1 
10	0 0 1 0 1 1 0 1 0 1 
3	0.129 0.64 0.231 
5	0.399 0.261 0.059 0.011 0.27 
5	0.049 0.269 0.294 0.315 0.073 
5	0.001 0.027 0.002 0.003 0.967 
5	0.088 0.02 0.695 0.192 0.005 
5	0.002 0.004 0.328 0.634 0.032 
5	0.012 0.032 0.074 0.056 0.826 
5	0.032 0.085 0.141 0.008 0.734 
5	0.104 0.864 0.004 0.02 0.008 
5	0.033 0.087 0.001 0.004 0.875 
5	0.417 0.014 0.397 0.114 0.058 
5	0.038 0.007 0.12 0.821 0.014 
5	0.001 0.005 0.001 0.991 0.002 
5	0.074 0.157 0.036 0.584 0.149 
