CAUSAL 
28 
2 2 2 2 2 2 2 2 2 2 2 2 2 2 3 5 5 5 5 5 5 5 5 5 5 5 5 5 
28 
2	14 0 
3	15 0 1 
3	16 0 2 
3	17 2 3 
3	18 2 4 
3	19 4 5 
3	20 4 6 
3	21 6 7 
3	22 6 8 
3	23 8 9 
3	24 8 10 
3	25 10 11 
3	26 10 12 
3	27 12 13 
1	14 
1	15 
1	16 
1	17 
1	18 
1	19 
1	20 
1	21 
1	22 
1	23 
1	24 
1	25 
1	26 
1	27 

3	1 0 0 
10	0 0 0 1 1 1 1 0 1 0 
10	0 1 1 0 0 0 1 0 0 1 
10	0 1 0 1 1 0 0 0 0 1 
10	0 0 1 1 0 0 0 1 0 1 
10	0 1 1 1 0 0 0 1 0 0 
10	1 0 1 0 1 0 1 1 0 0 
10	0 0 1 0 0 0 0 0 1 0 
10	1 0 1 1 1 1 0 1 0 1 
10	1 1 0 0 0 1 1 1 0 0 
10	1 1 0 1 1 0 1 0 0 1 
10	0 1 0 1 1 1 1 1 0 0 
10	0 1 0 0 1 1 0 0 0 0 
10	0 0 0 0 1 0 1 0 1 1 
3	0.089 0.364 0.547 
5	0.757 0.238 0.001 0.001 0.003 
5	0.465 0.02 0.089 0.281 0.145 
5	0.034 0.906 0.02 0.033 0.007 
5	0.435 0.004 0.035 0.51 0.016 
5	0.052 0.015 0.003 0.11 0.82 
5	0.664 0.063 0.259 0.009 0.005 
5	0.632 0.02 0.094 0.001 0.253 
5	0.068 0.003 0.892 0.035 0.002 
5	0.088 0.009 0.619 0.274 0.01 
5	0.745 0.184 0.054 0.012 0.005 
5	0.413 0.08 0.179 0.325 0.003 
5	0.055 0.007 0.224 0.697 0.017 
5	0.001 0.003 0.004 0.509 0.483 
