CAUSAL 
40 
2 2 2 2 2 2 2 2 2 2 2 2 2 2 2 2 2 2 2 2 3 5 5 5 5 5 5 5 5 5 5 5 5 5 5 5 5 5 5 5 
40 
2	20 0 
3	21 0 1 
3	22 0 2 
3	23 2 3 
3	24 2 4 
3	25 4 5 
3	26 4 6 
3	27 6 7 
3	28 6 8 
3	29 8 9 
3	30 8 10 
3	31 10 11 
3	32 10 12 
3	33 12 13 
3	34 12 14 
3	35 14 15 
3	36 14 16 
3	37 16 17 
3	38 16 18 
3	39 18 19 
1	20 
1	21 
1	22 
1	23 
1	24 
1	25 
1	26 
1	27 
1	28 
1	29 
1	30 
1	31 
1	32 
1	33 
1	34 
1	35 
1	36 
1	37 
1	38 
1	39 

3	0 1 0 
10	0 0 1 1 0 0 0 1 0 0 
10	0 1 0 0 0 1 0 0 0 1 
10	1 0 1 0 1 1 0 1 1 0 
10	1 1 0 0 0 0 0 1 1 1 
10	0 1 0 0 1 0 1 1 0 1 
10	1 0 0 0 1 1 0 0 1 1 
10	0 0 0 0 0 0 1 1 0 1 
10	0 1 1 0 0 0 0 1 1 1 
10	0 1 0 0 0 1 0 1 1 0 
10	1 0 0 1 1 1 0 0 0 1 
10	0 1 1 0 0 0 1 1 0 1 
10	0 1 0 0 0 0 0 0 1 0 
10	0 0 1 0 0 1 1 1 0 1 
10	1 1 1 0 0 1 1 1 0 1 
10	0 1 0 0 1 0 1 1 0 1 
10	1 1 1 1 1 0 0 0 1 0 
10	1 1 0 1 0 1 1 1 1 0 
10	0 1 0 1 0 1 1 1 0 0 
10	0 1 0 1 0 0 1 1 1 0 
3	0.727 0.15 0.123 
5	0.074 0.493 0.075 0.282 0.076 
5	0.042 0.501 0.448 0.006 0.003 
5	0.211 0.016 0.032 0.004 0.737 
5	0.166 0.361 0.25 0.028 0.195 
5	0.499 0.132 0.073 0.041 0.255 
5	0.185 0.195 0.051 0.383 0.186 
5	0.906 0.019 0.02 0.013 0.042 
5	0.002 0.001 0.183 0.305 0.509 
5	0.34 0.034 0.017 0.072 0.537 
5	0.083 0.001 0.868 0.038 0.01 
5	0.024 0.02 0.899 0.005 0.052 
5	0.015 0.11 0.198 0.522 0.155 
5	0.095 0.019 0.495 0.373 0.018 
5	0.017 0.189 0.686 0.101 0.007 
5	0.029 0.249 0.079 0.38 0.263 
5	0.029 0.007 0.21 0.171 0.583 
5	0.083 0.036 0.42 0.225 0.236 
5	0.247 0.087 0.006 0.008 0.652 
5	0.224 0.237 0.002 0.021 0.516 
