CAUSAL 
28 
2 2 2 2 2 2 2 2 2 2 2 2 2 2 3 5 5 5 5 5 5 5 5 5 5 5 5 5 
28 
2	14 0 
3	15 0 1 
3	16 0 2 
3	17 2 3 
3	18 2 4 
3	19 4 5 
3	20 4 6 
3	21 6 7 
3	22 6 8 
3	23 8 9 
3	24 8 10 
3	25 10 11 
3	26 10 12 
3	27 12 13 
1	14 
1	15 
1	16 
1	17 
1	18 
1	19 
1	20 
1	21 
1	22 
1	23 
1	24 
1	25 
1	26 
1	27 

3	1 0 1 
10	1 0 0 0 1 1 0 1 0 1 
10	1 1 0 0 1 1 0 1 0 1 
10	1 1 0 1 1 0 0 0 0 1 
10	1 1 0 0 0 1 1 0 0 1 
10	0 0 1 0 0 0 1 1 1 1 
10	1 1 1 0 1 1 0 0 1 1 
10	1 1 0 1 0 0 0 1 1 1 
10	0 0 0 1 0 1 1 0 1 0 
10	0 1 0 1 0 0 0 1 0 0 
10	0 1 1 0 1 1 0 0 1 0 
10	1 1 0 1 0 0 0 0 1 1 
10	1 1 0 1 1 0 1 1 1 0 
10	0 0 0 1 1 0 0 1 1 1 
3	0.733 0.048 0.219 
5	0.044 0.002 0.095 0.082 0.777 
5	0.002 0.677 0.257 0.052 0.012 
5	0.198 0.033 0.14 0.369 0.26 
5	0.005 0.932 0.006 0.047 0.01 
5	0.449 0.323 0.118 0.006 0.104 
5	0.114 0.002 0.374 0.317 0.193 
5	0.051 0.783 0.083 0.001 0.082 
5	0.166 0.091 0.411 0.216 0.116 
5	0.244 0.18 0.027 0.481 0.068 
5	0.003 0.027 0.927 0.004 0.039 
5	0.11 0.166 0.191 0.322 0.211 
5	0.156 0.106 0.409 0.312 0.017 
5	0.03 0.684 0.042 0.037 0.207 
