CAUSAL 
40 
2 2 2 2 2 2 2 2 2 2 2 2 2 2 2 2 2 2 2 2 3 5 5 5 5 5 5 5 5 5 5 5 5 5 5 5 5 5 5 5 
40 
2	20 0 
3	21 0 1 
3	22 0 2 
3	23 2 3 
3	24 2 4 
3	25 4 5 
3	26 4 6 
3	27 6 7 
3	28 6 8 
3	29 8 9 
3	30 8 10 
3	31 10 11 
3	32 10 12 
3	33 12 13 
3	34 12 14 
3	35 14 15 
3	36 14 16 
3	37 16 17 
3	38 16 18 
3	39 18 19 
1	20 
1	21 
1	22 
1	23 
1	24 
1	25 
1	26 
1	27 
1	28 
1	29 
1	30 
1	31 
1	32 
1	33 
1	34 
1	35 
1	36 
1	37 
1	38 
1	39 

3	0 1 1 
10	0 0 0 0 0 0 1 1 1 1 
10	0 0 0 1 0 0 1 1 1 1 
10	1 0 0 1 0 1 1 1 1 0 
10	1 0 0 1 1 0 1 0 1 0 
10	1 1 0 1 0 1 0 1 0 1 
10	0 1 1 0 0 0 0 1 1 1 
10	1 1 1 1 1 0 1 0 1 1 
10	0 1 1 1 0 0 0 1 1 1 
10	0 0 0 1 1 1 1 0 0 1 
10	0 0 0 0 0 1 0 1 0 0 
10	1 1 1 0 0 0 0 0 0 1 
10	1 0 1 1 1 1 0 0 1 1 
10	1 0 1 1 1 1 1 0 1 1 
10	0 1 0 1 0 0 1 1 0 1 
10	0 1 0 1 0 0 0 1 0 0 
10	0 0 1 0 1 1 0 1 0 0 
10	1 1 1 1 0 1 1 1 0 1 
10	1 1 1 1 0 1 0 1 1 1 
10	0 1 0 1 0 0 1 0 1 1 
3	0.467 0.46 0.073 
5	0.153 0.216 0.564 0.022 0.045 
5	0.07 0.091 0.078 0.008 0.753 
5	0.003 0.009 0.007 0.979 0.002 
5	0.01 0.764 0.063 0.011 0.152 
5	0.201 0.032 0.028 0.101 0.638 
5	0.109 0.021 0.202 0.659 0.009 
5	0.164 0.119 0.337 0.26 0.12 
5	0.081 0.651 0.124 0.068 0.076 
5	0.064 0.535 0.014 0.241 0.146 
5	0.103 0.367 0.301 0.119 0.11 
5	0.031 0.184 0.038 0.677 0.07 
5	0.074 0.114 0.067 0.718 0.027 
5	0.003 0.002 0.002 0.755 0.238 
5	0.368 0.444 0.003 0.171 0.014 
5	0.455 0.073 0.137 0.117 0.218 
5	0.192 0.005 0.005 0.036 0.762 
5	0.456 0.344 0.001 0.131 0.068 
5	0.828 0.002 0.012 0.154 0.004 
5	0.037 0.278 0.439 0.225 0.021 
