CAUSAL 
40 
2 2 2 2 2 2 2 2 2 2 2 2 2 2 2 2 2 2 2 2 3 5 5 5 5 5 5 5 5 5 5 5 5 5 5 5 5 5 5 5 
40 
2	20 0 
3	21 0 1 
3	22 0 2 
3	23 2 3 
3	24 2 4 
3	25 4 5 
3	26 4 6 
3	27 6 7 
3	28 6 8 
3	29 8 9 
3	30 8 10 
3	31 10 11 
3	32 10 12 
3	33 12 13 
3	34 12 14 
3	35 14 15 
3	36 14 16 
3	37 16 17 
3	38 16 18 
3	39 18 19 
1	20 
1	21 
1	22 
1	23 
1	24 
1	25 
1	26 
1	27 
1	28 
1	29 
1	30 
1	31 
1	32 
1	33 
1	34 
1	35 
1	36 
1	37 
1	38 
1	39 

3	1 0 1 
10	0 0 0 1 1 1 1 0 1 1 
10	0 0 0 1 0 0 1 1 1 1 
10	1 0 0 1 1 0 1 0 1 1 
10	1 1 1 0 0 1 1 1 0 0 
10	1 1 0 1 1 0 1 0 0 0 
10	0 0 0 1 1 0 1 0 0 0 
10	0 1 1 1 1 0 0 0 0 0 
10	1 1 0 0 0 0 1 0 0 1 
10	1 0 1 0 1 1 0 1 1 1 
10	0 0 1 1 0 0 0 0 1 1 
10	1 0 1 0 0 1 0 0 1 1 
10	1 1 1 1 0 0 1 0 1 0 
10	0 1 0 0 1 0 1 0 1 0 
10	1 1 0 0 1 1 1 0 1 1 
10	0 0 1 0 0 1 0 1 1 1 
10	0 0 1 1 0 1 0 1 1 0 
10	1 0 0 0 0 0 0 0 0 1 
10	1 1 1 1 1 0 1 1 1 1 
10	1 0 1 1 1 1 0 0 0 0 
3	0.491 0.262 0.247 
5	0.004 0.01 0.955 0.027 0.004 
5	0.024 0.27 0.451 0.169 0.086 
5	0.001 0.001 0.001 0.002 0.995 
5	0.604 0.251 0.047 0.081 0.017 
5	0.435 0.036 0.185 0.012 0.332 
5	0.015 0.93 0.017 0.031 0.007 
5	0.572 0.021 0.391 0.011 0.005 
5	0.002 0.009 0.08 0.867 0.042 
5	0.001 0.493 0.197 0.251 0.058 
5	0.518 0.009 0.004 0.44 0.029 
5	0.092 0.068 0.195 0.019 0.626 
5	0.004 0.987 0.002 0.006 0.001 
5	0.335 0.016 0.38 0.014 0.255 
5	0.838 0.095 0.001 0.002 0.064 
5	0.681 0.079 0.121 0.109 0.01 
5	0.011 0.968 0.001 0.016 0.004 
5	0.009 0.004 0.935 0.049 0.003 
5	0.021 0.745 0.041 0.161 0.032 
5	0.025 0.036 0.12 0.021 0.798 
