CAUSAL 
40 
2 2 2 2 2 2 2 2 2 2 2 2 2 2 2 2 2 2 2 2 3 5 5 5 5 5 5 5 5 5 5 5 5 5 5 5 5 5 5 5 
40 
2	20 0 
3	21 0 1 
3	22 0 2 
3	23 2 3 
3	24 2 4 
3	25 4 5 
3	26 4 6 
3	27 6 7 
3	28 6 8 
3	29 8 9 
3	30 8 10 
3	31 10 11 
3	32 10 12 
3	33 12 13 
3	34 12 14 
3	35 14 15 
3	36 14 16 
3	37 16 17 
3	38 16 18 
3	39 18 19 
1	20 
1	21 
1	22 
1	23 
1	24 
1	25 
1	26 
1	27 
1	28 
1	29 
1	30 
1	31 
1	32 
1	33 
1	34 
1	35 
1	36 
1	37 
1	38 
1	39 

3	1 0 0 
10	1 0 1 1 1 0 1 0 1 1 
10	0 1 1 1 0 0 0 0 1 0 
10	0 1 0 1 0 1 1 0 1 1 
10	0 0 1 1 0 1 1 1 0 1 
10	1 0 1 1 1 1 1 1 1 0 
10	0 1 0 0 1 0 1 1 1 0 
10	0 1 0 0 1 1 1 0 0 1 
10	0 0 1 0 1 1 1 1 1 0 
10	0 1 0 0 0 0 0 0 1 1 
10	1 0 1 1 0 1 1 0 1 0 
10	0 0 0 1 0 0 1 1 1 1 
10	0 1 1 1 1 0 1 0 1 1 
10	1 1 1 1 0 0 1 0 0 1 
10	0 1 1 0 0 1 0 0 1 1 
10	0 0 0 1 1 1 1 0 0 1 
10	0 1 0 0 1 0 0 0 0 0 
10	0 1 0 1 0 1 1 1 0 0 
10	0 0 0 0 0 1 0 1 1 0 
10	0 0 0 0 1 0 1 1 1 1 
3	0.002 0.991 0.007 
5	0.362 0.023 0.093 0.168 0.354 
5	0.102 0.396 0.162 0.199 0.141 
5	0.121 0.218 0.07 0.092 0.499 
5	0.046 0.109 0.696 0.06 0.089 
5	0.018 0.82 0.14 0.016 0.006 
5	0.701 0.002 0.18 0.116 0.001 
5	0.002 0.526 0.007 0.017 0.448 
5	0.418 0.003 0.085 0.384 0.11 
5	0.176 0.133 0.088 0.558 0.045 
5	0.018 0.427 0.103 0.062 0.39 
5	0.283 0.1 0.449 0.129 0.039 
5	0.008 0.671 0.136 0.139 0.046 
5	0.403 0.003 0.099 0.434 0.061 
5	0.008 0.096 0.126 0.453 0.317 
5	0.044 0.797 0.009 0.142 0.008 
5	0.165 0.005 0.052 0.01 0.768 
5	0.028 0.058 0.038 0.035 0.841 
5	0.019 0.914 0.026 0.022 0.019 
5	0.205 0.001 0.002 0.009 0.783 
