CAUSAL 
40 
2 2 2 2 2 2 2 2 2 2 2 2 2 2 2 2 2 2 2 2 3 5 5 5 5 5 5 5 5 5 5 5 5 5 5 5 5 5 5 5 
40 
2	20 0 
3	21 0 1 
3	22 0 2 
3	23 2 3 
3	24 2 4 
3	25 4 5 
3	26 4 6 
3	27 6 7 
3	28 6 8 
3	29 8 9 
3	30 8 10 
3	31 10 11 
3	32 10 12 
3	33 12 13 
3	34 12 14 
3	35 14 15 
3	36 14 16 
3	37 16 17 
3	38 16 18 
3	39 18 19 
1	20 
1	21 
1	22 
1	23 
1	24 
1	25 
1	26 
1	27 
1	28 
1	29 
1	30 
1	31 
1	32 
1	33 
1	34 
1	35 
1	36 
1	37 
1	38 
1	39 

3	1 1 0 
10	0 0 0 0 0 1 1 0 0 1 
10	1 0 0 1 0 1 0 0 0 1 
10	1 0 0 1 0 1 0 0 0 1 
10	0 1 0 0 0 0 1 1 1 1 
10	1 1 1 1 1 0 0 1 0 1 
10	1 0 1 0 1 0 0 1 0 0 
10	0 1 1 1 1 1 0 0 1 1 
10	1 0 1 1 1 0 1 0 0 0 
10	1 0 1 0 1 1 0 1 0 0 
10	0 0 0 1 0 1 1 1 1 1 
10	1 1 0 1 1 1 1 1 0 1 
10	0 0 1 0 1 1 0 1 0 0 
10	0 1 0 0 1 0 1 1 0 1 
10	1 1 1 1 1 1 1 1 1 0 
10	0 0 1 1 0 0 1 1 0 0 
10	0 0 1 1 1 1 1 1 1 0 
10	0 0 0 0 0 0 1 0 0 0 
10	0 0 1 0 1 1 0 1 1 1 
10	1 0 1 0 1 1 1 1 0 0 
3	0.633 0.328 0.039 
5	0.005 0.008 0.106 0.025 0.856 
5	0.017 0.84 0.041 0.1 0.002 
5	0.048 0.239 0.66 0.017 0.036 
5	0.255 0.16 0.094 0.267 0.224 
5	0.132 0.001 0.008 0.016 0.843 
5	0.022 0.783 0.089 0.079 0.027 
5	0.008 0.354 0.442 0.012 0.184 
5	0.012 0.005 0.23 0.019 0.734 
5	0.039 0.204 0.056 0.641 0.06 
5	0.17 0.748 0.022 0.029 0.031 
5	0.074 0.005 0.715 0.029 0.177 
5	0.145 0.025 0.652 0.126 0.052 
5	0.863 0.003 0.007 0.108 0.019 
5	0.789 0.003 0.123 0.082 0.003 
5	0.332 0.02 0.012 0.633 0.003 
5	0.192 0.022 0.687 0.083 0.016 
5	0.016 0.222 0.721 0.016 0.025 
5	0.011 0.636 0.042 0.202 0.109 
5	0.011 0.079 0.189 0.677 0.044 
