CAUSAL 
28 
2 2 2 2 2 2 2 2 2 2 2 2 2 2 3 5 5 5 5 5 5 5 5 5 5 5 5 5 
28 
2	14 0 
3	15 0 1 
3	16 0 2 
3	17 2 3 
3	18 2 4 
3	19 4 5 
3	20 4 6 
3	21 6 7 
3	22 6 8 
3	23 8 9 
3	24 8 10 
3	25 10 11 
3	26 10 12 
3	27 12 13 
1	14 
1	15 
1	16 
1	17 
1	18 
1	19 
1	20 
1	21 
1	22 
1	23 
1	24 
1	25 
1	26 
1	27 

3	1 0 1 
10	1 0 0 1 0 1 1 0 0 1 
10	1 1 1 1 0 1 1 0 0 0 
10	1 0 0 1 0 1 1 0 1 1 
10	1 0 0 0 0 1 0 0 1 1 
10	0 1 0 0 0 0 0 0 1 1 
10	1 0 1 0 0 0 1 1 1 1 
10	0 1 0 1 1 1 0 0 1 1 
10	0 1 0 0 0 0 1 1 0 0 
10	0 0 1 1 0 0 0 1 0 0 
10	0 1 1 0 0 1 0 1 0 1 
10	0 0 1 0 1 1 1 1 1 0 
10	1 0 1 0 0 0 0 1 1 1 
10	1 0 1 1 0 0 0 1 1 1 
3	0.596 0.117 0.287 
5	0.907 0.034 0.022 0.035 0.002 
5	0.314 0.106 0.178 0.033 0.369 
5	0.003 0.001 0.071 0.03 0.895 
5	0.13 0.635 0.047 0.066 0.122 
5	0.026 0.116 0.302 0.066 0.49 
5	0.109 0.037 0.097 0.702 0.055 
5	0.003 0.013 0.032 0.007 0.945 
5	0.381 0.137 0.017 0.301 0.164 
5	0.097 0.19 0.454 0.177 0.082 
5	0.862 0.022 0.055 0.028 0.033 
5	0.169 0.688 0.011 0.043 0.089 
5	0.959 0.014 0.016 0.008 0.003 
5	0.018 0.004 0.001 0.132 0.845 
