CAUSAL 
40 
2 2 2 2 2 2 2 2 2 2 2 2 2 2 2 2 2 2 2 2 3 5 5 5 5 5 5 5 5 5 5 5 5 5 5 5 5 5 5 5 
40 
2	20 0 
3	21 0 1 
3	22 0 2 
3	23 2 3 
3	24 2 4 
3	25 4 5 
3	26 4 6 
3	27 6 7 
3	28 6 8 
3	29 8 9 
3	30 8 10 
3	31 10 11 
3	32 10 12 
3	33 12 13 
3	34 12 14 
3	35 14 15 
3	36 14 16 
3	37 16 17 
3	38 16 18 
3	39 18 19 
1	20 
1	21 
1	22 
1	23 
1	24 
1	25 
1	26 
1	27 
1	28 
1	29 
1	30 
1	31 
1	32 
1	33 
1	34 
1	35 
1	36 
1	37 
1	38 
1	39 

3	0 1 0 
10	0 0 0 1 1 0 1 0 1 0 
10	0 1 1 1 1 0 0 0 0 0 
10	1 1 0 1 1 0 1 0 1 1 
10	0 1 1 0 1 0 0 0 1 0 
10	1 0 1 0 1 1 0 1 0 1 
10	1 0 0 0 1 1 1 1 1 0 
10	0 0 0 0 0 1 0 1 1 0 
10	0 1 0 1 1 0 1 0 0 0 
10	1 0 1 0 1 1 1 1 0 1 
10	0 1 0 1 0 1 1 1 0 0 
10	0 1 0 0 0 0 1 0 1 1 
10	0 1 1 0 1 1 0 0 0 0 
10	0 0 1 0 0 1 1 1 1 0 
10	1 1 1 0 0 1 1 0 0 0 
10	1 1 1 0 0 0 1 0 1 1 
10	0 0 0 1 0 0 1 0 1 0 
10	0 0 1 0 0 0 0 0 1 0 
10	0 0 0 0 1 1 0 1 1 1 
10	1 1 0 0 1 1 0 0 1 1 
3	0.268 0.705 0.027 
5	0.334 0.15 0.012 0.468 0.036 
5	0.96 0.002 0.006 0.005 0.027 
5	0.027 0.017 0.202 0.024 0.73 
5	0.042 0.299 0.389 0.067 0.203 
5	0.444 0.1 0.031 0.126 0.299 
5	0.044 0.481 0.007 0.467 0.001 
5	0.531 0.002 0.341 0.095 0.031 
5	0.001 0.981 0.01 0.003 0.005 
5	0.79 0.086 0.034 0.075 0.015 
5	0.705 0.009 0.281 0.004 0.001 
5	0.023 0.128 0.825 0.016 0.008 
5	0.285 0.02 0.549 0.045 0.101 
5	0.303 0.075 0.077 0.176 0.369 
5	0.2 0.532 0.087 0.164 0.017 
5	0.005 0.091 0.843 0.01 0.051 
5	0.001 0.012 0.947 0.003 0.037 
5	0.316 0.003 0.001 0.006 0.674 
5	0.017 0.081 0.052 0.545 0.305 
5	0.004 0.075 0.006 0.913 0.002 
