CAUSAL 
40 
2 2 2 2 2 2 2 2 2 2 2 2 2 2 2 2 2 2 2 2 3 5 5 5 5 5 5 5 5 5 5 5 5 5 5 5 5 5 5 5 
40 
2	20 0 
3	21 0 1 
3	22 0 2 
3	23 2 3 
3	24 2 4 
3	25 4 5 
3	26 4 6 
3	27 6 7 
3	28 6 8 
3	29 8 9 
3	30 8 10 
3	31 10 11 
3	32 10 12 
3	33 12 13 
3	34 12 14 
3	35 14 15 
3	36 14 16 
3	37 16 17 
3	38 16 18 
3	39 18 19 
1	20 
1	21 
1	22 
1	23 
1	24 
1	25 
1	26 
1	27 
1	28 
1	29 
1	30 
1	31 
1	32 
1	33 
1	34 
1	35 
1	36 
1	37 
1	38 
1	39 

3	0 1 0 
10	0 1 1 1 1 0 1 0 0 0 
10	0 1 0 0 1 0 1 0 1 0 
10	0 1 1 0 0 1 0 1 1 0 
10	0 1 1 0 0 1 0 1 1 1 
10	1 0 1 0 0 0 0 1 0 0 
10	1 0 1 1 0 0 1 0 1 1 
10	0 1 0 0 0 1 1 0 1 0 
10	0 0 0 0 0 1 0 1 0 1 
10	1 1 0 0 0 0 1 0 0 1 
10	1 1 1 0 1 1 1 0 1 0 
10	1 1 0 1 1 0 1 0 0 0 
10	1 1 1 0 0 0 1 0 0 1 
10	0 0 0 1 1 1 1 0 1 1 
10	0 0 1 0 0 0 1 1 1 0 
10	1 0 0 0 1 0 1 1 0 1 
10	0 1 1 0 1 1 1 0 1 1 
10	0 1 1 0 0 0 1 0 1 1 
10	0 1 1 1 0 0 0 0 0 1 
10	0 0 1 1 0 1 0 0 0 1 
3	0.666 0.229 0.105 
5	0.01 0.023 0.368 0.339 0.26 
5	0.026 0.01 0.413 0.536 0.015 
5	0.001 0.001 0.992 0.004 0.002 
5	0.376 0.122 0.388 0.094 0.02 
5	0.018 0.852 0.036 0.057 0.037 
5	0.484 0.319 0.089 0.016 0.092 
5	0.02 0.339 0.122 0.1 0.419 
5	0.156 0.17 0.136 0.425 0.113 
5	0.046 0.002 0.005 0.01 0.937 
5	0.003 0.014 0.029 0.026 0.928 
5	0.257 0.376 0.007 0.227 0.133 
5	0.201 0.004 0.309 0.438 0.048 
5	0.002 0.013 0.072 0.07 0.843 
5	0.742 0.139 0.012 0.015 0.092 
5	0.004 0.795 0.007 0.115 0.079 
5	0.298 0.007 0.016 0.013 0.666 
5	0.001 0.46 0.025 0.002 0.512 
5	0.021 0.04 0.927 0.001 0.011 
5	0.013 0.981 0.001 0.004 0.001 
