CAUSAL 
40 
2 2 2 2 2 2 2 2 2 2 2 2 2 2 2 2 2 2 2 2 3 5 5 5 5 5 5 5 5 5 5 5 5 5 5 5 5 5 5 5 
40 
2	20 0 
3	21 0 1 
3	22 0 2 
3	23 2 3 
3	24 2 4 
3	25 4 5 
3	26 4 6 
3	27 6 7 
3	28 6 8 
3	29 8 9 
3	30 8 10 
3	31 10 11 
3	32 10 12 
3	33 12 13 
3	34 12 14 
3	35 14 15 
3	36 14 16 
3	37 16 17 
3	38 16 18 
3	39 18 19 
1	20 
1	21 
1	22 
1	23 
1	24 
1	25 
1	26 
1	27 
1	28 
1	29 
1	30 
1	31 
1	32 
1	33 
1	34 
1	35 
1	36 
1	37 
1	38 
1	39 

3	0 1 0 
10	1 0 1 0 1 0 1 0 0 0 
10	0 1 0 1 1 1 1 1 0 0 
10	1 1 0 0 0 1 1 0 1 0 
10	1 1 0 1 1 1 0 0 0 0 
10	1 1 0 1 0 0 0 0 1 1 
10	0 1 0 0 1 0 0 1 0 0 
10	1 1 0 0 0 1 1 0 1 1 
10	0 1 0 1 1 0 0 0 0 0 
10	1 0 1 0 1 0 0 0 0 0 
10	0 0 1 1 0 1 1 0 1 1 
10	0 1 1 0 0 1 0 0 0 0 
10	0 0 1 1 0 0 0 0 0 0 
10	0 1 1 0 1 0 0 0 1 1 
10	1 1 0 1 0 1 0 1 1 0 
10	0 0 0 1 1 0 0 0 1 1 
10	0 0 0 0 0 1 0 1 1 1 
10	0 1 1 0 0 0 1 0 1 0 
10	1 0 1 1 0 1 0 0 0 1 
10	1 0 0 0 0 1 1 0 1 1 
3	0.332 0.592 0.076 
5	0.05 0.161 0.261 0.21 0.318 
5	0.018 0.766 0.072 0.059 0.085 
5	0.001 0.016 0.014 0.922 0.047 
5	0.761 0.061 0.04 0.012 0.126 
5	0.038 0.65 0.134 0.149 0.029 
5	0.116 0.704 0.072 0.104 0.004 
5	0.009 0.002 0.05 0.891 0.048 
5	0.355 0.014 0.322 0.254 0.055 
5	0.302 0.002 0.003 0.358 0.335 
5	0.014 0.031 0.724 0.183 0.048 
5	0.385 0.002 0.059 0.402 0.152 
5	0.006 0.8 0.013 0.077 0.104 
5	0.011 0.011 0.31 0.046 0.622 
5	0.119 0.035 0.015 0.047 0.784 
5	0.055 0.167 0.051 0.472 0.255 
5	0.025 0.596 0.022 0.068 0.289 
5	0.038 0.031 0.673 0.056 0.202 
5	0.065 0.157 0.305 0.471 0.002 
5	0.34 0.474 0.134 0.034 0.018 
