CAUSAL 
40 
2 2 2 2 2 2 2 2 2 2 2 2 2 2 2 2 2 2 2 2 3 5 5 5 5 5 5 5 5 5 5 5 5 5 5 5 5 5 5 5 
40 
2	20 0 
3	21 0 1 
3	22 0 2 
3	23 2 3 
3	24 2 4 
3	25 4 5 
3	26 4 6 
3	27 6 7 
3	28 6 8 
3	29 8 9 
3	30 8 10 
3	31 10 11 
3	32 10 12 
3	33 12 13 
3	34 12 14 
3	35 14 15 
3	36 14 16 
3	37 16 17 
3	38 16 18 
3	39 18 19 
1	20 
1	21 
1	22 
1	23 
1	24 
1	25 
1	26 
1	27 
1	28 
1	29 
1	30 
1	31 
1	32 
1	33 
1	34 
1	35 
1	36 
1	37 
1	38 
1	39 

3	1 0 1 
10	1 1 1 1 0 1 1 0 1 0 
10	0 1 0 1 0 1 0 1 0 1 
10	0 0 0 1 1 0 1 1 1 0 
10	0 1 0 1 1 0 0 0 0 1 
10	0 0 0 1 0 1 1 0 0 0 
10	0 0 0 0 1 0 0 1 1 0 
10	1 0 1 1 1 1 0 1 0 0 
10	0 0 1 1 0 0 0 1 0 1 
10	0 0 0 0 1 0 1 0 1 0 
10	0 1 0 1 1 0 1 0 1 0 
10	0 0 0 1 1 1 0 0 1 0 
10	1 0 1 0 1 0 0 0 1 1 
10	0 1 1 0 1 1 1 0 1 1 
10	1 0 0 1 0 1 1 1 0 1 
10	0 0 1 0 0 1 0 1 1 1 
10	0 0 0 0 1 1 1 0 0 0 
10	1 0 0 0 1 1 1 1 0 0 
10	0 1 1 1 0 1 0 1 1 0 
10	0 0 1 0 1 0 1 1 0 1 
3	0.615 0.312 0.073 
5	0.02 0.283 0.108 0.037 0.552 
5	0.003 0.283 0.014 0.016 0.684 
5	0.989 0.005 0.002 0.003 0.001 
5	0.014 0.008 0.701 0.032 0.245 
5	0.059 0.028 0.811 0.024 0.078 
5	0.013 0.004 0.021 0.01 0.952 
5	0.054 0.472 0.005 0.349 0.12 
5	0.665 0.063 0.195 0.058 0.019 
5	0.254 0.12 0.577 0.008 0.041 
5	0.369 0.138 0.179 0.115 0.199 
5	0.012 0.413 0.35 0.2 0.025 
5	0.001 0.387 0.525 0.075 0.012 
5	0.144 0.028 0.621 0.149 0.058 
5	0.162 0.017 0.126 0.677 0.018 
5	0.092 0.213 0.039 0.517 0.139 
5	0.01 0.048 0.369 0.292 0.281 
5	0.062 0.018 0.67 0.247 0.003 
5	0.013 0.581 0.014 0.004 0.388 
5	0.004 0.011 0.81 0.043 0.132 
