CAUSAL 
28 
2 2 2 2 2 2 2 2 2 2 2 2 2 2 3 5 5 5 5 5 5 5 5 5 5 5 5 5 
28 
2	14 0 
3	15 0 1 
3	16 0 2 
3	17 2 3 
3	18 2 4 
3	19 4 5 
3	20 4 6 
3	21 6 7 
3	22 6 8 
3	23 8 9 
3	24 8 10 
3	25 10 11 
3	26 10 12 
3	27 12 13 
1	14 
1	15 
1	16 
1	17 
1	18 
1	19 
1	20 
1	21 
1	22 
1	23 
1	24 
1	25 
1	26 
1	27 

3	0 1 1 
10	0 1 0 1 1 0 1 1 0 0 
10	1 1 0 0 0 0 1 1 1 0 
10	0 1 1 1 1 0 0 1 0 1 
10	1 0 1 0 1 1 0 1 1 0 
10	1 1 1 0 0 1 1 1 1 1 
10	0 0 0 0 1 0 0 1 0 0 
10	1 0 0 0 1 0 1 0 1 0 
10	1 0 1 1 0 0 1 1 0 0 
10	1 1 0 0 0 0 0 0 0 0 
10	1 0 0 0 0 1 1 0 1 0 
10	0 0 1 1 0 0 1 0 1 1 
10	1 1 0 0 0 1 1 1 1 0 
10	0 1 0 1 0 0 1 1 0 1 
3	0.029 0.826 0.145 
5	0.007 0.29 0.355 0.11 0.238 
5	0.536 0.109 0.002 0.285 0.068 
5	0.185 0.022 0.013 0.687 0.093 
5	0.43 0.005 0.382 0.174 0.009 
5	0.012 0.002 0.461 0.261 0.264 
5	0.94 0.001 0.008 0.01 0.041 
5	0.064 0.539 0.191 0.046 0.16 
5	0.271 0.021 0.055 0.289 0.364 
5	0.087 0.057 0.144 0.576 0.136 
5	0.138 0.003 0.031 0.823 0.005 
5	0.134 0.01 0.007 0.009 0.84 
5	0.151 0.072 0.085 0.629 0.063 
5	0.46 0.12 0.061 0.083 0.276 
