CAUSAL 
28 
2 2 2 2 2 2 2 2 2 2 2 2 2 2 3 5 5 5 5 5 5 5 5 5 5 5 5 5 
28 
2	14 0 
3	15 0 1 
3	16 0 2 
3	17 2 3 
3	18 2 4 
3	19 4 5 
3	20 4 6 
3	21 6 7 
3	22 6 8 
3	23 8 9 
3	24 8 10 
3	25 10 11 
3	26 10 12 
3	27 12 13 
1	14 
1	15 
1	16 
1	17 
1	18 
1	19 
1	20 
1	21 
1	22 
1	23 
1	24 
1	25 
1	26 
1	27 

3	1 1 0 
10	1 0 0 0 0 0 0 1 1 1 
10	0 0 0 0 0 1 0 0 0 1 
10	0 1 0 1 0 1 0 1 0 0 
10	0 0 0 1 0 1 1 0 1 1 
10	0 1 1 1 0 1 0 0 0 1 
10	0 1 1 1 0 1 1 0 0 0 
10	1 0 0 0 1 1 0 0 1 0 
10	0 0 0 0 1 1 0 0 1 1 
10	0 0 1 1 0 1 0 0 1 0 
10	0 0 0 0 0 0 0 1 1 0 
10	0 0 0 0 1 1 1 0 0 0 
10	0 1 1 0 0 1 0 0 0 0 
10	1 0 1 0 1 0 0 1 1 0 
3	0.015 0.298 0.687 
5	0.04 0.309 0.53 0.105 0.016 
5	0.497 0.033 0.001 0.166 0.303 
5	0.693 0.003 0.047 0.238 0.019 
5	0.068 0.173 0.08 0.672 0.007 
5	0.048 0.011 0.023 0.007 0.911 
5	0.059 0.593 0.079 0.117 0.152 
5	0.626 0.142 0.018 0.14 0.074 
5	0.171 0.558 0.154 0.105 0.012 
5	0.404 0.003 0.271 0.321 0.001 
5	0.008 0.57 0.157 0.084 0.181 
5	0.017 0.024 0.12 0.002 0.837 
5	0.379 0.051 0.244 0.193 0.133 
5	0.07 0.478 0.236 0.069 0.147 
