CAUSAL 
40 
2 2 2 2 2 2 2 2 2 2 2 2 2 2 2 2 2 2 2 2 3 5 5 5 5 5 5 5 5 5 5 5 5 5 5 5 5 5 5 5 
40 
2	20 0 
3	21 0 1 
3	22 0 2 
3	23 2 3 
3	24 2 4 
3	25 4 5 
3	26 4 6 
3	27 6 7 
3	28 6 8 
3	29 8 9 
3	30 8 10 
3	31 10 11 
3	32 10 12 
3	33 12 13 
3	34 12 14 
3	35 14 15 
3	36 14 16 
3	37 16 17 
3	38 16 18 
3	39 18 19 
1	20 
1	21 
1	22 
1	23 
1	24 
1	25 
1	26 
1	27 
1	28 
1	29 
1	30 
1	31 
1	32 
1	33 
1	34 
1	35 
1	36 
1	37 
1	38 
1	39 

3	1 1 0 
10	0 1 0 0 0 0 0 1 1 1 
10	0 1 0 1 0 0 0 1 0 0 
10	1 1 1 1 1 1 0 0 0 1 
10	0 1 0 1 0 0 1 0 0 1 
10	1 1 0 1 0 0 1 0 1 0 
10	0 1 0 0 0 0 0 0 0 1 
10	1 0 0 1 0 1 0 0 1 1 
10	0 0 0 0 0 0 1 1 1 0 
10	0 0 1 1 0 0 0 1 0 1 
10	1 0 1 0 1 0 0 0 0 0 
10	1 0 0 1 1 1 1 0 1 1 
10	0 0 0 1 1 1 0 1 0 0 
10	0 0 1 0 1 1 1 1 0 0 
10	1 1 0 1 0 1 1 0 0 1 
10	1 1 0 1 0 1 1 0 0 1 
10	0 0 1 1 0 0 1 0 0 1 
10	1 0 1 0 0 1 1 1 1 1 
10	0 1 0 1 0 0 0 1 1 0 
10	0 1 1 1 1 0 0 0 1 1 
3	0.865 0.004 0.131 
5	0.009 0.252 0.247 0.363 0.129 
5	0.115 0.346 0.199 0.005 0.335 
5	0.007 0.109 0.232 0.553 0.099 
5	0.034 0.173 0.409 0.342 0.042 
5	0.226 0.062 0.003 0.251 0.458 
5	0.456 0.059 0.068 0.05 0.367 
5	0.006 0.023 0.784 0.175 0.012 
5	0.036 0.073 0.046 0.817 0.028 
5	0.001 0.916 0.038 0.028 0.017 
5	0.243 0.037 0.032 0.11 0.578 
5	0.021 0.102 0.016 0.736 0.125 
5	0.019 0.003 0.107 0.457 0.414 
5	0.018 0.125 0.683 0.017 0.157 
5	0.705 0.024 0.041 0.137 0.093 
5	0.006 0.101 0.863 0.008 0.022 
5	0.445 0.15 0.127 0.141 0.137 
5	0.072 0.294 0.084 0.092 0.458 
5	0.025 0.049 0.28 0.158 0.488 
5	0.016 0.077 0.842 0.017 0.048 
