CAUSAL 
40 
2 2 2 2 2 2 2 2 2 2 2 2 2 2 2 2 2 2 2 2 3 5 5 5 5 5 5 5 5 5 5 5 5 5 5 5 5 5 5 5 
40 
2	20 0 
3	21 0 1 
3	22 0 2 
3	23 2 3 
3	24 2 4 
3	25 4 5 
3	26 4 6 
3	27 6 7 
3	28 6 8 
3	29 8 9 
3	30 8 10 
3	31 10 11 
3	32 10 12 
3	33 12 13 
3	34 12 14 
3	35 14 15 
3	36 14 16 
3	37 16 17 
3	38 16 18 
3	39 18 19 
1	20 
1	21 
1	22 
1	23 
1	24 
1	25 
1	26 
1	27 
1	28 
1	29 
1	30 
1	31 
1	32 
1	33 
1	34 
1	35 
1	36 
1	37 
1	38 
1	39 

3	1 0 1 
10	0 0 1 1 1 1 0 0 0 1 
10	1 1 0 1 0 0 0 0 0 1 
10	1 1 1 0 0 0 1 0 0 1 
10	0 1 1 1 1 1 0 1 1 0 
10	1 0 1 1 0 0 1 0 1 1 
10	1 0 0 0 0 0 0 0 1 0 
10	1 1 1 0 0 1 0 1 0 0 
10	0 1 0 0 0 0 0 0 1 0 
10	1 0 0 0 1 1 1 1 0 1 
10	0 1 1 1 0 0 1 1 1 0 
10	1 0 1 1 0 1 0 0 0 1 
10	0 0 1 1 1 1 0 0 0 1 
10	1 1 0 0 1 0 0 1 1 1 
10	1 1 0 0 1 1 1 0 0 0 
10	1 0 1 1 0 0 0 0 0 0 
10	1 1 1 0 1 1 0 0 1 1 
10	1 1 0 0 0 1 0 0 0 1 
10	0 0 1 1 0 1 1 0 0 1 
10	0 0 0 0 1 0 1 0 1 0 
3	0.489 0.007 0.504 
5	0.332 0.561 0.019 0.086 0.002 
5	0.822 0.006 0.025 0.143 0.004 
5	0.071 0.288 0.007 0.139 0.495 
5	0.196 0.087 0.311 0.112 0.294 
5	0.21 0.027 0.1 0.186 0.477 
5	0.177 0.75 0.004 0.016 0.053 
5	0.01 0.024 0.674 0.067 0.225 
5	0.085 0.237 0.32 0.047 0.311 
5	0.076 0.07 0.03 0.811 0.013 
5	0.103 0.608 0.257 0.005 0.027 
5	0.104 0.747 0.066 0.077 0.006 
5	0.011 0.308 0.114 0.562 0.005 
5	0.014 0.049 0.235 0.006 0.696 
5	0.014 0.054 0.266 0.638 0.028 
5	0.542 0.147 0.065 0.201 0.045 
5	0.174 0.026 0.582 0.068 0.15 
5	0.097 0.016 0.064 0.006 0.817 
5	0.04 0.03 0.296 0.159 0.475 
5	0.287 0.034 0.021 0.152 0.506 
