CAUSAL 
28 
2 2 2 2 2 2 2 2 2 2 2 2 2 2 3 5 5 5 5 5 5 5 5 5 5 5 5 5 
28 
2	14 0 
3	15 0 1 
3	16 0 2 
3	17 2 3 
3	18 2 4 
3	19 4 5 
3	20 4 6 
3	21 6 7 
3	22 6 8 
3	23 8 9 
3	24 8 10 
3	25 10 11 
3	26 10 12 
3	27 12 13 
1	14 
1	15 
1	16 
1	17 
1	18 
1	19 
1	20 
1	21 
1	22 
1	23 
1	24 
1	25 
1	26 
1	27 

3	0 0 1 
10	0 1 0 1 1 0 0 0 1 1 
10	0 0 0 1 0 1 0 0 0 1 
10	1 0 1 1 0 0 0 0 1 0 
10	1 0 1 1 0 1 0 0 1 1 
10	1 0 0 1 1 1 1 1 0 0 
10	1 1 1 1 0 0 0 1 0 1 
10	1 1 0 0 1 0 1 0 1 1 
10	0 0 0 0 1 1 1 1 1 0 
10	1 0 1 0 1 0 1 1 0 1 
10	0 0 1 0 0 0 0 1 1 1 
10	1 0 0 0 0 1 1 1 0 1 
10	1 1 1 0 0 0 0 0 1 0 
10	0 1 1 1 0 0 1 0 1 1 
3	0.054 0.13 0.816 
5	0.006 0.645 0.047 0.022 0.28 
5	0.006 0.013 0.111 0.063 0.807 
5	0.117 0.013 0.862 0.002 0.006 
5	0.005 0.451 0.012 0.003 0.529 
5	0.754 0.023 0.012 0.057 0.154 
5	0.05 0.005 0.293 0.55 0.102 
5	0.578 0.137 0.039 0.154 0.092 
5	0.802 0.019 0.158 0.015 0.006 
5	0.677 0.007 0.279 0.005 0.032 
5	0.037 0.672 0.171 0.065 0.055 
5	0.296 0.086 0.127 0.16 0.331 
5	0.022 0.015 0.284 0.002 0.677 
5	0.027 0.836 0.098 0.007 0.032 
