CAUSAL 
28 
2 2 2 2 2 2 2 2 2 2 2 2 2 2 3 5 5 5 5 5 5 5 5 5 5 5 5 5 
28 
2	14 0 
3	15 0 1 
3	16 0 2 
3	17 2 3 
3	18 2 4 
3	19 4 5 
3	20 4 6 
3	21 6 7 
3	22 6 8 
3	23 8 9 
3	24 8 10 
3	25 10 11 
3	26 10 12 
3	27 12 13 
1	14 
1	15 
1	16 
1	17 
1	18 
1	19 
1	20 
1	21 
1	22 
1	23 
1	24 
1	25 
1	26 
1	27 

3	1 0 0 
10	1 0 0 1 1 1 0 1 1 1 
10	1 1 1 0 1 0 1 1 0 0 
10	0 1 1 1 0 0 0 0 1 0 
10	0 1 1 1 0 1 1 1 1 0 
10	0 1 0 0 0 0 0 0 1 1 
10	0 0 0 0 1 0 0 0 1 1 
10	1 1 0 1 0 1 1 0 1 0 
10	1 1 0 1 1 1 0 1 1 0 
10	1 1 1 0 0 0 1 1 0 0 
10	0 1 0 0 1 1 1 1 1 1 
10	1 0 0 0 1 1 0 0 0 0 
10	0 1 1 1 0 1 1 1 1 0 
10	0 1 1 0 0 1 0 0 0 1 
3	0.78 0.011 0.209 
5	0.502 0.348 0.076 0.05 0.024 
5	0.004 0.967 0.013 0.007 0.009 
5	0.047 0.51 0.074 0.207 0.162 
5	0.129 0.09 0.207 0.565 0.009 
5	0.326 0.067 0.155 0.084 0.368 
5	0.076 0.034 0.068 0.154 0.668 
5	0.183 0.163 0.539 0.008 0.107 
5	0.228 0.499 0.005 0.125 0.143 
5	0.008 0.192 0.782 0.012 0.006 
5	0.875 0.018 0.08 0.021 0.006 
5	0.009 0.239 0.606 0.063 0.083 
5	0.019 0.957 0.003 0.011 0.01 
5	0.074 0.008 0.359 0.469 0.09 
