CAUSAL 
28 
2 2 2 2 2 2 2 2 2 2 2 2 2 2 3 5 5 5 5 5 5 5 5 5 5 5 5 5 
28 
2	14 0 
3	15 0 1 
3	16 0 2 
3	17 2 3 
3	18 2 4 
3	19 4 5 
3	20 4 6 
3	21 6 7 
3	22 6 8 
3	23 8 9 
3	24 8 10 
3	25 10 11 
3	26 10 12 
3	27 12 13 
1	14 
1	15 
1	16 
1	17 
1	18 
1	19 
1	20 
1	21 
1	22 
1	23 
1	24 
1	25 
1	26 
1	27 

3	1 0 0 
10	0 0 1 0 1 0 1 1 0 1 
10	0 1 1 1 1 1 0 0 1 1 
10	1 1 1 1 1 1 1 1 1 0 
10	1 1 1 0 1 0 1 0 1 1 
10	1 0 0 0 0 0 1 1 1 0 
10	1 1 0 1 0 1 1 0 1 1 
10	1 0 1 1 0 0 1 1 1 0 
10	0 1 0 0 0 1 1 1 0 1 
10	1 0 1 0 0 0 0 0 0 1 
10	1 1 1 0 1 0 1 0 0 0 
10	0 0 0 0 1 1 1 1 1 1 
10	0 1 1 1 1 0 1 0 0 0 
10	0 0 1 1 0 1 1 0 1 0 
3	0.064 0.008 0.928 
5	0.21 0.38 0.106 0.296 0.008 
5	0.013 0.494 0.092 0.063 0.338 
5	0.093 0.82 0.002 0.015 0.07 
5	0.919 0.01 0.038 0.013 0.02 
5	0.835 0.007 0.027 0.004 0.127 
5	0.14 0.021 0.494 0.241 0.104 
5	0.25 0.039 0.033 0.659 0.019 
5	0.74 0.019 0.09 0.033 0.118 
5	0.197 0.012 0.36 0.054 0.377 
5	0.146 0.16 0.223 0.442 0.029 
5	0.078 0.148 0.101 0.081 0.592 
5	0.831 0.036 0.033 0.087 0.013 
5	0.916 0.017 0.008 0.056 0.003 
