CAUSAL 
36 
2 2 2 2 2 2 2 2 2 2 2 2 2 2 2 2 2 2 2 2 9 9 9 9 9 3 5 5 5 5 5 5 5 5 5 5 
36 
2	25 0 
3	22 0 1 
3	22 0 2 
3	26 2 3 
3	21 2 4 
3	20 4 5 
4	21 20 4 6 
3	27 6 7 
3	28 6 8 
3	29 8 9 
3	30 8 10 
3	31 10 11 
3	24 10 12 
3	24 12 13 
3	32 12 14 
3	33 14 15 
3	23 14 16 
3	23 16 17 
3	34 16 18 
3	35 18 19 
1	20 
1	21 
1	22 
1	23 
1	24 
1	25 
1	26 
1	27 
1	28 
1	29 
1	30 
1	31 
1	32 
1	33 
1	34 
1	35 

3	0 0 1 
18	0 0 1 1 0 1 1 0 1 1 1 1 0 1 0 0 1 1 
18	0 0 1 1 1 0 0 0 0 0 1 0 1 0 1 0 1 0 
10	0 1 0 1 0 0 0 0 1 0 
18	1 1 0 1 1 0 1 0 0 1 1 0 1 1 0 0 0 1 
18	0 1 1 0 0 1 1 1 0 1 0 0 0 0 1 0 1 0 
162	0 0 0 0 1 0 1 1 1 1 0 1 1 0 0 1 1 1 1 0 1 0 0 1 1 1 1 0 0 0 0 1 0 1 1 1 0 0 1 0 0 1 1 1 1 1 1 1 1 1 1 0 0 0 1 1 1 0 1 1 0 0 1 0 1 1 1 0 1 1 0 1 1 0 0 1 1 1 1 0 0 1 0 1 1 0 1 0 0 0 0 1 0 0 0 0 0 1 1 1 1 0 0 1 1 0 1 1 1 0 0 1 0 1 1 1 0 0 1 0 1 0 1 0 0 0 1 1 0 1 1 1 1 1 0 1 1 1 1 0 1 0 1 1 0 1 0 0 0 0 1 1 1 1 0 1 1 0 1 0 1 0 
10	1 0 1 1 1 1 0 1 0 1 
10	0 1 0 1 1 1 0 1 1 0 
10	1 1 1 1 0 0 1 1 0 1 
10	1 0 0 0 0 1 1 0 0 1 
10	1 0 0 1 0 0 1 1 0 1 
18	0 1 0 1 1 1 0 1 1 0 1 1 1 1 1 1 0 0 
18	0 1 0 0 1 1 0 0 1 0 1 0 0 0 0 1 1 0 
10	1 1 1 0 0 0 1 0 0 1 
10	1 0 0 0 1 0 0 0 0 1 
18	1 1 0 1 1 0 1 0 1 1 0 1 0 1 1 0 1 0 
18	1 1 0 0 0 1 0 1 1 1 0 0 1 1 0 1 0 1 
10	0 1 1 1 0 0 0 0 1 0 
10	1 1 0 0 0 1 0 1 1 1 
9	0.881 0.002 0.044 0.009 0.007 0.001 0.002 0.053 0.001 
9	0.798 0.076 0.021 0.003 0.002 0.05 0.041 0.007 0.002 
9	0.006 0.238 0.541 0.081 0.001 0.063 0.024 0.031 0.015 
9	0.001 0.002 0.057 0.702 0.097 0.001 0.008 0.002 0.13 
9	0.002 0.242 0.047 0.493 0.05 0.017 0.147 0.001 0.001 
3	0.037 0.851 0.112 
5	0.934 0.008 0.007 0.036 0.015 
5	0.015 0.136 0.025 0.813 0.011 
5	0.007 0.069 0.022 0.827 0.075 
5	0.152 0.021 0.148 0.4 0.279 
5	0.034 0.014 0.051 0.306 0.595 
5	0.044 0.083 0.563 0.152 0.158 
5	0.806 0.008 0.001 0.021 0.164 
5	0.215 0.193 0.481 0.02 0.091 
5	0.114 0.061 0.005 0.795 0.025 
5	0.017 0.013 0.002 0.666 0.302 
