CAUSAL 
35 
2 2 2 2 2 2 2 2 2 2 2 2 2 2 2 2 2 2 2 2 17 9 9 9 9 9 5 5 5 5 5 5 5 5 5 
35 
2	25 0 
3	24 0 1 
3	24 0 2 
4	25 22 2 3 
3	22 2 4 
3	26 4 5 
3	27 4 6 
3	21 6 7 
3	21 6 8 
3	23 8 9 
3	23 8 10 
3	28 10 11 
3	20 10 12 
3	29 12 13 
3	30 12 14 
3	20 14 15 
3	31 14 16 
3	32 16 17 
3	33 16 18 
3	34 18 19 
1	20 
1	21 
1	22 
1	23 
1	24 
1	25 
1	26 
1	27 
1	28 
1	29 
1	30 
1	31 
1	32 
1	33 
1	34 

9	0 1 1 1 1 0 0 1 1 
18	1 0 1 1 1 1 1 0 1 0 0 0 0 0 0 0 0 0 
18	1 0 0 0 1 0 0 0 0 1 0 1 1 0 1 0 0 0 
162	0 1 0 1 0 1 1 1 1 0 1 1 1 0 1 1 0 0 0 1 0 1 0 1 0 0 0 1 1 1 0 0 0 0 1 0 1 1 0 1 1 1 0 0 0 0 0 0 1 1 1 1 1 1 1 1 1 1 0 0 0 0 1 1 0 1 1 0 0 1 0 0 0 0 1 1 0 0 1 1 1 0 0 0 1 1 1 0 0 0 0 0 0 1 0 0 0 1 0 1 1 0 1 1 0 0 1 1 1 0 1 0 1 1 0 0 1 0 0 0 1 0 0 0 1 1 0 1 1 0 1 1 0 0 0 1 0 1 0 0 1 1 1 1 0 0 0 1 0 0 0 1 1 1 1 0 0 0 1 0 0 1 
18	1 1 0 0 1 0 0 1 0 0 1 0 1 0 1 0 0 0 
10	0 1 0 0 1 1 1 1 1 1 
10	0 1 0 0 0 1 0 1 1 0 
18	0 1 0 0 1 0 1 1 0 0 0 0 0 0 0 1 0 1 
18	1 1 1 1 0 0 1 0 0 1 0 1 1 1 0 1 0 1 
18	1 0 1 1 1 1 0 0 1 0 0 1 0 0 0 1 1 0 
18	0 1 1 1 0 0 0 0 0 1 1 1 0 1 0 0 0 1 
10	1 1 0 1 1 1 0 1 0 1 
34	0 1 1 0 1 0 1 1 0 0 0 1 0 1 1 0 1 0 1 0 1 0 0 0 1 0 1 1 1 0 0 1 1 0 
10	0 0 0 0 0 1 0 1 1 1 
10	1 1 0 1 1 1 0 0 0 0 
34	1 0 0 0 0 1 1 1 0 0 0 1 0 0 1 0 1 0 0 1 1 0 1 1 0 1 1 0 0 0 1 1 1 0 
10	0 1 1 1 1 1 1 0 0 0 
10	1 1 0 1 1 1 1 1 0 1 
10	0 1 1 1 0 0 1 0 0 0 
10	1 0 1 1 0 1 1 0 1 0 
17	0.002 0.001 0.296 0.002 0.001 0.001 0.032 0.001 0.001 0.001 0.52 0.001 0.001 0.001 0.001 0.041 0.097 
9	0.043 0.001 0.002 0.028 0.066 0.091 0.006 0.761 0.002 
9	0.001 0.675 0.002 0.005 0.001 0.298 0.002 0.015 0.001 
9	0.032 0.012 0.023 0.045 0.854 0.001 0.028 0.004 0.001 
9	0.328 0.01 0.043 0.478 0.029 0.012 0.043 0.015 0.042 
9	0.001 0.044 0.14 0.001 0.003 0.589 0.173 0.044 0.005 
5	0.252 0.041 0.059 0.629 0.019 
5	0.29 0.207 0.348 0.085 0.07 
5	0.019 0.101 0.164 0.683 0.033 
5	0.11 0.069 0.367 0.106 0.348 
5	0.028 0.28 0.241 0.086 0.365 
5	0.733 0.035 0.121 0.053 0.058 
5	0.197 0.148 0.236 0.202 0.217 
5	0.402 0.131 0.428 0.022 0.017 
5	0.018 0.874 0.072 0.033 0.003 
