CAUSAL 
37 
2 2 2 2 2 2 2 2 2 2 2 2 2 2 2 2 2 2 2 2 17 9 9 9 3 5 5 5 5 5 5 5 5 5 5 5 5 
37 
2	24 0 
3	25 0 1 
3	26 0 2 
3	27 2 3 
3	28 2 4 
3	29 4 5 
3	20 4 6 
3	30 6 7 
3	31 6 8 
3	20 8 9 
3	21 8 10 
3	21 10 11 
3	32 10 12 
3	33 12 13 
3	34 12 14 
3	23 14 15 
4	23 22 14 16 
3	22 16 17 
3	35 16 18 
3	36 18 19 
1	20 
1	21 
1	22 
1	23 
1	24 
1	25 
1	26 
1	27 
1	28 
1	29 
1	30 
1	31 
1	32 
1	33 
1	34 
1	35 
1	36 

3	0 1 1 
10	1 1 1 0 1 1 1 1 0 0 
10	1 1 0 1 0 1 0 1 1 0 
10	0 0 0 1 1 1 0 1 1 1 
10	1 1 0 1 0 1 0 1 1 1 
10	0 1 0 1 1 1 1 0 1 0 
34	0 0 0 1 1 1 0 1 0 0 0 1 1 0 0 0 0 1 1 1 0 1 0 1 1 1 1 0 1 0 0 0 0 1 
10	0 1 0 0 0 1 0 1 1 1 
10	0 1 0 1 0 0 0 1 0 1 
34	0 1 0 1 0 0 0 0 1 0 1 1 0 1 0 0 0 0 0 1 1 1 1 0 1 1 0 0 0 1 1 1 0 1 
18	1 0 1 0 0 1 0 1 1 1 0 0 1 0 0 1 1 1 
18	1 1 1 1 0 1 0 1 1 1 1 1 0 0 0 1 0 1 
10	1 0 1 0 1 0 0 0 0 0 
10	0 1 1 1 0 0 0 0 1 0 
10	0 1 1 0 0 0 1 0 0 1 
18	1 1 0 0 0 1 1 1 1 0 1 1 1 1 0 0 1 1 
162	0 1 0 1 0 0 0 1 1 1 1 1 0 0 1 1 1 1 1 1 1 0 1 1 0 1 1 1 0 0 1 1 0 1 0 1 1 1 1 0 1 1 0 1 0 1 1 1 1 0 1 0 0 0 1 1 0 0 0 0 1 1 0 1 1 0 1 1 1 0 0 1 0 0 0 1 0 0 1 0 1 1 0 1 1 1 1 1 0 1 1 0 1 1 0 0 1 0 1 1 0 0 1 0 0 1 1 0 1 1 1 0 0 0 1 0 1 1 1 0 1 1 0 0 1 0 0 1 0 1 0 1 0 1 1 0 0 0 0 0 1 1 1 1 1 0 0 1 1 0 0 1 1 0 1 1 1 0 0 1 1 1 
18	1 1 0 1 1 0 0 1 1 0 1 0 1 1 0 0 1 0 
10	1 1 1 1 0 0 1 1 0 1 
10	1 1 1 1 0 1 0 0 0 0 
17	0.002 0.001 0.082 0.002 0.028 0.005 0.001 0.241 0.001 0.009 0.616 0.004 0.001 0.002 0.001 0.002 0.002 
9	0.002 0.212 0.006 0.103 0.173 0.004 0.492 0.001 0.007 
9	0.228 0.017 0.392 0.015 0.004 0.02 0.008 0.161 0.155 
9	0.047 0.064 0.028 0.03 0.795 0.002 0.005 0.01 0.019 
3	0.703 0.01 0.287 
5	0.465 0.388 0.003 0.115 0.029 
5	0.463 0.213 0.079 0.187 0.058 
5	0.266 0.018 0.051 0.008 0.657 
5	0.02 0.265 0.029 0.398 0.288 
5	0.002 0.003 0.931 0.062 0.002 
5	0.086 0.001 0.003 0.532 0.378 
5	0.426 0.064 0.044 0.147 0.319 
5	0.459 0.197 0.066 0.102 0.176 
5	0.752 0.199 0.01 0.027 0.012 
5	0.123 0.104 0.32 0.301 0.152 
5	0.027 0.047 0.082 0.312 0.532 
5	0.47 0.112 0.031 0.003 0.384 
