CAUSAL 
37 
2 2 2 2 2 2 2 2 2 2 2 2 2 2 2 2 2 2 2 2 9 9 9 9 5 5 5 5 5 5 5 5 5 5 5 5 5 
37 
2	21 0 
3	24 0 1 
3	23 0 2 
3	25 2 3 
4	23 21 2 4 
3	26 4 5 
3	27 4 6 
3	28 6 7 
3	20 6 8 
3	20 8 9 
3	29 8 10 
3	30 10 11 
3	31 10 12 
3	22 12 13 
3	22 12 14 
3	32 14 15 
3	33 14 16 
3	34 16 17 
3	35 16 18 
3	36 18 19 
1	20 
1	21 
1	22 
1	23 
1	24 
1	25 
1	26 
1	27 
1	28 
1	29 
1	30 
1	31 
1	32 
1	33 
1	34 
1	35 
1	36 

9	1 0 1 1 1 0 1 0 1 
10	0 0 1 1 0 1 0 1 1 1 
18	1 0 1 1 1 1 1 1 0 1 1 1 0 0 1 0 1 0 
10	0 1 0 1 1 1 1 1 0 0 
162	0 1 0 1 0 1 0 1 0 1 0 0 0 1 0 0 1 1 0 0 1 1 0 1 1 1 0 1 1 0 0 1 1 1 0 1 1 0 1 0 1 1 0 1 1 1 1 1 1 1 1 1 0 1 1 1 1 0 0 0 1 0 1 0 0 1 0 0 1 0 1 0 1 1 1 0 0 1 1 0 0 0 1 0 0 1 1 0 1 0 0 1 1 0 0 0 0 1 1 0 0 0 1 0 1 0 0 0 1 0 1 0 1 1 1 1 1 1 0 1 0 0 0 1 0 1 0 1 0 0 1 1 1 1 0 1 1 0 0 0 0 0 1 1 1 1 1 0 0 0 1 0 1 1 1 0 1 1 1 1 1 0 
10	0 1 0 0 0 1 0 0 1 0 
10	0 1 1 1 1 1 0 0 0 0 
10	0 0 0 1 1 0 0 1 0 0 
18	1 0 1 1 1 1 1 1 1 1 0 0 0 1 0 1 1 0 
18	1 0 0 1 1 0 0 0 0 0 0 1 1 0 1 1 1 1 
10	0 0 0 1 1 1 1 1 1 0 
10	0 0 1 0 0 0 0 0 0 0 
10	0 0 1 0 1 1 1 1 0 1 
18	1 0 1 1 1 0 1 0 1 1 0 0 0 0 0 0 1 1 
18	0 0 1 1 0 0 1 0 1 0 1 1 1 1 0 1 1 0 
10	0 0 1 1 1 0 0 0 1 1 
10	1 1 0 1 1 0 1 0 0 1 
10	0 0 0 0 0 1 1 1 0 1 
10	1 1 1 1 0 0 1 0 0 1 
10	1 1 0 1 1 0 0 1 0 1 
9	0.03 0.004 0.24 0.016 0.086 0.044 0.524 0.007 0.049 
9	0.001 0.001 0.003 0.017 0.002 0.004 0.15 0.014 0.808 
9	0.066 0.102 0.04 0.139 0.002 0.001 0.004 0.614 0.032 
9	0.002 0.001 0.669 0.04 0.256 0.005 0.007 0.009 0.011 
5	0.247 0.059 0.238 0.267 0.189 
5	0.122 0.064 0.137 0.576 0.101 
5	0.45 0.002 0.093 0.043 0.412 
5	0.028 0.404 0.312 0.006 0.25 
5	0.006 0.128 0.82 0.038 0.008 
5	0.572 0.039 0.102 0.01 0.277 
5	0.188 0.063 0.167 0.34 0.242 
5	0.003 0.983 0.004 0.004 0.006 
5	0.01 0.059 0.829 0.1 0.002 
5	0.003 0.02 0.181 0.102 0.694 
5	0.004 0.832 0.06 0.019 0.085 
5	0.469 0.085 0.029 0.051 0.366 
5	0.041 0.175 0.1 0.527 0.157 
