CAUSAL 
36 
2 2 2 2 2 2 2 2 2 2 2 2 2 2 2 2 2 2 2 2 9 9 9 9 9 3 5 5 5 5 5 5 5 5 5 5 
36 
2	25 0 
3	26 0 1 
3	23 0 2 
3	27 2 3 
3	23 2 4 
3	28 4 5 
3	24 4 6 
3	24 6 7 
3	29 6 8 
3	22 8 9 
3	22 8 10 
3	30 10 11 
3	20 10 12 
3	31 12 13 
4	21 20 12 14 
3	21 14 15 
3	32 14 16 
3	33 16 17 
3	34 16 18 
3	35 18 19 
1	20 
1	21 
1	22 
1	23 
1	24 
1	25 
1	26 
1	27 
1	28 
1	29 
1	30 
1	31 
1	32 
1	33 
1	34 
1	35 

3	1 1 0 
10	0 0 1 1 0 0 1 0 1 0 
18	1 0 1 1 0 1 1 0 0 0 1 1 0 0 1 0 1 0 
10	1 0 1 1 0 0 1 1 0 0 
18	0 1 1 1 0 0 0 1 1 1 1 1 0 0 0 0 1 1 
10	0 0 0 0 1 0 1 1 0 0 
18	1 1 1 1 0 0 1 1 0 1 1 1 1 1 1 0 0 1 
18	1 0 1 0 0 0 1 0 1 0 1 1 1 0 0 0 1 0 
10	1 0 0 1 1 0 1 0 0 0 
18	1 1 0 0 0 0 0 0 1 1 1 0 0 0 0 1 1 0 
18	0 1 0 1 1 0 1 0 0 1 0 0 0 1 0 1 0 0 
10	0 1 1 0 0 0 1 1 0 0 
18	0 1 0 1 0 0 1 1 1 1 0 0 1 0 1 1 1 1 
10	1 1 0 1 1 0 1 0 1 0 
162	1 0 0 0 0 0 0 0 0 0 1 0 0 1 1 1 0 1 1 0 0 1 1 0 0 0 1 1 1 0 1 0 1 1 0 1 0 0 0 1 1 1 0 1 0 0 1 1 0 1 1 0 1 0 0 0 1 1 1 0 1 0 0 1 1 0 0 1 1 1 0 0 0 1 1 0 1 1 0 1 1 0 0 1 1 0 0 0 1 1 1 1 1 0 0 1 0 0 1 0 0 1 1 0 1 0 0 0 1 1 1 1 0 1 0 1 1 0 0 0 0 1 0 1 0 1 0 1 0 1 0 0 1 1 1 1 0 0 0 1 0 0 0 1 1 0 0 1 1 0 0 0 0 1 0 0 1 0 1 1 0 0 
18	0 1 1 0 0 0 1 0 0 0 1 0 0 1 0 0 1 1 
10	1 1 1 0 1 0 1 1 1 1 
10	0 0 0 1 0 1 1 1 1 0 
10	1 0 0 0 0 0 1 0 0 0 
10	0 1 1 0 1 1 1 1 1 1 
9	0.036 0.001 0.002 0.002 0.002 0.922 0.024 0.009 0.002 
9	0.54 0.002 0.137 0.179 0.062 0.001 0.056 0.002 0.021 
9	0.002 0.159 0.004 0.059 0.005 0.558 0.021 0.021 0.171 
9	0.066 0.042 0.337 0.013 0.072 0.044 0.029 0.393 0.004 
9	0.002 0.001 0.001 0.007 0.019 0.008 0.001 0.96 0.001 
3	0.145 0.175 0.68 
5	0.055 0.007 0.002 0.897 0.039 
5	0.548 0.283 0.056 0.067 0.046 
5	0.103 0.169 0.677 0.014 0.037 
5	0.042 0.067 0.039 0.808 0.044 
5	0.006 0.201 0.006 0.78 0.007 
5	0.667 0.003 0.244 0.036 0.05 
5	0.002 0.14 0.129 0.337 0.392 
5	0.014 0.021 0.314 0.431 0.22 
5	0.172 0.227 0.327 0.214 0.06 
5	0.115 0.064 0.163 0.628 0.03 
