,datasize,time,iterations
0,2000,1291,200
