ll_206,ll_205,ll_208,ll_207,ll_209,ll_200,datasize,ll_202,ll_201,ll_204,ll_203,exactPath,ll_240,ll_249,ll_242,stop_criteria,ll_241,ll_244,ll_243,ll_246,ll_245,ll_248,ll_247,ll_239,ll_238,ll_231,ll_230,ll_233,ll_232,ll_235,ll_234,ll_237,ll_236,ll_228,ll_227,ll_229,ll_220,ll_222,ll_221,ll_224,ll_223,ll_226,ll_225,ll_217,ll_216,ll_219,ll_218,ll_211,ll_210,ll_213,ll_212,ll_215,ll_214,ll_280,ll_282,ll_281,ll_284,ll_283,ll_286,ll_285,ll_288,ll_287,ll_289,ll_271,ll_270,ll_273,ll_272,ll_275,ll_274,ll_277,ll_276,ll_279,ll_278,ll_260,ll_262,ll_261,ll_264,ll_263,ll_266,ll_265,ll_268,ll_267,ll_269,ll_251,ll_250,ll_253,ll_252,ll_255,ll_254,ll_257,ll_256,ll_259,ll_258,iter_438,iter_439,iter_436,iter_437,iter_430,iter_431,iter_434,iter_435,iter_432,iter_433,iter_427,iter_428,iter_425,iter_426,iter_429,iter_420,iter_423,iter_424,iter_421,iter_422,iter_416,iter_417,iter_414,iter_415,iter_418,iter_419,iter_412,iter_413,iter_410,iter_411,ll_291,ll_290,ll_293,ll_292,ll_295,ll_294,iter_405,iter_406,iter_403,iter_404,iter_409,iter_407,iter_408,time_pns,iter_401,iter_402,iter_400,ll_297,ll_296,ll_299,ll_298,ratio_62,pns_349,ratio_63,pns_348,ratio_64,pns_347,ratio_65,pns_346,ratio_66,pns_345,ratio_67,pns_344,ratio_68,pns_343,ratio_69,pns_342,pns_341,iter_359,pns_340,iter_353,ratio_722,iter_354,ratio_721,iter_351,ratio_720,iter_352,iter_357,ratio_726,iter_358,ratio_725,iter_355,ratio_724,iter_356,ratio_723,ratio_729,ratio_728,ratio_727,iter_350,ratio_60,ratio_61,pns_339,ratio_51,pns_338,ratio_52,pns_337,ratio_53,pns_336,ratio_54,pns_335,ratio_55,pns_334,ratio_56,pns_333,ratio_57,pns_332,ratio_58,pns_331,ratio_59,pns_330,iter_348,iter_349,ratio_740,iter_342,ratio_733,iter_343,ratio_732,iter_340,ratio_731,iter_341,ratio_730,iter_346,ratio_737,iter_347,ratio_736,iter_344,ratio_735,iter_345,ratio_734,ratio_739,ratio_738,ratio_50,pns_328,ratio_40,pns_327,ratio_41,pns_326,ratio_42,pns_325,ratio_43,pns_324,ratio_44,pns_323,ratio_45,pns_322,ratio_46,pns_321,ratio_47,iter_339,pns_320,ratio_48,ratio_49,iter_337,iter_338,ratio_751,ratio_750,iter_331,ratio_744,iter_332,ratio_743,ratio_742,iter_330,ratio_741,iter_335,ratio_748,iter_336,ratio_747,iter_333,ratio_746,iter_334,ratio_745,ratio_749,pns_329,pns_317,pns_316,ratio_30,pns_315,ratio_31,pns_314,ratio_32,pns_313,ratio_33,pns_312,ratio_34,pns_311,ratio_35,pns_310,ratio_36,iter_328,ratio_37,iter_329,ratio_38,iter_326,ratio_39,iter_327,ratio_762,ratio_761,ratio_760,iter_320,ratio_755,iter_321,ratio_754,ratio_753,ratio_752,iter_324,ratio_759,iter_325,ratio_758,iter_322,ratio_757,iter_323,ratio_756,pns_319,pns_318,pns_306,pns_305,pns_304,pns_303,pns_302,pns_301,pns_300,iter_397,iter_398,iter_395,iter_396,iter_399,iter_390,iter_393,iter_394,pns_309,iter_391,pns_308,iter_392,pns_307,ratio_95,ratio_96,ratio_97,ratio_98,ratio_99,iter_386,iter_387,iter_384,iter_385,pns_u,iter_388,iter_389,ratio_90,iter_382,ratio_91,pns_l,iter_383,ratio_92,iter_380,ratio_93,iter_381,ratio_94,ratio_84,ratio_85,ratio_86,ratio_87,ratio_88,ratio_89,iter_375,ratio_700,iter_376,iter_373,iter_374,iter_379,ratio_704,ratio_703,iter_377,ratio_702,iter_378,ratio_701,ratio_708,ratio_707,ratio_706,ratio_705,iter_371,ratio_80,iter_372,ratio_81,ratio_82,iter_370,ratio_83,ratio_709,ratio_73,ratio_74,ratio_75,ratio_76,ratio_77,ratio_78,ratio_79,iter_364,pns_8,ratio_711,iter_365,pns_9,ratio_710,iter_362,pns_6,iter_363,pns_7,iter_368,pns_4,ratio_715,iter_369,pns_5,ratio_714,iter_366,pns_2,ratio_713,iter_367,pns_3,ratio_712,pns_0,ratio_719,pns_1,ratio_718,ratio_717,ratio_716,iter_360,iter_361,ratio_70,ratio_71,ratio_72,pns_399,pns_398,pns_397,pns_396,pns_395,pns_394,pns_393,pns_392,pns_391,pns_390,ratio_20,ratio_21,ratio_22,pns_389,ratio_23,pns_388,ratio_24,pns_387,ratio_25,pns_386,ratio_26,pns_385,ratio_27,pns_384,ratio_28,pns_383,ratio_29,pns_382,ratio_773,pns_381,ratio_772,pns_380,ratio_771,ratio_770,ratio_766,ratio_765,ratio_764,ratio_763,ratio_769,ratio_768,ratio_767,ratio_10,pns_379,ratio_11,pns_378,ratio_12,pns_377,ratio_13,pns_376,ratio_14,pns_375,ratio_15,ratio_780,pns_374,ratio_16,pns_373,ratio_17,pns_372,ratio_18,pns_371,ratio_19,ratio_784,pns_370,ratio_783,ratio_782,ratio_781,ratio_777,ratio_776,ratio_775,ratio_774,ratio_779,ratio_778,pns_369,pns_368,pns_367,pns_366,pns_365,pns_364,ratio_791,pns_363,ratio_790,pns_362,pns_361,pns_360,ratio_795,ratio_794,ratio_793,ratio_792,ratio_788,ratio_787,ratio_786,ratio_785,ratio_789,pns_359,pns_358,pns_357,pns_356,pns_355,pns_354,pns_353,pns_352,pns_351,pns_350,ratio_799,ratio_798,ratio_797,ratio_796,ll_129,ll_128,ll_121,ll_120,ll_123,ll_122,ll_125,ll_124,ll_127,ll_126,ll_118,ll_117,ll_119,ll_110,ll_112,ll_111,ll_114,ll_113,ll_116,ll_115,ll_107,ll_106,ll_109,ll_108,ll_101,ll_100,ll_103,ll_102,ll_105,ll_104,ll_161,ll_160,ll_163,ll_162,ll_165,ll_164,ll_167,ll_166,ll_169,ll_168,ll_150,ll_152,ll_151,ll_154,ll_153,ll_156,ll_155,ll_158,ll_157,ll_159,ll_141,ll_140,ll_143,ll_142,ll_145,ll_144,ll_147,ll_146,ll_149,ll_148,ll_130,ll_139,ll_132,ll_131,ll_134,ll_133,ll_136,ll_135,ll_138,ll_137,iter_317,iter_318,iter_315,iter_316,iter_319,iter_310,iter_313,iter_314,iter_311,iter_312,ll_190,ll_192,ll_191,ll_194,ll_193,ll_196,ll_195,iter_306,iter_307,iter_304,iter_305,iter_308,iter_309,iter_302,iter_303,iter_300,iter_301,ll_198,ll_197,ll_199,ll_181,ll_180,ll_183,ll_182,ll_185,iter_max,ll_184,ll_187,ll_186,ll_189,ll_188,ll_170,ll_172,ll_171,ll_174,ll_173,ll_176,ll_175,ll_178,ll_177,ll_179,pns_229,pns_228,pns_227,pns_226,pns_225,pns_224,pns_223,pns_222,pns_221,pns_220,iter_238,iter_239,iter_232,ratio_601,iter_233,ratio_600,iter_230,iter_231,iter_236,ratio_605,iter_237,ratio_604,iter_234,ratio_603,iter_235,ratio_602,ratio_609,ratio_608,ratio_607,ratio_606,pns_218,pns_217,pns_216,pns_215,pns_214,pns_213,pns_212,pns_211,iter_229,pns_210,iter_227,iter_228,iter_221,ratio_612,iter_222,ratio_611,ratio_610,iter_220,iter_225,ratio_616,iter_226,ratio_615,iter_223,ratio_614,iter_224,ratio_613,ratio_619,ratio_618,ratio_617,pns_219,pns_207,pns_206,pns_205,pns_204,pns_203,pns_202,pns_201,pns_200,iter_218,iter_219,iter_216,iter_217,ratio_630,iter_210,ratio_623,iter_211,ratio_622,ratio_621,ratio_620,iter_214,ratio_627,iter_215,ratio_626,iter_212,ratio_625,iter_213,ratio_624,ratio_629,ratio_628,pns_209,pns_208,iter_207,iter_208,iter_205,iter_206,ratio_641,ratio_640,iter_209,ratio_634,iter_200,ratio_633,ratio_632,ratio_631,iter_203,ratio_638,iter_204,ratio_637,iter_201,ratio_636,iter_202,ratio_635,ratio_639,iter_10,iter_11,iter_16,ll_918,iter_17,ll_917,iter_18,iter_19,ll_919,iter_12,iter_13,iter_14,iter_15,iter_276,ll_921,iter_277,ll_920,iter_274,ll_923,iter_275,ll_922,ll_925,ll_924,iter_278,ll_927,iter_279,ll_926,iter_272,iter_273,iter_270,iter_271,ll_907,ll_906,ll_909,ll_908,iter_265,ll_910,iter_266,iter_263,ll_912,iter_264,ll_911,iter_269,ll_914,ll_913,iter_267,ll_916,iter_268,ll_915,iter_261,iter_262,iter_260,iter_30,iter_31,iter_32,iter_33,iter_38,iter_39,iter_34,iter_35,iter_36,iter_37,iter_254,iter_255,iter_252,ll_901,iter_253,ll_900,iter_258,ll_903,iter_259,ll_902,iter_256,ll_905,iter_257,ll_904,iter_250,iter_251,iter_20,iter_21,iter_22,iter_27,iter_28,iter_29,iter_249,iter_23,iter_24,iter_25,iter_26,iter_243,iter_244,iter_241,iter_242,iter_247,iter_248,iter_245,iter_246,iter_240,iter_52,iter_53,iter_54,iter_55,iter_50,iter_51,ratio_692,ratio_691,ratio_690,iter_56,ratio_696,iter_57,ratio_695,iter_58,ratio_694,iter_59,ratio_693,ratio_689,ll_965,ratio_688,ll_964,ratio_687,ll_967,ratio_686,ll_966,ll_969,ll_968,ll_961,ll_960,ll_963,ll_962,iter_41,iter_42,iter_43,iter_44,iter_40,pns_299,iter_49,pns_298,pns_297,pns_296,pns_295,iter_45,pns_294,iter_46,pns_293,iter_47,pns_292,iter_48,pns_291,ll_954,ratio_699,ll_953,ratio_698,ll_956,ratio_697,ll_955,ll_958,ll_957,ll_959,ll_950,ll_952,ll_951,iter_74,iter_75,iter_76,iter_77,iter_70,iter_71,iter_72,pns_289,iter_73,pns_288,pns_287,pns_286,ll_939,pns_285,pns_284,iter_78,pns_283,iter_79,pns_282,pns_281,pns_280,iter_298,pns_290,ll_943,iter_299,ll_942,iter_296,ll_945,iter_297,ll_944,ll_947,ll_946,ll_949,ll_948,iter_290,iter_291,iter_80,iter_294,iter_295,iter_292,ll_941,iter_293,ll_940,iter_63,iter_64,iter_65,iter_66,iter_60,pns_279,iter_61,pns_278,iter_62,pns_277,pns_276,ll_929,pns_275,ll_928,pns_274,pns_273,iter_67,pns_272,iter_68,pns_271,iter_69,pns_270,iter_287,ll_932,iter_288,ll_931,iter_285,ll_934,iter_286,ll_933,ll_936,ll_935,iter_289,ll_938,ll_937,iter_280,iter_283,iter_284,iter_281,ll_930,iter_282,iter_96,iter_97,iter_98,iter_99,iter_92,pns_269,iter_93,pns_268,iter_94,pns_267,iter_95,pns_266,pns_265,pns_264,pns_263,threshold,pns_262,pns_261,ratio_652,pns_260,ratio_651,ratio_650,ratio_645,ratio_644,ratio_643,ratio_642,ratio_649,ratio_648,ratio_647,ratio_646,iter_85,iter_86,iter_87,iter_88,pns_259,iter_81,pns_258,iter_82,pns_257,iter_83,pns_256,iter_84,pns_255,pns_254,pns_253,pns_252,pns_251,iter_89,pns_250,ratio_663,ratio_662,ratio_661,ratio_660,ratio_656,ll_998,ratio_655,ll_997,ratio_654,ratio_653,ll_999,ratio_659,ratio_658,ratio_657,ll_990,iter_90,ll_992,iter_91,ll_991,ll_994,ll_993,ll_996,ll_995,pns_249,pns_248,pns_247,pns_246,pns_245,pns_244,pns_243,ratio_670,pns_242,pns_241,pns_240,ratio_674,ratio_673,ratio_672,ratio_671,ratio_667,ll_987,ratio_666,ll_986,ratio_665,ll_989,ratio_664,ll_988,ratio_669,ratio_668,ll_981,ll_980,ll_983,ll_982,ll_985,ll_984,pns_239,pns_238,pns_237,pns_236,pns_235,pns_234,pns_233,pns_232,ratio_681,pns_231,ratio_680,pns_230,ratio_685,ratio_684,ratio_683,ratio_682,ratio_678,ll_976,ratio_677,ll_975,ratio_676,ll_978,ratio_675,ll_977,ll_979,ratio_679,ll_970,ll_972,ll_971,ll_974,ll_973,trueState,ll_89,ll_90,ll_91,ll_96,ll_97,ll_98,ll_99,ll_92,ll_93,ll_94,ll_95,ll_78,ll_79,ll_80,ll_85,ll_86,ll_87,ll_88,ll_81,ll_82,ll_83,ll_84,ll_899,ll_898,ll_891,ll_890,ll_893,ll_892,ll_895,ll_894,ll_897,ll_896,pns_625,pns_624,pns_623,pns_622,pns_621,pns_620,iter_636,iter_637,iter_634,iter_635,iter_638,iter_639,iter_632,iter_633,iter_630,iter_631,pns_629,pns_628,pns_627,pns_626,pns_614,pns_613,pns_612,pns_611,pns_610,iter_625,iter_626,iter_623,iter_624,iter_629,iter_627,iter_628,iter_621,iter_622,iter_620,pns_619,pns_618,pns_617,pns_616,pns_615,pns_603,pns_602,pns_601,pns_600,iter_614,iter_615,iter_612,iter_613,iter_618,iter_619,iter_616,iter_617,iter_610,ratio_902,iter_611,ratio_901,ratio_900,ratio_906,ratio_905,pns_609,ratio_904,pns_608,ratio_903,pns_607,pns_606,ratio_909,pns_605,ratio_908,pns_604,ratio_907,iter_609,iter_603,iter_604,iter_601,iter_602,iter_607,iter_608,iter_605,iter_606,ratio_913,iter_600,ratio_912,ratio_911,ratio_910,ratio_917,ratio_916,ratio_915,ratio_914,ratio_919,ratio_918,iter_678,iter_679,iter_672,iter_673,iter_670,iter_671,iter_676,iter_677,iter_674,iter_675,iter_669,iter_667,iter_668,iter_661,iter_662,iter_660,iter_665,iter_666,iter_663,iter_664,iter_658,iter_659,iter_656,iter_657,iter_650,iter_651,iter_654,iter_655,iter_652,iter_653,iter_647,iter_648,iter_645,iter_646,iter_649,iter_640,iter_643,iter_644,iter_641,iter_642,pns_589,pns_588,pns_587,pns_586,pns_585,pns_584,pns_583,pns_582,pns_581,pns_580,ratio_971,ratio_970,iter_595,ratio_964,iter_596,ratio_963,iter_593,ratio_962,iter_594,ratio_961,iter_599,ratio_968,ratio_967,iter_597,ratio_966,iter_598,ratio_965,ratio_969,iter_591,iter_592,iter_590,pns_579,pns_578,pns_577,pns_576,pns_575,pns_574,pns_573,pns_572,pns_571,pns_570,ratio_982,ratio_981,ratio_980,iter_584,ratio_975,iter_585,ratio_974,iter_582,ratio_973,iter_583,ratio_972,iter_588,ratio_979,iter_589,ratio_978,iter_586,ratio_977,iter_587,ratio_976,iter_580,iter_581,pns_569,pns_568,pns_567,pns_566,pns_565,pns_564,pns_563,pns_562,pns_561,iter_579,pns_560,ratio_993,ratio_992,ratio_991,ratio_990,iter_573,ratio_986,iter_574,ratio_985,iter_571,ratio_984,iter_572,ratio_983,iter_577,iter_578,ratio_989,iter_575,ratio_988,iter_576,ratio_987,iter_570,pns_559,pns_558,pns_557,pns_556,pns_555,pns_554,pns_553,pns_552,pns_551,pns_550,iter_568,iter_569,iter_562,ratio_997,iter_563,ratio_996,iter_560,ratio_995,iter_561,ratio_994,iter_566,iter_567,iter_564,ratio_999,iter_565,ratio_998,pns_548,pns_547,pns_546,pns_545,pns_544,pns_543,pns_542,pns_541,pns_540,ratio_920,ll_800,ll_802,ll_801,ratio_924,ll_804,ratio_923,ll_803,ratio_922,ll_806,ratio_921,ll_805,ratio_928,ratio_927,ratio_926,ratio_925,pns_549,ratio_929,pns_537,pns_536,pns_535,pns_534,pns_533,pns_532,pns_531,pns_530,ratio_931,ratio_930,ratio_935,ratio_934,ratio_933,ratio_932,ratio_939,ratio_938,ratio_937,ratio_936,pns_539,pns_538,pns_526,pns_525,pns_524,pns_523,pns_522,pns_521,pns_520,ratio_942,ratio_941,ratio_940,ratio_946,ratio_945,ratio_944,ratio_943,ratio_949,ratio_948,ratio_947,pns_529,pns_528,pns_527,pns_515,pns_514,pns_513,pns_512,pns_511,pns_510,ratio_960,ratio_953,ratio_952,ratio_951,ratio_950,ratio_957,ratio_956,ratio_955,ratio_954,ratio_959,ratio_958,pns_519,pns_518,pns_517,pns_516,ll_844,ll_843,ll_846,ll_845,ll_848,ll_847,ll_849,ll_10,ll_11,ll_840,ll_842,ll_841,ll_829,ratio_102,ratio_101,ratio_100,ll_833,ll_832,ll_835,ll_834,ll_837,ll_836,ll_839,ll_838,ll_831,ll_830,ll_27,ll_28,ll_29,ll_23,ll_24,ll_25,ll_26,ll_819,ll_818,ratio_113,ratio_112,ratio_111,ratio_110,ratio_106,ll_822,ratio_105,ll_821,ratio_104,ll_824,ratio_103,ll_823,ll_826,ratio_109,ll_825,ratio_108,ll_828,ratio_107,ll_827,ll_30,ll_31,ll_32,ll_33,ll_820,ll_16,ll_17,ll_18,ll_19,ll_12,ll_13,ll_14,ll_15,ratio_120,ll_808,ll_807,ll_809,ratio_124,ratio_123,ratio_122,ratio_121,ratio_117,ll_811,ratio_116,ll_810,ratio_115,ll_813,ratio_114,ll_812,ll_815,ll_814,ratio_119,ll_817,ratio_118,ll_816,ll_20,ll_21,ll_22,ll_49,ll_45,ll_46,ll_47,ll_48,ll_888,ll_887,ll_889,ll_52,ll_880,ll_53,ll_54,ll_882,ll_55,ll_881,ll_884,ll_883,ll_50,ll_886,ll_51,ll_885,ll_38,ll_39,ll_34,ll_35,ll_36,ll_37,ll_877,ll_876,ll_879,ll_878,effect,ll_41,ll_42,ll_43,ll_871,ll_44,ll_870,ll_873,ll_872,ll_875,ll_40,ll_874,ll_67,ll_68,ll_69,ll_866,ll_865,ll_868,ll_867,ll_869,ll_74,ll_75,ll_76,ll_860,ll_77,ll_70,ll_862,ll_71,ll_861,ll_72,ll_864,ll_73,ll_863,pns_599,ll_56,pns_598,ll_57,pns_597,ll_58,pns_596,ll_59,pns_595,pns_594,pns_593,pns_592,pns_591,pns_590,ll_855,ll_854,ll_857,ll_856,ll_859,ll_858,ll_63,ll_64,ll_65,ll_66,ll_851,ll_60,ll_850,ll_61,ll_853,ll_62,ll_852,ll_790,ll_799,ll_792,ll_791,ll_794,ll_793,ll_796,ll_795,ll_798,ll_797,ll_789,ll_788,ll_781,ll_780,ll_783,ll_782,ll_785,ll_784,ll_787,ll_786,ll_778,ll_777,ll_779,ll_770,ll_772,ll_771,ll_774,ll_773,ll_776,ll_775,pns_504,pns_503,pns_502,pns_501,pns_500,iter_515,iter_516,iter_513,iter_514,iter_519,iter_517,iter_518,iter_511,iter_512,iter_510,pns_509,pns_508,pns_507,pns_506,pns_505,iter_504,iter_505,iter_502,iter_503,iter_508,iter_509,iter_506,iter_507,iter_500,iter_501,iter_559,iter_557,iter_558,iter_551,iter_552,iter_550,iter_555,iter_556,iter_553,iter_554,iter_548,iter_549,iter_546,iter_547,iter_540,iter_541,iter_544,iter_545,iter_542,iter_543,iter_537,iter_538,iter_535,iter_536,iter_539,iter_530,iter_533,iter_534,iter_531,iter_532,iter_526,iter_527,iter_524,iter_525,iter_528,iter_529,iter_522,iter_523,iter_520,iter_521,pns_469,pns_468,pns_467,pns_466,pns_465,pns_464,pns_463,pns_462,pns_461,pns_460,ratio_850,iter_474,ratio_843,iter_475,ratio_842,iter_472,ratio_841,iter_473,ratio_840,iter_478,ratio_847,iter_479,ratio_846,iter_476,ratio_845,iter_477,ratio_844,ratio_849,ratio_848,iter_470,iter_471,pns_459,pns_458,pns_457,pns_456,pns_455,pns_454,pns_453,pns_452,pns_451,iter_469,pns_450,ratio_861,ratio_860,iter_463,ratio_854,iter_464,ratio_853,iter_461,ratio_852,iter_462,ratio_851,iter_467,ratio_858,iter_468,ratio_857,iter_465,ratio_856,iter_466,ratio_855,ratio_859,iter_460,pns_449,pns_448,pns_447,pns_446,pns_445,pns_444,pns_443,pns_442,pns_441,pns_440,iter_458,iter_459,ratio_872,ratio_871,ratio_870,iter_452,ratio_865,iter_453,ratio_864,iter_450,ratio_863,iter_451,ratio_862,iter_456,ratio_869,iter_457,ratio_868,iter_454,ratio_867,iter_455,ratio_866,pns_438,pns_437,pns_436,pns_435,pns_434,pns_433,pns_432,pns_431,iter_449,pns_430,iter_447,iter_448,ratio_883,ratio_882,ratio_881,ratio_880,iter_441,ratio_876,iter_442,ratio_875,ratio_874,iter_440,ratio_873,iter_445,iter_446,ratio_879,iter_443,ratio_878,iter_444,ratio_877,pns_439,pns_427,pns_426,pns_425,pns_424,pns_423,pns_422,pns_421,pns_420,ratio_803,ratio_802,ratio_801,ratio_800,ratio_807,ratio_806,ratio_805,ratio_804,pns_429,ratio_809,pns_428,ratio_808,pns_416,pns_415,pns_414,pns_413,pns_412,pns_411,pns_410,ratio_810,ratio_814,ratio_813,ratio_812,ratio_811,ratio_818,ratio_817,ratio_816,ratio_815,pns_419,pns_418,pns_417,ratio_819,pns_405,pns_404,pns_403,pns_402,pns_401,pns_400,iter_496,ratio_821,iter_497,ratio_820,iter_494,iter_495,ratio_825,ratio_824,iter_498,ratio_823,iter_499,ratio_822,ratio_829,ratio_828,ratio_827,ratio_826,iter_492,pns_409,iter_493,pns_408,iter_490,pns_407,iter_491,pns_406,iter_485,ratio_832,iter_486,ratio_831,iter_483,ratio_830,iter_484,iter_489,ratio_836,ratio_835,iter_487,ratio_834,iter_488,ratio_833,ratio_839,ratio_838,ratio_837,iter_481,iter_482,iter_480,ll_719,ll_723,ll_722,ll_725,ll_724,ll_727,ll_726,ll_729,ll_728,ll_721,ll_720,method,ll_709,ll_708,ll_712,ll_711,ll_714,ll_713,ll_716,ll_715,ll_718,ll_717,exact,ll_710,ll_701,ll_700,ll_703,ll_702,ll_705,ll_704,ll_707,ll_706,ratio_890,ratio_894,ratio_893,ratio_892,ratio_891,ratio_887,ll_767,ratio_886,ll_766,ratio_885,ll_769,ratio_884,ll_768,ratio_889,ratio_888,ll_761,ll_760,ll_763,ll_762,ll_765,ll_764,pns_499,pns_498,pns_497,pns_496,pns_495,pns_494,pns_493,pns_492,pns_491,pns_490,ratio_898,ll_756,ratio_897,ll_755,ratio_896,ll_758,ratio_895,ll_757,ll_759,ratio_899,ll_750,ll_752,ll_751,ll_754,ll_753,pns_489,pns_488,pns_487,pns_486,pns_485,pns_484,pns_483,pns_482,pns_481,pns_480,ll_745,ll_744,ll_747,ll_746,ll_749,ll_748,ll_741,ll_740,ll_743,ll_742,pns_479,pns_478,pns_477,pns_476,pns_475,pns_474,pns_473,pns_472,pns_471,pns_470,ll_734,ll_733,ll_736,ll_735,ll_738,ll_737,ll_739,ll_730,ll_732,ll_731,ratio_292,ratio_291,ratio_290,ll_680,ratio_296,ratio_295,ratio_294,ratio_293,ratio_299,ratio_298,ratio_297,ll_689,ll_682,ll_681,ll_684,ll_683,ll_686,ll_685,ll_688,ll_687,ll_679,ll_678,ll_671,ll_670,ll_673,ll_672,ll_675,ll_674,ll_677,ll_676,ll_668,ll_667,ll_669,ll_660,ll_662,ll_661,ll_664,ll_663,ll_666,ll_665,ll_657,ll_656,ll_659,ll_658,ll_651,ll_650,ll_653,ll_652,ll_655,ll_654,iter_834,ratio_252,iter_835,ratio_251,iter_832,ratio_250,iter_833,iter_838,ratio_256,iter_839,ratio_255,iter_836,ratio_254,iter_837,ratio_253,ratio_249,ratio_248,ratio_247,ratio_246,iter_830,iter_831,iter_829,iter_823,ratio_263,iter_824,ratio_262,iter_821,ratio_261,iter_822,ratio_260,iter_827,ratio_267,iter_828,ratio_266,iter_825,ratio_265,iter_826,ratio_264,ratio_259,ratio_258,ratio_257,iter_820,iter_818,iter_819,ratio_270,iter_812,ratio_274,iter_813,ratio_273,iter_810,ratio_272,iter_811,ratio_271,iter_816,ratio_278,iter_817,ratio_277,iter_814,ratio_276,iter_815,ratio_275,ratio_269,ratio_268,iter_809,iter_807,iter_808,ratio_281,ratio_280,ll_691,ll_690,iter_801,ratio_285,iter_802,ratio_284,ratio_283,iter_800,ratio_282,iter_805,ratio_289,iter_806,ratio_288,iter_803,ratio_287,iter_804,ratio_286,ratio_279,ll_693,ll_692,ll_695,ll_694,ll_697,ll_696,ll_699,ll_698,pns_867,pns_866,pns_865,pns_864,pns_863,pns_862,pns_861,pns_860,iter_878,iter_879,iter_876,iter_877,iter_870,iter_871,iter_874,iter_875,iter_872,iter_873,pns_869,pns_868,pns_856,pns_855,pns_854,pns_853,pns_852,pns_851,pns_850,iter_867,iter_868,iter_865,iter_866,iter_869,iter_860,iter_863,iter_864,iter_861,iter_862,pns_859,pns_858,pns_857,pns_845,pns_844,pns_843,pns_842,pns_841,pns_840,iter_856,iter_857,iter_854,iter_855,iter_858,iter_859,iter_852,iter_853,iter_850,iter_851,pns_849,pns_848,pns_847,pns_846,pns_834,pns_833,pns_832,pns_831,pns_830,iter_845,iter_846,iter_843,iter_844,iter_849,iter_847,iter_848,iter_841,iter_842,iter_840,pns_839,pns_838,pns_837,pns_836,pns_835,pns_823,pns_822,pns_821,pns_820,pns_829,pns_828,pns_827,pns_826,pns_825,pns_824,pns_812,pns_811,pns_810,pns_819,pns_818,pns_817,pns_816,pns_815,pns_814,pns_813,pns_801,pns_800,cause,iter_898,iter_899,iter_892,iter_893,iter_890,iter_891,iter_896,iter_897,iter_894,iter_895,pns_809,pns_808,pns_807,pns_806,pns_805,pns_804,pns_803,pns_802,iter_889,iter_887,iter_888,iter_881,iter_882,iter_880,iter_885,iter_886,iter_883,iter_884,pns_799,pns_798,pns_797,pns_796,pns_795,pns_794,pns_793,pns_792,pns_791,pns_790,pns_789,pns_788,pns_787,pns_786,pns_785,pns_784,pns_783,pns_782,pns_781,pns_780,pns_779,pns_778,pns_777,pns_776,pns_775,pns_774,pns_773,pns_772,pns_771,pns_770,pns_768,pns_767,pns_766,pns_765,pns_764,pns_763,pns_762,pns_761,pns_760,pns_769,pns_757,pns_756,pns_755,pns_754,pns_753,pns_752,pns_751,pns_750,pns_759,pns_758,ratio_333,ratio_332,ratio_331,ratio_330,ratio_326,ll_602,ratio_325,ll_601,ratio_324,ll_604,ratio_323,ll_603,ll_606,ratio_329,ll_605,ratio_328,ll_608,ratio_327,ll_607,ll_600,ratio_340,ratio_344,ratio_343,ratio_342,ratio_341,ratio_337,ratio_336,ratio_335,ratio_334,ratio_339,ratio_338,ratio_351,ratio_350,ratio_355,ratio_354,ratio_353,ratio_352,ratio_348,ratio_347,ratio_346,ratio_345,ratio_349,ratio_362,ratio_361,ratio_360,ratio_366,ratio_365,ratio_364,ratio_363,ratio_359,ratio_358,ratio_357,ratio_356,ll_646,ll_645,ll_648,ll_647,falseState,ll_649,ll_640,ll_642,ll_641,ll_644,ll_643,ratio_300,ll_635,ll_634,ll_637,ll_636,ll_639,ll_638,ll_631,ll_630,ll_633,ll_632,ratio_311,ratio_310,ratio_304,ll_624,ratio_303,ll_623,ratio_302,ll_626,ratio_301,ll_625,ratio_308,ll_628,ratio_307,ll_627,ratio_306,ratio_305,ll_629,ratio_309,ll_620,ll_622,ll_621,ll_609,ratio_322,ratio_321,ratio_320,ratio_315,ll_613,ratio_314,ll_612,ratio_313,ll_615,ratio_312,ll_614,ratio_319,ll_617,ratio_318,ll_616,ratio_317,ll_619,ratio_316,ll_618,ll_611,ll_610,pns_91,pns_92,pns_90,pns_95,ratio_171,pns_96,ratio_170,pns_93,pns_94,pns_99,ratio_175,ratio_174,pns_97,ratio_173,pns_98,ratio_172,ratio_179,ratio_178,ratio_177,ratio_176,ll_569,ll_568,ratio_169,ll_561,ll_560,ll_563,ll_562,ll_565,ll_564,ll_567,ll_566,pns_80,pns_81,pns_84,ratio_182,pns_85,ratio_181,pns_82,ratio_180,pns_83,pns_88,ratio_186,pns_89,ratio_185,pns_86,ratio_184,pns_87,ratio_183,ratio_189,ratio_188,ratio_187,ll_558,ll_557,ll_559,ll_550,ll_552,ll_551,ll_554,ll_553,ll_556,ll_555,pns_70,pns_73,ratio_193,pns_74,ratio_192,pns_71,ratio_191,pns_72,ratio_190,pns_77,ratio_197,pns_78,ratio_196,pns_75,ratio_195,pns_76,ratio_194,pns_79,ratio_199,ratio_198,ll_547,ll_546,ll_549,ll_548,ll_541,ll_540,ll_543,ll_542,ll_545,ll_544,pns_62,pns_63,pns_60,pns_61,pns_66,pns_67,pns_64,pns_65,pns_68,pns_69,ll_536,ll_535,ll_538,ll_537,ll_539,ll_530,ll_532,ll_531,ll_534,ll_533,iter_719,iter_713,ratio_131,iter_714,ratio_130,iter_711,iter_712,iter_717,ratio_135,iter_718,ratio_134,iter_715,ratio_133,iter_716,ratio_132,ratio_128,ratio_127,ratio_126,ratio_125,iter_710,ratio_129,iter_708,iter_709,ll_590,ll_592,ll_591,iter_702,ratio_142,iter_703,ratio_141,iter_700,ratio_140,iter_701,iter_706,ratio_146,iter_707,ratio_145,iter_704,ratio_144,iter_705,ratio_143,ratio_139,ratio_138,ratio_137,ratio_136,ll_594,ll_593,ll_596,ll_595,ll_598,ll_597,ll_599,ll_581,ll_580,ratio_153,ratio_152,ratio_151,ratio_150,ratio_157,ratio_156,ratio_155,ratio_154,ratio_149,ratio_148,ratio_147,ll_583,ll_582,ll_585,ll_584,ll_587,ll_586,ll_589,ll_588,ratio_160,ll_570,ratio_164,ratio_163,ratio_162,ratio_161,ratio_168,ratio_167,ratio_166,ratio_165,ll_579,ratio_159,ratio_158,ll_572,ll_571,ll_574,ll_573,ll_576,ll_575,ll_578,ll_577,pns_746,pns_745,pns_744,pns_743,pns_742,pns_741,pns_740,iter_757,pns_11,iter_758,pns_12,iter_755,iter_756,pns_10,pns_15,pns_16,iter_759,pns_13,pns_14,pns_19,iter_750,pns_17,pns_18,iter_753,iter_754,iter_751,iter_752,time_learn,pns_749,pns_748,pns_747,pns_735,pns_734,pns_733,pns_732,pns_731,pns_730,iter_746,iter_747,iter_744,iter_745,iter_748,iter_749,iter_742,iter_743,iter_740,iter_741,pns_739,pns_738,pns_737,pns_736,pns_724,pns_723,pns_722,pns_721,pns_720,iter_735,iter_736,iter_733,iter_734,iter_739,iter_737,iter_738,iter_731,iter_732,iter_730,pns_729,pns_728,pns_727,pns_726,pns_725,pns_713,pns_712,pns_711,pns_710,iter_724,iter_725,iter_722,iter_723,iter_728,iter_729,iter_726,iter_727,iter_720,iter_721,pns_719,pns_718,pns_717,pns_716,pns_715,pns_714,pns_702,pns_701,pns_700,pns_51,pns_52,pns_50,pns_55,pns_56,iter_799,pns_53,pns_54,pns_59,pns_57,pns_58,iter_793,iter_794,iter_791,iter_792,iter_797,iter_798,iter_795,iter_796,pns_709,pns_708,pns_707,pns_706,iter_790,pns_705,pns_704,pns_703,pns_40,pns_41,pns_44,pns_45,iter_788,pns_42,iter_789,pns_43,pns_48,pns_49,pns_46,pns_47,iter_782,iter_783,iter_780,iter_781,iter_786,iter_787,iter_784,iter_785,pns_30,iter_779,pns_33,pns_34,iter_777,pns_31,iter_778,pns_32,pns_37,pns_38,pns_35,pns_36,iter_771,iter_772,pns_39,iter_770,iter_775,iter_776,iter_773,iter_774,iter_768,pns_22,iter_769,pns_23,iter_766,pns_20,iter_767,pns_21,pns_26,pns_27,pns_24,pns_25,iter_760,iter_761,pns_28,pns_29,iter_764,iter_765,iter_762,iter_763,pns_699,pns_698,pns_697,pns_696,pns_695,pns_694,pns_693,pns_692,pns_691,pns_690,pns_689,pns_688,pns_687,pns_686,pns_685,pns_684,pns_683,pns_682,pns_681,pns_680,iter_694,iter_695,iter_692,iter_693,iter_698,iter_699,iter_696,iter_697,iter_690,iter_691,pns_679,pns_678,pns_677,pns_676,pns_675,pns_674,pns_673,pns_672,pns_671,iter_689,pns_670,iter_683,iter_684,iter_681,iter_682,iter_687,iter_688,iter_685,iter_686,iter_680,pns_669,pns_668,pns_667,pns_666,pns_665,pns_664,pns_663,pns_662,pns_661,pns_660,pns_658,pns_657,pns_656,pns_655,pns_654,pns_653,pns_652,pns_651,pns_650,pns_659,pns_647,pns_646,pns_645,pns_644,pns_643,pns_642,pns_641,pns_640,pns_649,pns_648,pns_636,pns_635,pns_634,pns_633,pns_632,pns_631,pns_630,pns_639,pns_638,pns_637,ratio_212,ratio_211,ratio_210,ratio_205,ratio_204,ratio_203,ratio_202,ratio_209,ratio_208,ratio_207,ratio_206,modelID,ratio_223,ratio_222,ratio_221,ratio_220,ratio_216,ratio_215,ratio_214,ratio_213,ratio_219,ratio_218,ratio_217,ratio_230,ratio_234,ratio_233,ratio_232,ratio_231,ratio_227,ratio_226,ratio_225,ratio_224,ratio_229,ratio_228,ratio_241,ratio_240,ratio_245,ratio_244,ratio_243,ratio_242,ratio_238,ratio_237,ratio_236,ratio_235,ratio_239,ll_525,ll_524,ll_527,ll_526,ll_529,ll_528,ll_521,ll_520,ll_523,ll_522,ll_514,ll_513,ll_516,ll_515,ll_518,ll_517,ll_519,ll_510,ll_512,ll_511,ll_503,ll_502,ll_505,ll_504,ll_507,ll_506,ll_509,ll_508,ll_501,ll_500,ratio_201,ratio_200,ll_448,ll_447,ll_449,ll_440,ll_442,ll_441,ll_444,ll_443,ll_446,ll_445,ll_437,ll_436,ll_439,ll_438,ll_431,ll_430,ll_433,ll_432,ll_435,ll_434,ll_426,ll_425,ll_428,ll_427,ll_429,ll_420,ll_422,ll_421,ll_424,ll_423,ll_415,ll_414,ll_417,ll_416,ll_419,ll_418,ll_411,ll_410,ll_413,ll_412,ratio_490,ll_480,ll_482,ll_481,ratio_494,ratio_493,ratio_492,ratio_491,ratio_498,ratio_497,ratio_496,ratio_495,ratio_489,ratio_488,ll_484,ll_483,ll_486,ll_485,ll_488,ll_487,ll_489,ll_471,ll_470,ratio_499,ll_473,ll_472,ll_475,ll_474,ll_477,ll_476,ll_479,ll_478,ll_460,ll_469,ll_462,ll_461,ll_464,ll_463,ll_466,ll_465,ll_468,ll_467,pns_199,pns_198,pns_197,pns_196,pns_195,pns_194,pns_193,pns_192,ll_459,ll_458,ll_451,ll_450,ll_453,ll_452,ll_455,ll_454,ll_457,ll_456,ll_1,ll_2,ll_0,ll_5,ll_6,ll_3,ll_4,ll_9,ll_7,ll_8,ll_491,ll_490,ll_493,ll_492,iter_9,iter_8,iter_7,iter_6,iter_5,iter_4,iter_3,iter_2,iter_1,iter_0,ll_495,ll_494,ll_497,ll_496,ll_499,ll_498,pns_108,pns_107,pns_106,pns_105,pns_104,pns_103,pns_102,pns_101,iter_119,pns_100,iter_117,iter_118,iter_111,iter_112,iter_110,iter_115,iter_116,iter_113,iter_114,pns_109,iter_108,iter_109,iter_106,iter_107,iter_100,iter_101,iter_104,iter_105,iter_102,iter_103,ratio_502,ratio_501,ratio_500,ratio_506,ratio_505,ratio_504,ratio_503,ratio_509,ratio_508,ratio_507,ratio_520,ratio_513,ratio_512,ratio_511,ratio_510,ratio_517,ratio_516,ratio_515,ratio_514,ratio_519,ratio_518,iter_155,iter_156,iter_153,iter_154,iter_159,iter_157,iter_158,iter_151,iter_152,iter_150,iter_144,iter_145,iter_142,iter_143,iter_148,iter_149,iter_146,iter_147,iter_140,iter_141,iter_139,iter_133,iter_134,iter_131,iter_132,iter_137,iter_138,iter_135,iter_136,iter_130,pns_999,pns_998,pns_997,pns_996,pns_995,pns_994,pns_993,pns_992,pns_991,pns_990,iter_128,iter_129,iter_122,iter_123,iter_120,iter_121,iter_126,iter_127,iter_124,iter_125,pns_189,pns_188,ratio_571,pns_187,ratio_570,pns_186,pns_185,pns_184,ratio_575,pns_183,ratio_574,pns_182,ratio_573,pns_181,ratio_572,iter_199,pns_191,ratio_568,pns_190,ratio_567,iter_197,ratio_566,iter_198,ratio_565,ratio_569,iter_191,iter_192,iter_190,iter_195,iter_196,iter_193,iter_194,pns_179,pns_178,pns_177,ratio_582,pns_176,ratio_581,pns_175,ratio_580,pns_174,pns_173,ratio_586,pns_172,ratio_585,pns_171,ratio_584,pns_170,ratio_583,iter_188,pns_180,ratio_579,iter_189,ratio_578,iter_186,ratio_577,iter_187,ratio_576,iter_180,iter_181,iter_184,iter_185,iter_182,iter_183,pns_169,pns_168,pns_167,pns_166,ratio_593,pns_165,ratio_592,pns_164,ratio_591,pns_163,ratio_590,pns_162,ratio_597,pns_161,ratio_596,pns_160,ratio_595,ratio_594,iter_177,iter_178,ratio_589,iter_175,ratio_588,iter_176,ratio_587,iter_179,iter_170,iter_173,iter_174,iter_171,iter_172,pns_159,pns_158,pns_157,pns_156,pns_155,pns_154,pns_153,pns_152,pns_151,pns_150,iter_166,iter_167,iter_164,ratio_599,iter_165,ratio_598,iter_168,iter_169,iter_162,iter_163,iter_160,iter_161,pns_149,pns_148,pns_147,pns_146,pns_145,pns_144,pns_143,pns_142,pns_141,pns_140,ratio_531,ratio_530,ratio_524,ll_404,ratio_523,ll_403,ratio_522,ll_406,ratio_521,ll_405,ratio_528,ll_408,ratio_527,ll_407,ratio_526,ratio_525,ll_409,ratio_529,ll_400,ll_402,ll_401,pns_139,pns_138,pns_137,pns_136,pns_135,pns_134,pns_133,pns_132,pns_131,pns_130,ratio_542,ratio_541,ratio_540,ratio_535,ratio_534,ratio_533,ratio_532,ratio_539,ratio_538,ratio_537,ratio_536,pns_129,pns_128,pns_127,pns_126,pns_125,pns_124,pns_123,pns_122,pns_121,pns_120,ratio_553,ratio_552,ratio_551,ratio_550,ratio_546,ratio_545,ratio_544,ratio_543,ratio_549,ratio_548,ratio_547,pns_119,pns_118,pns_117,pns_116,pns_115,pns_114,pns_113,pns_112,pns_111,ratio_560,pns_110,ratio_564,ratio_563,ratio_562,ratio_561,ratio_557,ratio_556,ratio_555,ratio_554,ratio_559,ratio_558,iter_919,pns_900,iter_917,iter_918,iter_911,iter_912,iter_910,iter_915,iter_916,iter_913,iter_914,ll_327,ll_326,ll_329,ll_328,pns_909,pns_908,pns_907,pns_906,ll_321,pns_905,ll_320,pns_904,ll_323,pns_903,ll_322,pns_902,ll_325,pns_901,ll_324,iter_908,iter_909,iter_906,iter_907,iter_900,iter_901,iter_904,iter_905,iter_902,iter_903,ll_316,ll_315,ll_318,ll_317,ll_319,ll_310,ll_312,ll_311,ll_314,ll_313,ll_max,ll_305,ll_304,ll_307,ll_306,ll_309,ll_308,ll_301,ll_300,ll_303,ll_302,ll_361,ll_360,iter_955,ratio_373,iter_956,ratio_372,iter_953,ratio_371,iter_954,ratio_370,iter_959,ratio_377,ratio_376,iter_957,ratio_375,iter_958,ratio_374,ratio_369,ratio_368,ratio_367,iter_951,iter_952,iter_950,ll_363,ll_362,ll_365,ll_364,ll_367,ll_366,ll_369,ll_368,ratio_380,ll_350,iter_944,ratio_384,iter_945,ratio_383,iter_942,ratio_382,iter_943,ratio_381,iter_948,ratio_388,iter_949,ratio_387,iter_946,ratio_386,iter_947,ratio_385,ll_359,ratio_379,ratio_378,iter_940,iter_941,ll_352,ll_351,ll_354,ll_353,ll_356,ll_355,ll_358,ll_357,iter_939,ratio_391,ratio_390,iter_933,ratio_395,iter_934,ratio_394,iter_931,ratio_393,iter_932,ratio_392,iter_937,ratio_399,iter_938,ratio_398,iter_935,ratio_397,iter_936,ratio_396,ll_349,ll_348,ratio_389,iter_930,ll_341,ll_340,ll_343,ll_342,ll_345,ll_344,ll_347,ll_346,iter_928,iter_929,iter_922,iter_923,iter_920,iter_921,iter_926,iter_927,iter_924,iter_925,ll_338,ll_337,ll_339,ll_330,ll_332,ll_331,ll_334,ll_333,ll_336,ll_335,pns_988,pns_987,pns_986,pns_985,pns_984,pns_983,pns_982,pns_981,iter_999,pns_980,iter_997,iter_998,iter_991,iter_992,iter_990,iter_995,iter_996,iter_993,iter_994,pns_989,pns_977,pns_976,pns_975,ll_390,pns_974,pns_973,ll_392,pns_972,ll_391,pns_971,ll_394,pns_970,ll_393,iter_988,iter_989,iter_986,iter_987,iter_980,iter_981,iter_984,iter_985,iter_982,iter_983,ll_396,ll_395,ll_398,ll_397,ll_399,pns_979,pns_978,pns_966,pns_965,pns_964,pns_963,pns_962,ll_381,pns_961,ll_380,pns_960,ll_383,ll_382,iter_977,iter_978,iter_975,iter_976,iter_979,iter_970,iter_973,iter_974,iter_971,iter_972,ll_385,ll_384,ll_387,ll_386,ll_389,pns_969,ll_388,pns_968,pns_967,pns_955,pns_954,pns_953,pns_952,pns_951,ll_370,pns_950,ll_372,ll_371,iter_966,iter_967,iter_964,iter_965,iter_968,iter_969,iter_962,iter_963,iter_960,iter_961,ll_374,ll_373,ll_376,ll_375,pns_959,ll_378,pns_958,ll_377,pns_957,pns_956,ll_379,pns_944,pns_943,pns_942,pns_941,pns_940,pns_949,pns_948,pns_947,pns_946,pns_945,pns_933,pns_932,pns_931,pns_930,pns_939,pns_938,pns_937,pns_936,pns_935,pns_934,pns_922,pns_921,pns_920,pns_929,pns_928,pns_927,pns_926,pns_925,pns_924,pns_923,pns_911,pns_910,pns_919,pns_918,pns_917,pns_916,pns_915,pns_914,pns_913,pns_912,ratio_0,ratio_1,ratio_2,ratio_3,pns_899,pns_898,pns_897,pns_896,pns_895,pns_894,pns_893,pns_892,pns_891,pns_890,pns_889,pns_888,pns_887,pns_886,pns_885,pns_884,pns_883,pns_882,modelPath,pns_881,pns_880,pns_878,pns_877,pns_876,pns_875,pns_874,pns_873,pns_872,pns_871,pns_870,pns_879,ratio_450,ratio_454,ratio_453,ratio_452,ratio_451,ratio_447,ratio_446,ratio_445,ratio_444,ratio_449,ratio_448,ratio_461,ratio_460,ratio_465,ratio_464,ratio_463,ratio_462,ratio_458,ratio_457,ratio_456,ratio_455,ratio_459,ratio_472,ratio_471,ratio_470,ratio_476,ratio_475,ratio_474,ratio_473,ratio_469,ratio_468,ratio_467,ratio_466,ratio_483,ratio_482,infoPath,ratio_481,ratio_480,ratio_487,ratio_486,ratio_485,ratio_484,ratio_479,ratio_478,ratio_477,ratio_410,ratio_403,ratio_402,ratio_401,ratio_400,ratio_407,ratio_406,ratio_405,ratio_404,ratio_409,ratio_408,ratio_4,ratio_5,ratio_6,ratio_7,ratio_8,ratio_9,ratio_421,ratio_420,ratio_414,ratio_413,ratio_412,ratio_411,ratio_418,ratio_417,ratio_416,ratio_415,ratio_419,ratio_432,ratio_431,ratio_430,ratio_425,ratio_424,ratio_423,ratio_422,ratio_429,ratio_428,ratio_427,ratio_426,ratio_443,ratio_442,ratio_441,ratio_440,ratio_436,ratio_435,ratio_434,ratio_433,ratio_439,ratio_438,ratio_437
-4297.802832905438,-4298.114569650446,-4298.05808141427,-4298.144519544236,-4298.060237568943,-4298.052659162918,1000,-4298.004295191029,-4298.01143384824,-4298.071295961678,-4297.98053650139,/mnt/beegfs/rcabanas/dev/credici/papers/journalEM/output/synthetic/s12/random_mc2_n5_mid3_d1000_05_mr098_r10_18_uai_ccve.csv,-4297.9987654744145,-4298.135098332565,-4298.092512312053,LLratio,-4297.967108338959,-4298.1062742811855,-4297.935321206221,-4297.967981807484,-4298.073029939304,-4298.152501375919,-4297.997045671676,-4297.937245353587,-4297.988285276709,-4298.102302472186,-4298.000122427056,-4298.066172550492,-4298.1196084791645,-4298.036749373723,-4297.8992221518265,-4298.010675177739,-4298.100717345272,-4297.999728169934,-4297.999071605894,-4298.027928463393,-4298.057642959894,-4298.062417857209,-4298.077882379966,-4298.104098877728,-4297.982312148158,-4298.147634445782,-4298.106712865707,-4298.030263924596,-4298.1291259587915,-4297.9978484737485,-4298.082404310026,-4298.106751897698,-4297.99084212091,-4297.999848369932,-4298.125542567677,-4298.00072417531,-4298.004027269083,-4297.93308102122,-4297.841424852954,-4298.0072063581865,-4298.036459228171,-4298.010001662916,-4297.757242653626,-4298.078708325536,-4298.135761128063,-4297.947532447247,-4297.997413491345,-4298.087392809248,-4297.896450874071,-4298.0666128745825,-4297.98180732068,-4298.0080115674045,-4298.1455861624145,-4298.107994454192,-4298.056490416233,-4298.0142214512,-4297.880395817207,-4298.069646896013,-4298.0858878447525,-4297.95511213068,-4297.973178352896,-4297.9608262804295,-4297.9317714008885,-4298.054050891277,-4298.098441985054,-4298.078260726896,-4298.00198597277,-4298.080172392491,-4298.013660711839,-4298.131450619899,-4298.09748899663,-4297.990382142342,-4297.899309203893,-4297.964195751823,-4298.063235437385,-4298.035798212964,-4297.978690196146,135,76,88,108,116,71,124,74,108,57,59,156,105,144,90,112,122,181,82,268,74,157,62,121,127,88,74,55,74,120,-4297.980410832679,-4298.126391741109,-4297.987043174275,-4298.141939356428,-4298.064686904995,-4298.1276654692165,61,66,59,85,97,92,50,3082,145,98,155,-4298.037583485986,-4298.140825232669,-4298.012124143229,-4298.016970855644,0.9994286620616889,0.3721568390963921,0.9994315290093978,0.42218027245381406,0.9993781435958822,0.485080040446998,0.9994093719470911,0.4591074874477753,0.9993953625732539,0.47175823444601367,0.9994129779667887,0.46927835682782143,0.999385621570255,0.4150429619976796,0.9993764613913184,0.39202178907856583,0.4973785075959815,63,0.44688996794705277,141,0.9993974630321045,95,0.9993651629396654,85,0.9994041006099347,500,69,0.9993632388155103,206,0.9993668126552969,208,0.9993740629198479,56,0.9994027694814299,0.9993799932734251,0.99942977038138,0.9994142726121772,139,0.9994062316266557,0.9993755181833205,0.4872515761262483,0.999436122396888,0.4885813181395023,0.9994239373525985,0.3758279690788927,0.9993744178518957,0.4293946047819691,0.9993828413148977,0.4754919516913272,0.9994566905891373,0.4030508101839864,0.9993820505651394,0.4796440916939882,0.9994086066364632,0.39295586604876837,0.9993896369281206,0.37023460392876634,0.9993660337041773,0.4074233279309414,92,53,0.9993956745178689,92,0.9993953424634299,86,0.9994184704412469,97,0.9994117754295797,64,0.9993695450069329,44,0.9993906463145824,123,0.9993749725688031,84,0.9993835522912267,212,0.9994207885156995,0.9993916202409023,0.9994220854454058,0.9993926597747873,0.4513863248960522,0.999396741576827,0.3974577633438432,0.9993755531728058,0.49781619268085003,0.9993921082429625,0.42784671271779623,0.9993779024440296,0.4273705825214222,0.9993630762289767,0.49304872550830536,0.9993925142018916,0.5034613687236992,0.9994053075434545,0.43048123939556154,0.9993920122710759,118,0.37621188626256047,0.9993707475127844,0.9993693038393018,126,101,0.9993667269221918,0.9993764286030761,119,0.9993708825373488,61,0.9993823881126696,0.9993705855579434,87,0.99943752578424,162,0.9994032187358538,79,0.9993833510160579,58,0.9993656944958044,202,0.9993778709967086,0.9993677228230816,0.41475484691926545,0.4286114573299279,0.41599894954169647,0.9993910172135713,0.39773965869405076,0.9993691163940939,0.38876680213508136,0.9993841966271271,0.48480544591512115,0.9993798084496562,0.41517471193640126,0.9993972106623826,0.4778368155628299,0.9994407151637241,0.386660994667606,0.999375048219359,97,0.9993851797532056,69,0.999394603806932,230,0.9993905554749575,88,0.9994138300793869,0.9994507091176761,0.9993964064954379,184,0.9993656518251609,90,0.9993827856615891,0.9993653969715334,0.9993722320209106,146,0.999399554653907,83,0.9994098303780505,77,0.999385310029018,167,0.9993749113994627,0.4326995862699314,0.4318388810108695,0.41271146991951496,0.3660778845095311,0.4437255208356625,0.41544447886997743,0.36253244288125186,0.39704477563369633,0.4718548837655572,115,37,60,57,67,70,115,81,0.41992562658036886,186,0.4405511645741424,186,0.49378706644547926,0.9993831740839831,0.9993770176958637,0.9993653721612512,0.9993988956464491,0.9993860779013048,139,140,128,37,0.5082406064009766,51,58,0.9993652530598547,81,0.9994026414263912,0.34778399912931085,153,0.9993757255135662,50,0.9993873832835075,68,0.9993786125286297,0.9994243390512247,0.9993749570453018,0.9994083164690206,0.9993673517248889,0.9993927866813137,0.9994112663823863,99,0.9993745636842445,118,83,65,70,0.9994003992914006,0.9994004729358411,69,0.9993950851387231,112,0.9994255176686614,0.9994091193695315,0.9993778588765527,0.9993689488978038,0.9993909659815765,122,0.9993745000022923,122,0.9993730112906022,0.999392444271704,81,0.9993935862936992,0.9993640599062223,0.999384049993477,0.999396127050409,0.9993705881186311,0.9993741783300892,0.9993937280995787,0.9993683150798844,0.9993956407824471,70,0.36795502636986605,0.999405126434593,149,0.45269191838246226,0.99943408830822,85,0.4399526556865712,59,0.3890323342775219,99,0.3748811341691344,0.9993840773781851,113,0.42193161207072727,0.999405918878077,116,0.5009755023502942,0.9994093244234181,79,0.4591714590346306,0.9993685559884482,0.3871758121741892,0.9993676008924159,0.36039249511830207,0.9994128825074913,0.9993930051552372,0.99936817712502,73,89,0.9993994159950689,0.9993965859093563,0.9993754221555271,0.42516436079610853,0.34860919625898174,0.38884510564837,0.4246359367364789,0.43189592750124717,0.4895048753569619,0.3738789215399765,0.39959686948664014,0.38163219893649886,0.45898616483178944,0.9994156397619198,0.9993738448919701,0.9993703621868835,0.4843916098955544,0.9993773203224505,0.43357896474340735,0.9993786001340679,0.45012823213971204,0.9993822122658461,0.484825177727002,0.9993895614604753,0.49206252110585674,0.9993635732554897,0.48248314606592696,0.9993910923077007,0.4292876163373053,0.9993937518070518,0.4562764595633036,0.9994354199648213,0.47905281834562297,0.9993639513174278,0.43055459768398213,0.9993730495699249,0.9993757281345357,0.9993679937332004,0.9993850670634056,0.9993936015991618,0.9993667425317329,0.9994230678728275,0.9993665559173986,0.9993899642318503,0.9993988663937515,0.4343474616032355,0.9993722125697408,0.46893991055249584,0.9993777117165049,0.4256714299694906,0.9993699099782455,0.47070275369891357,0.9993681916508151,0.49289004903672595,0.9994142705878377,0.9993974650986867,0.49465311703768466,0.9994209098727719,0.4613239697202293,0.9993824430885881,0.46942473227644627,0.9994263232377192,0.3810225848361617,0.9993837691003686,0.9993620259363064,0.4753451456111578,0.999403934819736,0.9993880079062104,0.9993743822432426,0.9993953375438002,0.9994283310563075,0.9993767508201803,0.9993779849812184,0.9994387872525288,0.9993962801932776,0.432210897792765,0.3667440154011194,0.4318448579539295,0.5081751024832457,0.4353462369364736,0.44003152376817944,0.9993776710062574,0.35449655415050546,0.999390671589672,0.4263543148673042,0.43744140136156495,0.44585952304036564,0.9993966387808425,0.9993932040249075,0.999394706891607,0.9993665052958085,0.9993858432175382,0.999378435505375,0.999397684107973,0.9993894466383284,0.999398812479482,0.4448552531185553,0.37544642376761644,0.36035529335700694,0.488970071411499,0.49388933050075906,0.41311000264627357,0.4437590820310457,0.501442609010591,0.43047943490003293,0.5077180499226883,0.9993753590740136,0.9993724296222647,0.9993892015053149,0.9993786165303743,-4298.13612984035,-4297.955181937837,-4298.070949895676,-4298.102196213038,-4297.799627651811,-4298.123993552311,-4298.045800627671,-4298.089397331563,-4298.043861735377,-4298.133638178397,-4297.992394681121,-4298.080771802859,-4298.074990970905,-4297.970776983553,-4298.13356373804,-4297.854434857462,-4297.977181342279,-4298.111672207574,-4298.056674727718,-4298.042070200991,-4297.829828423659,-4298.0946409112585,-4298.125338042722,-4298.151440564364,-4297.95706814873,-4298.103481087311,-4297.944631291701,-4298.040373106945,-4297.969646409889,-4298.09894259869,-4298.092136538479,-4298.109202177497,-4297.9743230509885,-4297.792418478172,-4297.754209516469,-4298.010553303111,-4297.875972507152,-4297.9126360060245,-4298.012700050277,-4298.098414842072,-4298.013819286567,-4298.097679794333,-4297.886097284867,-4298.021271644332,-4298.049699562869,-4298.080182557207,-4297.923481097417,-4298.033926930761,-4298.021968934891,-4298.108195186898,-4298.0291219723695,-4298.146552676045,-4298.052508578259,-4298.063369737484,-4298.017251894779,-4298.118373854448,-4298.055642846122,-4297.990432813446,-4298.11450670317,-4298.035153447488,-4297.951225103018,-4297.981877094553,-4298.053726397049,-4297.997250547828,-4298.064993389851,-4297.842387256973,-4297.993098608044,-4297.969300236011,-4297.847589045672,-4298.005587621619,110,124,205,153,50,91,79,41,102,69,-4298.114192821646,-4298.06013424967,-4297.873630025007,-4298.140080976907,-4298.048131400846,-4298.0587944419585,-4298.110563035345,174,150,72,117,57,76,75,39,67,114,-4298.047402514016,-4297.985466329128,-4298.063354360957,-4298.099548999767,-4297.942838152775,-4298.008317439322,-4298.00610711383,-4297.95945080224,500,-4297.839288555457,-4297.777806224838,-4297.997185976455,-4298.144997074339,-4297.961790287207,-4298.097900950143,-4297.802668265739,-4298.057927265571,-4298.053253611363,-4298.09681662392,-4298.028540599371,-4298.077547069576,-4298.120446543359,-4297.889849499892,-4298.128234088579,0.4335792429207696,0.4477967115582026,0.3988961655418821,0.3763156555687559,0.38358659334590844,0.3846630818816103,0.4604525379242247,0.3775429292482645,0.4706106142118664,0.3942622126898941,184,83,224,0.9993966879277192,65,0.9994162243099222,77,78,117,0.999404244713142,75,0.9993732247535106,66,0.9993747746113354,100,0.9993911796369116,0.9993920530363036,0.9993983040141634,0.9994286852528669,0.999365544354354,0.37060696932294346,0.40539734485588647,0.5082406064009766,0.487849716890697,0.3948398229567371,0.38649766533636887,0.4842836525862735,0.36887876768381095,113,0.45801349297316934,147,118,78,0.9993851213472209,97,0.9994005388985135,0.9994492672275841,74,165,0.9993742852813162,104,0.9994160171588934,63,0.9993718142090259,137,0.9994279079784026,0.9993898947960611,0.999397308086709,0.9993847658555357,0.41534609315106724,0.4674379401783757,0.45015495089374385,0.4035374753184198,0.47495563342626745,0.3695233890728764,0.3755680488279597,0.39640954514592097,0.38990325746018434,145,105,94,62,0.9993669790225834,119,0.9993758005895576,94,0.9993780114170493,0.9993714421389922,0.999372069931085,79,0.9993917957136821,86,0.9993950712048671,62,0.9993803155353499,51,0.999390215175358,0.9993945442841019,0.9993932562147586,0.494474323361443,0.4029686163316185,160,61,52,54,0.9993769117768186,0.9993448006749341,70,0.9994747647951939,106,0.9993873957479626,0.9993889738259828,0.9993689391170093,82,0.9994016171231924,195,0.9993719951445692,176,0.9993657423201532,45,0.9993780729055014,0.999371860823125,64,91,110,-4297.962242448852,155,-4297.969092329897,118,52,-4298.120213682968,84,116,162,51,97,-4298.013845207953,148,-4298.024259434126,65,-4298.000134629145,176,-4298.146768679764,-4297.938493555083,-4298.143059343394,95,-4298.057441450773,298,-4298.076504761511,252,94,72,116,-4298.050905786763,-4298.018185267025,-4297.880905218619,-4298.010634466634,109,-4298.099656250876,71,68,-4298.1397061218295,60,-4298.089728973512,53,-4298.049814591737,-4298.026489488989,61,-4298.048760792027,140,-4298.146763062497,49,93,144,88,51,49,244,84,145,177,63,63,79,67,63,143,-4298.021465790577,97,-4298.030926210855,124,-4298.048045791475,113,-4298.133929365676,108,-4298.111606316157,61,-4297.945666621437,123,80,114,114,86,111,98,73,60,382,102,108,42,71,181,131,212,90,130,97,145,132,47,90,72,73,139,85,0.9993768824716213,0.9993865966592539,0.9993677949624296,127,0.9993803356964468,71,0.9993629437153956,171,0.999387222028014,100,0.9993763678678008,0.9993739228575443,-4298.031411046265,0.9994053826667634,-4298.066986409812,0.9994188848998226,-4297.985341559476,0.9993870791647604,-4297.847475977992,-4298.154239233257,-4298.152683082823,-4298.092823530363,-4298.018028206819,-4298.093564525343,-4297.96975523295,80,79,131,80,70,0.4137014816864871,123,0.4927238157138451,0.46774188482863505,0.38382281060260187,0.40226410882046104,126,0.35317828573278026,61,0.48941350080355045,148,0.37624238334026033,215,0.4213403540923219,-4297.9205928661595,0.9993631724972211,-4298.071321265511,0.9993809722913136,-4297.991077749943,0.9993683787647456,-4298.111263266615,-4298.1432340300635,-4298.022961593977,-4298.132929564568,-4297.926281751283,-4298.103678144781,-4297.9369319898815,69,89,122,107,82,116,110,0.3860755668348684,193,0.48250506554311146,0.47991466807404165,0.4143441820844086,-4298.02879651096,0.4073485899392579,0.41743882414478695,136,0.38565676547100386,174,0.42272570951740707,0.48704569422597493,0.4683032569860019,151,0.4848767178118409,-4298.147848496029,94,-4298.065800024717,106,-4298.132850910291,101,-4297.9963026293535,-4298.149746407734,-4297.973299600458,-4298.029302515391,-4297.997655250093,475,73,116,52,145,210,-4297.9975200816925,150,-4298.03790905689,106,98,83,58,89,0.4819500482256646,125,0.4920232317029162,85,0.3876697520452153,0.4386670181468988,-4298.07589671337,0.4204459289184067,-4297.908942799377,0.41500172325935886,0.410721770876191,89,0.4013741435390099,201,0.42699342879190966,111,0.47266288575039006,89,-4298.1069981484925,57,-4298.087056683172,118,-4297.989628015179,72,-4298.046403115526,-4298.051566813015,-4298.14357593383,127,-4298.129355262054,-4298.091568781383,79,152,161,165,-4297.973345459234,116,278,180,70,110,32,0.3917688527903218,150,0.3740358167293566,230,0.39924076508149,71,0.3624346060517565,0.38221714912494453,0.465206333063257,0.4022711648743818,0.999,0.4146500821444862,0.3649570008913037,0.999399942117004,0.370625117655955,0.9993846196968872,0.9993766600700383,0.9993919124118888,0.999397142934009,0.9993969911397412,0.9993938444770173,0.9994100791749349,0.99936853349162,0.999383712530607,0.9994214215218642,104,80,70,118,0.45511824049432936,86,0.47357678048450313,65,0.39073463070004855,42,0.37530483213345456,60,0.41852452963525083,0.47344205584514104,0.41969184206998256,0.48873545185350425,0.3886973912308293,113,0.425618064481392,0.9993821708962058,0.9993875575758348,0.9993941379840179,0.9993916590242071,0.9993807609307064,-4297.910779589379,0.9994203385400354,-4298.054347956893,0.9993860067723865,0.9994272068409837,-4297.945454672705,0.9994039279705201,0.9994057065829498,0.9993958814805952,-4298.0674563984,150,-4297.92292717023,195,-4298.003551188389,-4298.029326502469,-4298.044295155816,-4298.02033285212,-4297.917803604894,0.3651434127212326,0.38350362097641943,0.43534445199034383,0.41574990492885117,0.3836665280355374,0.4640089284098796,0.3888573002423806,0.9993724969694247,0.48985981555429847,0.4624867370165264,0.4461663899828909,0.9993988406233714,0.9994370484698294,0.999375799919563,0.9994319407176254,0.9993710322087722,-4297.879555591712,0.9993168289381149,-4297.987705269041,0.9993885769700439,-4298.056339876511,0.9994258198078291,-4298.045493260429,0.999385773626971,0.999378076681656,-4297.997217732823,-4298.146557833427,-4297.9878240191665,-4297.871486085164,-4297.858111347146,-4297.922952245071,0.37955714179224365,0.4716223521258781,0.47329863976621733,0.4582078510559591,0.3494635805855711,0.3752361455165687,0.46463625499729916,0.4108379327717306,0.9993789213954402,0.3862325370397762,0.9993947731866359,0.37065484618690975,0.9994141376823621,0.9993721977803326,0.9993796508447249,0.9994010266099462,0.9993908893483501,-4298.03441162528,0.9993864991002552,-4297.940544007674,0.9994143357216007,-4298.1221447557955,0.9993698696582506,-4298.0409903382215,-4298.139433393372,0.9994115023811009,-4298.111044954838,-4298.069950354621,-4297.946292861569,-4297.979163295166,-4297.955189343063,0,-4297.942443673695,-4298.14033189452,-4297.979535395199,-4298.089734316604,-4298.1398196549235,-4297.995644363906,-4298.050768818826,-4298.095291701406,-4298.045154780593,-4298.082875320171,-4298.063257276303,-4298.127162583879,-4298.00964221494,-4298.1005623624405,-4298.098596717013,-4297.95512973769,-4298.131305827369,-4298.021916622315,-4298.10696500938,-4298.023389200995,-4298.018477785398,-4297.886225732968,-4298.078119906093,-4298.046134494017,-4298.050937031923,-4298.092312799094,-4298.127273337138,-4297.920157796906,-4298.132438926385,-4298.142411885145,-4298.1158959436,-4298.132306125794,0.48409577451248426,0.44305210329925726,0.41292532736028786,0.382818070988474,0.3889897972106733,0.4314432798665988,121,71,38,240,99,160,101,36,151,135,0.443485702347924,0.4316960958331383,0.4802662354349547,0.4055231982098106,0.41054281535693793,0.44095795846153696,0.47139706638641954,0.4229163463885009,0.4144427048733162,321,183,106,81,55,211,74,94,77,60,0.3868604371563046,0.433532389770865,0.4690753783837938,0.47326596891976347,0.4374647949901502,0.3645995972706686,0.4478635205075527,0.44613015030934866,0.44081287804914937,159,101,178,45,108,74,102,139,181,0.9993667417209724,54,0.9993928915104754,0.9993906917411067,0.9993936543113234,0.999371932119758,0.3913340681125246,0.9994105169428787,0.47527464774388173,0.9993867110621252,0.4310282909359733,0.45641453118917835,0.9994255762775823,0.43154815041590716,0.9993954100589559,0.48620039718279245,0.9993860460534156,166,96,48,96,76,63,94,143,237,0.9993917233816851,120,0.9993653985589606,0.9993770189382213,0.9993747106872145,0.9994050697423758,0.9993865448094622,0.9993637577442764,0.9993862997789725,0.9993699307888572,0.9994066625450708,138,101,203,68,183,93,54,131,96,110,122,101,95,108,95,202,76,500,78,56,57,62,105,215,95,80,149,74,56,31,65,59,131,51,108,500,106,54,68,138,0.42239221549444633,0.43398627903608256,0.48791594233107216,0.39998839360801797,0.35229471103061333,0.45801829969649915,0.3819293690547649,0.42890870325641706,0.37440714572588046,0.43338315828097607,0.9994103713219397,0.9993720626442465,158,0.9993823069887764,93,0.999376127109717,106,0.9994049155978121,180,0.9993762994030396,54,0.9993623812799682,0.9994012913296705,102,0.9994333499452764,45,0.9993905790057753,0.9993620194599603,112,94,102,0.3653719496717648,0.4737508206549377,0.38818943533813516,0.49145218439831856,0.4491849074674504,0.3646991920929751,0.4115833623725897,0.4856521796617835,0.3790657676051456,0.40411146554209926,0.9994277665996782,0.9993985297962451,0.9993638054621685,53,0.9994117081166551,70,0.9994027279502533,174,0.9994083026089169,66,0.9993816178157208,77,0.9993654619713714,87,0.9993694817890257,74,0.9993883516063261,126,0.9993898813030321,93,500,0.4215233206964736,0.35278692952402674,0.48191613296963515,0.41603941763927094,0.4228227145719181,0.38283679357578626,0.44859597855310746,0.40988252917253254,0.3509630510686431,74,0.43755217712318395,0.9993875831646856,0.9994158046241775,0.9993970571017475,0.9993821977075041,51,0.9994007417016695,132,0.9994308767732113,193,0.9994157987934094,75,0.9994007140889891,82,107,0.9993847825163569,61,0.9993873045797159,110,0.9994258901187758,65,0.3884452343650594,0.49063795384092224,0.36961694051668065,0.4536075130091105,0.3819980389280275,0.487173960484032,0.42983165615998215,0.35577805356184206,0.3838163386653712,0.4266854073358173,119,180,221,0.9993852456780559,133,0.9993931549458598,98,0.9994169960318326,73,0.9993910637101066,80,334,182,0.9994105662277739,134,0.9994186293650605,0.392313341480271,0.4939815295673075,0.43192296216840204,0.44519621046955427,0.3918359815562373,0.4758602756291248,0.36780708314029614,0.45920524849777683,0.3814700974577586,0.9993922419218886,-4298.083080059917,-4297.983458228117,-4297.809313679605,0.9993646188981722,-4298.008242971353,0.9993978515408232,-4298.012248694514,0.9993637564382035,-4298.127555912343,0.9993946634815247,-4298.025840577741,0.9994190564848928,0.99938452637819,0.9993800937959051,0.9994121849141547,0.4675700647572842,0.9993802351780546,0.4905507784978092,0.35399727437517836,0.3762130557769302,0.47267464143402677,0.3916185249860366,0.36573536650004645,0.4786608117901857,0.43979900924677345,0.9993776402903527,0.9994040807648552,0.9993644987853387,0.9994002946103354,0.9993870930190328,0.9993730035852719,0.9993911869453856,0.9993678052550485,0.9993765911526151,0.9993858923511157,0.38434460632313705,0.4750557794445295,0.456126146223237,0.4197518416368029,0.4871004966865246,0.37774993107504845,0.46332238576850654,0.4940694479978547,0.3872028236543828,0.9993825828459478,0.9993984594921062,0.9993890680720098,0.9994040914283575,0.9993669924746091,0.9993987425821569,0.999363505369772,0.9993910692876564,0.9993984280618676,0.999363064086009,0.3865338574965152,0.38196222267382196,0.474723364677928,0.4222128044550072,0.41531536228631,0.4626650893187315,0.4934978186495338,0.37462926371264466,0.37150311167712907,0.9993936908316391,0.9993812990534109,0.9993737755354921,0.9994125480296014,0.9994150245686103,0.9993925437004942,0.9993999575074135,0.9993720118836504,0.9994163474309443,0.999366974186555,0.9993645782816392,0.4705451760229591,0.48337274011668313,0.3622637759926299,0.36604124488447176,-4298.0738102514915,-4297.989224490832,-4298.0553357500485,-4298.079012960724,-4298.145399243524,-4298.065837343825,-4298.032782859746,-4297.995770167497,-4298.110400153618,-4298.144149464952,-4298.108401869484,-4298.092412603565,-4297.879029093313,0.9993884951260918,0.999407865728335,0.9993738213543211,-4298.1254636681615,-4297.941867371977,-4298.020013728534,-4298.064067895966,-4297.948960776375,-4297.829226057152,-4298.0902492677305,-4297.946044608003,-4297.895533024964,-4298.042962197605,-4298.147556527361,-4298.029203514283,-4298.017765974417,-4298.088432789944,-4298.082928626149,-4298.067393786984,-4298.035787159274,-4298.103124914059,-4297.960470745913,0.9993719167990692,0.9993668267337098,0.9994317317107999,0.9994046780106742,0.9993758768326808,-4298.014412316268,0.9994049409023886,-4297.996618470317,0.9993748766224236,-4297.937011509488,0.9994107576903789,-4297.890268001648,-4297.8289805461445,0.9993687393086998,-4297.8993841272195,0.9993626701777015,-4298.093799409271,0.9994374537732663,-4298.113670571972,-4298.029526467717,-4298.12371625928,-4298.058859613092,-4298.0777319626195,-4298.116830181097,-4297.9009724915095,-4298.066401082231,-4297.877693030152,-4298.060698281308,-4298.086749496193,-4298.120303185873,-4298.127693433109,-4297.929524204263,0.9993741201070387,-4297.918737107792,-4298.037959627127,-4297.834203391187,0.9993770960504708,0.9994444768513837,0.9993690519198972,0.9993813854037926,0.9993791016330288,-4298.075072792479,0.9993847046567041,-4298.0265052156465,0.999388100514723,-4298.100550648931,0.9994031888110343,-4297.975602060711,-4298.060036963798,-4298.081030798774,0.9993804457795726,-4298.148590009507,0.9993996512851491,-4297.715563567911,-4297.923636149807,-4298.103379856673,-4298.11835831418,-4298.122910088137,-4298.023088456716,-4297.968069660036,-4298.025247079366,-4298.116701095043,-4298.034339872062,-4298.051639333447,-4298.080437483957,-4297.887953183082,-4298.041383335677,-4298.100915674131,-4298.064688422127,-4297.911603239165,-4297.7471069192325,-4298.056526997514,-4298.0430044443865,-4298.146805518705,-4298.022462400819,-4298.135033809723,-4297.835553681115,-4297.962320558288,-4298.014101845545,-4298.031512244133,-4298.00289078615,-4297.81580367864,-4298.098204596868,-4298.0546314797975,-4298.100743008095,-4297.925608161286,-4298.035721225876,-4298.068973824105,3,-4298.096032901257,-4298.024834338873,-4298.085929222456,-4298.024527699407,-4298.149694182178,-4298.146643444418,-4298.01690789785,-4297.951665428727,-4298.109516575682,-4298.004908134207,-4298.037221073767,-4297.935083061605,-4298.052731358589,-4298.0921268553,-4298.028937103783,-4297.95370823238,-4298.018491068478,-4298.041652982098,-4298.050472047971,-4298.007550967703,-4298.117386621193,-4298.101945807708,-4298.137920532654,-4298.017867931371,-4297.993406563816,-4298.069075913204,-4298.0055775977235,-4298.081184357151,-4298.096596378037,-4298.0114455204575,-4298.059490241586,-4298.077478440506,0.3797927823685903,-4298.0680892172595,0.4857977882555571,-4297.9538818730625,0.40550010197635944,-4298.035462598535,0.41511576608443024,-4298.136974447165,0.4522911100196206,0.42747057289273555,0.5011336942149169,0.45187309074067866,0.40575820795680584,0.3936348542503139,-4298.147058886111,-4298.076457978841,-4297.935741102825,-4298.096701085503,-4298.15002134161,-4298.115216261861,-4297.855306534106,-4298.084892086121,-4297.950590659395,-4298.010838684165,-4298.130551301846,-4297.964095620284,-4298.035120893771,-4298.096183383398,-4298.057480613629,-4297.867635304425,-4298.099505671592,-4298.031012875152,-4298.096867677942,-4298.134946196852,-4298.086924581328,-4298.020121781298,-4298.013658517816,-4298.082858109645,-4298.005350218589,-4298.10946665207,-4298.037335204979,-4297.996002030191,-4298.05177812144,-4298.101068819526,-4298.0017965588695,-4297.9739731015825,-4298.042468480017,-4298.036280970468,-4298.154211379151,-4298.083636654009,-4298.00085468926,-4298.0068923608815,-4298.010946326114,-4297.824094138555,-4298.095280429192,-4298.14593052715,-4298.10680037754,-4298.085574249727,-4297.83857432402,-4297.869058735471,-4298.0908820875875,0.3745386583551045,0.4760340894979905,0.42390661296807575,0.4854666286449823,0.46704696186334244,68,75,53,99,60,240,74,333,67,132,0.4647098023034214,0.48564284671948604,0.43235617897432405,0.4758648321199014,0.4815568049833458,174,120,80,106,181,63,185,114,94,48,92,159,131,143,97,91,172,193,107,189,192,132,58,165,121,96,41,110,115,119,108,46,88,98,125,69,85,52,126,224,202,54,89,29,120,111,143,88,247,79,0.4851700284001112,0.43272577965070513,0.4071833189483597,0.377412985455194,0.3556684575832399,0.4804065963202356,0.36945574313326085,0.42291687517483606,0.467725694093983,0.4336726136219409,0.9993897163821477,46,0.9994003884408058,57,0.9993726771996314,81,0.9993763949501945,53,0.9993643654332169,51,0.9993825741685405,136,0.9993850159960649,139,0.9993795105948151,54,0.9993807203183417,0.9993902600278757,0.9993640748464515,139,87,0.43053022357169096,0.4235616894569055,0.3604647269957281,0.42903742631458786,0.46740218168553826,0.48529884016865776,0.4587178141012026,0.38046801798400387,0.46887232757448216,460,0.449171430283814,0.9993790057069352,0.9993658137285227,187,0.9993801046737177,135,0.9993845172720409,84,0.9993747456992305,132,0.9993675271612009,105,0.9993710927568676,65,0.999412824950323,39,0.9993753978093862,120,0.9993636889622189,0.9993630001611206,177,0.4956125028728692,0.4669051909975892,0.41124884939250544,0.4876356937229792,0.4825711353480952,0.42134236917216117,0.4229664712269305,0.4784529168586523,0.37975927999641984,0.4835001950820735,79,62,0.9994091220293099,0.9993921795438728,0.999363785556723,115,0.9994086470133505,131,0.9993952214686094,149,0.9993798673980776,186,0.9993818211397397,118,0.9993861469066978,94,0.999393583205061,99,0.9993881975271836,252,0.9993911542543008,0.47989824929578184,0.42210077857700196,0.36166017540496415,0.4437422664113539,0.43270355530523635,0.38510001545564765,0.3521947817915102,0.4672920144808338,67,0.37781335994903126,87,117,0.9993637478727672,0.9994184378369381,0.9993847390069517,0.999388260225847,106,0.9994151812013736,184,0.999372418014305,0.999389228043359,98,0.9993939513307806,120,38,0.999389576791467,70,0.999381844877374,138,0.9993744579994006,0.3861337554653207,0.48365677121620426,0.48806581614347133,0.45035657932045836,0.4380144919733234,0.48118645927721976,0.4876944641019241,0.3671345706363177,0.4813615929965049,0.9993950347105763,0.9994017292568542,0.9994422243905889,0.9993785649230994,0.9993890563133093,0.999368223626106,0.9993918742687564,0.9993959661419769,0.3738620044736702,0.9994364363988866,0.38435837744389223,0.999416778959636,0.4851318724988256,0.49541320148377554,0.3733702059204396,0.4766218743339739,0.3608423473785538,0.42360762056288664,0.38005404441752305,0.9993917197248693,0.9993790414119432,0.9993745027258636,0.9994035560395115,0.9993804267545721,0.9994070745199443,0.999363332960305,0.9994640261638296,0.999383922869739,0.48669401543360424,0.4812807516799877,0.4461646019081159,0.9993739041699756,0.4505669302902144,0.3888701682561046,0.3781158548831237,0.3755564082126008,0.44668508517937466,0.43999691324668433,118,0.999398669140717,157,0.9993707174985171,143,174,0.9994212792263425,0.9994125295386622,65,0.9994233990687099,73,0.9993945316148136,0.9994260125503585,0.9993760724954158,0.9993714521512231,0.999437650942709,75,0.4640890202087271,74,0.35844805346317016,169,0.43625725229171575,59,0.4934084629258141,65,0.9994114003912787,114,0.9994221747514929,106,0.9993878931061859,147,224,0.9994375938504114,0.9993932291497791,64,0.9993829855992051,68,0.9993687100991905,0.9993768979612164,0.9994104290488603,0.9994097509465578,59,125,122,-4298.13023419492,-4297.978984688364,-4298.001805446398,-4298.133624287277,-4298.102442163377,-4297.929515498694,-4298.148994915651,-4298.076937082864,-4297.8628691753065,-4298.1407194898,-4297.973260114754,EMCC,-4298.145463499663,-4297.9516768670865,-4298.126126473992,-4297.968848523464,-4297.965440601475,-4297.950795034512,-4298.127755906304,-4298.059372467942,-4297.935493580491,-4298.020977046284,false,-4297.844300809814,-4297.881157257573,-4298.100288479709,-4297.988861114227,-4298.012031822532,-4298.029746798533,-4297.989177827114,-4298.086116595788,-4298.12443663365,0.9993764181563579,0.9993647694392214,0.9993682893283674,0.9994164485997207,0.9993860387882677,0.9993858754886152,-4298.034054976797,0.9993664849247946,-4298.1285446462625,0.9994066443822568,-4297.891692266912,0.9993878832828964,-4298.134728480514,0.9993791793680382,0.9993898979872725,-4297.772827899201,-4298.00634918547,-4298.13392587871,-4297.931418588972,-4298.0551161247395,-4298.018411962323,0.4661150904393008,0.43137202050326445,0.488038230500655,0.44649310440723683,0.47873223707408813,0.42928060318419986,0.40475921711164625,0.42569371819753876,0.4328273585806166,0.47513144862160916,0.999387155479244,-4298.098793030042,0.9993709347215101,-4298.1386168573445,0.9993671191434984,-4297.948619182277,0.9993670882657751,-4298.054071202841,-4297.992810250991,0.9993797182458808,-4298.092267870119,-4298.110316497827,-4298.1339930131235,-4298.064927771378,-4298.139712949145,0.3566178687047433,0.35700469352503306,0.39082585749142995,0.4329816238782259,0.43281742738782214,0.44886061972540403,0.4898398486633265,0.48707720101432606,0.4245408094787036,0.36691603117105914,-4298.086064469885,-4298.116120378368,-4298.062496341824,-4298.138433336595,-4298.12970978947,-4297.977052649287,-4297.82951875857,-4298.009497132095,-4298.0666375184055,-4298.117397634262,0.3776501889894469,0.47474871261580864,0.432022695681381,0.3621939436034082,0.4275381714583618,0.3922247949994333,0.43010703584524224,0.5005895773530394,0.43641693920361935,0.3962716877179166,-4297.90149437447,-4298.010925168699,-4298.098529953743,-4298.061630714957,-4297.895917075144,-4298.031121574507,-4298.026933060666,-4298.121872866095,-4297.91146302719,-4297.940254530449,0.9993648793072893,0.9994024378622876,0.9993684943105003,-4298.013373408318,0.9993651383532818,0.9993828416676602,0.9993681981527686,0.9994008956569965,0.9993950636718568,0.9993939366915554,0.9993891437744662,-4298.103044542642,-4297.986480002868,-4298.081546960006,-4298.11046376006,-4298.078409781349,-4298.04646269835,-4297.930095757482,-4297.9677465903505,-4297.909680685181,-4297.941428767534,-4298.030076371165,-4297.853536065984,-4298.10917700485,-4297.831571330032,-4298.094971697596,-4298.1204765953335,-4297.995880995108,-4298.048957373031,-4297.929244099893,-4298.085179868124,-4298.1154766683385,-4298.052077409133,-4298.026766267511,-4298.04440520523,-4298.01610517274,-4297.879857953303,-4298.06757170641,-4298.348607853315,-4298.040021123123,-4298.008607066625,-4298.073635588394,-4297.974002556891,-4297.966353581172,-4298.057040114678,-4298.091272383232,-4297.873893234895,-4297.991143937503,-4297.903429447236,-4298.051074722352,214,0.9993752146076328,73,0.999379241006463,60,0.9993947063814423,51,160,0.999383179161956,278,0.9994001192551479,123,0.9994212966488001,143,0.999367318058881,0.9993664699224823,0.999362423528596,0.9993985698050344,0.9994053279717842,142,56,64,29,0.9994069918473177,116,0.9993779120650479,62,0.9994083205631982,80,0.9993816883755253,196,0.9993796855025368,198,0.9994137480387382,85,0.9993853147518718,61,0.9994041196219513,0.9993895588902447,0.9994028379592795,0.9994062083430546,219,104,136,0.9994219613171392,66,0.9993640313858423,66,0.9993823938428278,111,0.9994021131392955,71,0.9993775621353842,56,0.9994256947333685,198,0.9993727719296177,51,0.9993847475128367,132,0.9993960199492691,0.999397421055019,0.9993749930228967,54,122,109,0.9993962071808973,0.9994134435080395,-4298.048537802312,-4298.129399529047,37,0.9993795814278982,96,0.9993894051894322,0.9993955572017341,84,0.9994347570926254,87,0.9993984842771906,73,0.999366315814833,82,0.9994100830785927,130,0.9994543334928703,0.9993945759956595,-4298.092529078835,-4298.090315884918,-4298.150264108459,-4298.0458482889535,-4298.126888685247,-4298.075464409808,-4298.1492801431805,-4298.072726582239,0.4223841335981906,0.4082521169777891,0.39026002602241006,0.44266483037596455,0.48993680464311024,0.472123199469299,0.47115020983542183,0.49197981318119505,75,68,79,105,135,166,89,408,53,74,0.35750816281862013,0.4972324770125252,0.4794300696272573,0.3701427292704425,0.4851695529561566,0.48715486832287846,0.3899767632054596,0.4790334915610795,0.497648423709179,111,46,52,40,136,76,98,115,128,101,0.4939659658029727,0.4803962485279071,0.4832030467699475,0.44702020042914337,0.480441852210337,0.4489734843934039,0.46331141778102847,0.4350408295822838,0.4776493316816781,107,67,82,147,173,122,75,87,101,295,0.44666119730198167,0.47960214914420624,0.43466048757937664,0.4592345117652102,0.479266675560409,0.4702847042977091,0.4830420571361064,0.4962620778820874,0.465205676230722,93,89,171,94,63,110,171,189,106,94,0.37733362971392514,0.4714709142956459,0.42270222131474483,0.4301318334570315,0.4811426204093263,0.3551282770222193,0.43004612047811935,0.38124254063589685,0.43304856316283247,0.38464973620086834,0.4290020152551047,0.4810801576458786,0.37555545323289385,0.42024008083709286,0.45574610104897534,0.448668158200842,0.3795055688320839,0.4189548543940857,0.46467744242663384,0.4201507393654207,0.3864763896641303,0.45972091094509815,0.4030582191771196,0.4253927387828616,0.45158846005488607,0.39813784037326067,0.35094516498880496,1,28,101,99,327,162,98,130,107,224,125,0.4137339929878555,0.48923882243956907,0.4320073295660701,0.3680191440839475,0.36305116278712646,0.4846114231499733,0.35519542079762256,0.4263355774729469,182,118,69,58,66,92,161,362,43,82,0.47702488270103693,0.4612424567359032,0.44394991911218107,0.44145175141852355,0.37369974152725816,0.36602094934671797,0.4892937967087851,0.47945713685490826,0.384021582701983,0.38134497286271823,0.4497012082613798,0.4211345367792733,0.49236105719637047,0.4772007392144961,0.39454869379905017,0.36725544838085855,0.43019507274348434,0.4117668695300072,0.3610204885026949,0.3640255944333637,0.48862247883868587,0.46283408604189363,0.49001821145225216,0.4397240727094093,0.4225936017673151,0.46460333358393757,0.41793352105515535,0.3626263359828287,0.3645630287507463,0.43335563322004483,0.46666708493243153,0.46087432683060836,0.37931392857817825,0.4302927891128941,0.3821595854243043,0.39376756417890424,0.36755578457164234,0.4848303657179906,0.41818137590146287,0.3632019857512101,0.4794041323666023,0.39850871146423095,0.43600438638664335,0.43225488358668696,0.4997470166377232,0.49197558317903317,0.3661800774118962,0.4097078387036348,0.47211988971545776,0.3836650918624973,0.999403963377571,0.9994442165747028,0.9993845861679235,0.9993923185165384,0.9993832199160135,-4298.0288279421275,0.9993958114600348,-4298.005138857533,0.9993787150411478,-4298.106046947549,0.9993632171557706,-4298.099381326745,-4298.1390790750265,0.9993789832570038,-4297.972640393821,0.999384640965808,-4297.998188727825,0.9993881707520913,-4297.867535574835,-4297.92112233963,0.9994130412070826,0.9993768543855733,0.9994045985934498,0.9993834884556734,0.9994132057470144,0.9993810465525882,0.9994143307263134,0.9993953432772507,0.9993742008586899,0.9993770357166928,0.9993834729179296,0.9993643383197857,0.9993652157832559,0.9993760209888617,0.9994036928834094,0.9993972213260385,0.9993236607733139,0.9993876211132876,0.9993873060651147,0.9994009573959618,0.9993697557645035,0.9993850778398655,0.9994127611841472,0.9994176646079694,0.9994217477269307,0.9993884913485099,0.9993725533085441,0.9994425275968972,0.9993890323526049,0.9994191406353949,0.999373845776476,0.9993745588397694,0.9993957126311216,-4297.898772201337,-4298.025676537822,-4298.126223229296,-4298.0609415715135,1,-4297.9475492348665,-4298.228296749545,-4298.017367435682,-4298.090189850003,-4298.003182058491,-4298.003834864385,0.9993810908604494,-4298.085196108459,-4297.66938773159,-4298.11133525826,-4298.1382276504655,-4298.111912949653,-4297.983940465304,-4298.1244786992675,-4298.1329087655095,-4298.045101174965,-4298.038314377548,0.9993751063843104,0.9993936677409129,0.9993995465263757,-4298.032975754962,0.9994402969324092,-4298.094968816097,0.9993806814167432,-4298.012091746663,0.9993667526238535,-4298.075551117456,0.9994402805246881,-4298.019897332086,0.9994037864700595,-4298.026178414954,0.9993813840117896,0.9993752040502705,-4298.014357830496,0.9994054616478245,-4298.111013615519,-4298.085460555547,-4298.113713632745,-4298.025071762804,0.9993894002460172,0.9993789247038629,0.9993650886221317,0.9993855628422581,-4297.870878109758,0.9993679124240445,-4298.05488266636,0.9993843881816057,-4297.922013178646,0.9993885553620203,-4298.112113428206,0.9993813021466198,-4298.056411529743,0.9993751304334398,-4298.101485832618,0.9994510155037633,-4298.034353596373,0.9994298850777045,-4298.002471803597,-4297.988577437343,-4297.779028229985,0.4015956721927333,0.4914544435309973,0.40111155634142176,0.48089142987616873,0.9993844134165222,0.3720942701651683,0.9993751188219759,0.42391874393066925,0.39712433718855217,0.46506737849404917,0.9993798514405916,0.9993855001357628,0.48583819279711027,0.9993753709448794,0.47921037418754436,0.9994437697633595,0.9993680659417042,0.999369876645732,0.9994234963863383,0.9993912464507575,-4298.117366539602,-4298.12786214816,0.9993949297591163,-4297.948882841174,-4298.082893356674,-4298.136541303936,-4298.117732714552,-4298.018659909553,-4298.0654862873525,-4298.132570495128,-4298.039760915385,0.4663097251541805,0.35762439141108676,0.4702917440114134,0.9993964627832891,0.4533974832368145,0.9993747356247586,0.3633381094519829,0.9994111746531914,0.3684006664074719,0.4916422506356703,0.9993985371804444,0.4264045421805748,0.999407311688055,0.4239083439387371,0.9994352538748056,0.3579709857462378,0.9993959488262851,0.9993641683550314,0.9994067676863873,0.999449551405176,-4298.072848413589,-4298.104394551683,-4297.928231098041,-4297.87694600146,-4298.057714706241,-4298.02813317267,-4298.132426496578,-4298.081265860318,-4298.109805763041,-4298.087264481811,0.35315017579585756,0.40062422911002604,0.9993866911561431,0.40216196314153235,0.9993839002488509,0.4211526161993067,0.9994272680477913,0.37225539057922824,0.9993713307208955,0.4808798122736132,0.9994012623172526,0.49785350224921243,0.9993842117807126,0.38381473741646,0.9993721746974086,0.4769390786523159,0.9993653114009838,0.44024428704072305,0.9993831515099163,0.9993868606377077,-4298.086742950438,-4297.861473259267,-4298.128713121472,-4298.021579749157,-4298.050317668791,-4298.092317232794,-4298.05252548248,-4297.95606421822,-4298.06999876599,-4298.070670099822,0.4338858204339296,0.42973517773191816,0.3737634131441149,0.4587237809185692,0.44001981612997626,0.4329277915014843,0.3730847054578043,0.3855079167480415,0.3752567459355729,0.4906079485299505,-4298.079902154679,-4298.023266323216,-4298.129695690824,-4298.026256871355,-4298.089677547538,-4298.047015974022,-4298.101167338924,-4298.071435011964,-4297.901425326153,-4297.874933072741,68,76,0.9993985221658845,46,0.9994092244189156,38,103,71,0.9994050213980507,43,0.9993827704040315,97,0.9994345332919505,142,0.9993853902034102,0.999408304330862,0.9993876839442539,0.9993668094254475,0.9993872331102776,95,0.999366230084966,101,117,-4298.134841395969,-4298.073220244088,-4298.062176262614,81,0.9993831479345754,93,0.99939111126808,91,0.9993638066613137,50,124,0.9994001074727327,195,0.9993938713430957,48,0.999370358573562,80,0.9993856733712643,0.9994020969149005,0.9994333236522057,0.9993965835785432,0.999399487603099,-4298.075465409176,-4297.960269083644,-4297.869400290257,-4298.065755926953,-4298.022212003149,-4297.850594547519,-4298.071695786823,-4299.108162865353,-4298.134862975139,0.9993863265255862,0.9993751702441704,0.9994243689203645,0.9993946695088889,0.99939277451739,0.9993792386429877,0.9994156758169552,0.9993929366541273,0.9993712577390808,0.9993897088126774,0.9993849445900064,-4297.974817231414,-4298.035507625984,-4298.147204795351,-4297.995722404058,-4298.155219474804,-4297.993323725156,-4297.970947947893,-4297.99111155476,0.9993724911164207,-4297.986401421843,0.9993954289315137,0.9994038534463291,0.9994461533327197,0.9993764591398212,0.9993749993340634,0.9994267233274347,0.9994181976816977,0.9994550388570972,-4298.13319905307,0.999372725256339,0.9993899940054458,-4298.073131781292,-4298.1041566220265,-4298.0956412086225,-4298.033661700436,-4298.024739341796,-4298.066656301111,-4298.1095488446845,-4298.1183033898615,0.38669893006455297,0.4741355069817924,0.3917783204793267,0.44628554719868196,0.4562163493171621,0.38338630564452486,0.4950084228470238,79,0.4802552735991471,78,0.4085364351850461,174,81,0.43800542853390717,0.473190995212763,0.4610690789895199,75,0.36724717311485144,0.4623253602532359,0.4883059394053967,102,0.3732354024680909,0.4479477604658804,121,96,99,90,785556,0.48448318363559645,0.43468323539082504,0.4911681757864619,0.4233989071527596,0.43447102127976955,0.37345430424974563,0.4394673142822678,0.42283920295979605,0.4397871209361686,223,179,116,74,80,158,176,72,54,113,0.48405385642528725,0.36878139295122386,0.44331635186378027,0.37833674064927936,0.45363426422268016,0.42652753962530665,0.439578857165286,0.4033937124915923,0.46531872199120433,68,143,83,104,135,101,77,78,101,210,0.3571255542113873,0.3721292553237078,0.4612575095907173,0.3535997728528971,0.4292567421428955,0.4491079553639041,0.3751758345298648,0.35901007669920365,0.4663057617358367,77,164,136,113,95,166,59,81,58,85,0.3952196472162469,0.3666911650716157,0.36037137813398984,0.47729306192905774,0.3902238664324091,0.43173008434507315,0.40805659539604905,0.36749893505249753,0.355499313837758,0.4313683086951654,0.3991982632843677,0.41039999776745995,0.390164855535083,0.49543003149402437,78,0.43190726873673607,0.3671207648390948,0.48305742769271315,0.4502227312685127,0.3872840227634548,112,108,133,302,49,105,49,72,0.4662096313985513,0.4449044415930196,0.43768367569736155,0.4057513898474656,41,0.411495427018756,0.48205398713904074,0.45135577573349256,0.47639259611095464,0.43944506762520535,0.4991702197351137,0.4084543629796156,75,0.37863446375342186,60,0.39060165055369567,0.4912987808167165,0.4844160470017594,0.4450040056127665,0.42118186624069265,123,110,34,73,135,165,85,61,0.3648888391084631,38,0.3774197162122116,0.48277143188846294,43,0.3571105217299922,115,0.3728349098749501,0.48217110233582816,0.39252908632323813,0.4243724031211362,0.41311024959173853,141,161,0.428246761095771,71,61,66,203,100,126,0.44765257202305175,74,0.48914148367958954,189,0.3858333496198001,93,0.44419726411729066,0.35902962258476134,0.499436703598947,0.4890329696508547,0.47590970839197816,46,29,0.38567757331168856,0.4570689515094647,94,110,109,115,0.46073538865196767,0.4532097087597636,0.37673505054704715,0.3803557081284336,0.4709210452452265,0.48375407548751737,0.362211128548722,0.49179918453912397,0.4937276753548022,0.47448044059185424,0.3638390666201605,0.44164560191772423,0.4227500828268195,0.4886905900676458,0.4424051505998192,0.4823414048857261,0.46787717083808633,0.4863462231728385,0.3866585154659552,0.3702790049984858,52,146,74,72,224,114,78,214,77,60,0.4075774906784022,0.3837304096072164,0.44409544563359665,0.3739614613944216,0.3947744017681125,0.4033438650128698,0.3878518911698666,0.41605409799818943,0.38430381326281204,333,0.36493378800360193,129,100,68,76,91,73,68,136,164,0.4692471581824963,0.401471221155934,0.4378290037831851,0.36955659335349017,0.45158430347779877,0.382834537230998,0.4148501159874514,0.39600290640908353,0.4922454248680756,0.4706754023629753,0.4151209224058399,0.4822310625392489,0.4612294963549964,0.49720379525898595,0.4811031920755037,0.40458800102974135,0.3576039598964028,0.4777188405934704,0.37408598368392815,0.4920039834968936,0.42084283884000845,0.49008119549651713,0.4675562425904719,0.4941193316883288,0.3722414259678147,0.39443946300807603,0.4408064751251951,0.48371824330861257,0.4570059929987963,0.47003656914968955,0.4848829008713038,0.37150879625131794,0.36916826301650374,0.48704017173693126,0.3708325748551284,0.46798612429456876,0.5005627363561626,0.4868025010585495,0.44574249293474083,0.45977827566908874,0.9993686917540524,0.9993730608422015,0.9994000122975827,0.999371243102966,0.9993813049370213,0.9994024086407463,0.9993968841019089,0.9993838762250794,0.9993843775738684,0.999364279385843,0.9994437314767913,random_mc2_n5_mid3_d1000_05_mr098_r10_18_uai,0.9994019957526682,0.9993833692652622,0.999379773474939,0.9993844795232815,0.9993678585708731,0.9993977144558832,0.9993969464006776,0.9993979181036086,0.9993983831322458,0.9993787220466476,0.999390845737864,0.9993978543781292,0.9994213168916404,0.9993824962265805,0.9993700715067846,0.9993740954001716,0.9993980987216939,0.9993635551386547,0.9993730699177136,0.9993736777087612,0.9993913887865794,0.9993979460532678,0.9994055310792241,0.9993981699053389,0.9993809017552205,0.9993731718950805,0.9994129225902414,0.9993763717663499,0.9994006068338999,0.9993954005926018,0.9993744639664012,0.9993893377241201,0.9994124751621766,-4297.86955439624,-4297.9894527499555,-4297.883646660087,-4298.058066019347,-4298.14035099685,-4298.030794763548,-4298.065982798367,-4298.124401144565,-4298.114229847083,-4297.891521650952,-4298.028395805962,-4297.909516299786,-4298.0265884299115,-4298.094921969738,-4298.1384328461745,-4298.138288352374,-4297.893235524386,-4298.07962949888,-4297.9108147489005,-4298.130519784509,-4298.145057894428,-4298.050920719767,-4298.080321808646,-4297.8653923332795,-4298.08732558856,-4298.145398486171,-4298.058594781696,-4298.148905840568,-4297.798075963945,-4298.0882637030945,0.9993952241826921,0.9993856383572334,-4298.133307055591,-4297.945934028038,-4297.875850055773,-4298.020406301547,-4298.128783629327,-4297.996997813809,-4297.92966567505,-4298.07504133071,-4298.022372001365,-4298.106964118427,-4298.13258709344,-4298.049394373995,-4298.047797769098,-4298.1125400742485,-4297.9594376353425,-4297.984558191458,-4298.020827820619,-4298.058784223213,-4298.013421487119,-4297.97229400313,-4298.026281274408,-4298.084089269872,-4298.002089048914,-4298.114056371039,-4298.06467766486,-4298.0976604187645,-4298.137319342518,-4298.0582167954635,-4297.906991155502,-4298.066489801708,-4298.080201024435,-4297.91361327812,-4298.111473704375,-4297.946101149094,-4297.871312998212,-4298.114274353059,-4298.097835805746,-4298.001472516613,-4298.075519094292,-4298.028566377102,0.9993941900522141,-4298.101392883775,-4297.99737197806,-4297.898375657704,0.9994227741339136,0.9994465046749565,0.9994133364194765,0.999393377720739,0.9994333706649762,0.9993778594267183,0.999383412808312,0.9993645337816994,0.999389876816961,0.9994108877528135,-4298.151889368946,-4298.001509762198,-4298.052101168034,-4298.135580807151,-4297.94407196105,-4298.067181883198,-4298.034430918338,-4297.859814794451,-4298.058192916338,0.9993848350697696,-4297.994967456179,-4298.048910058047,-4297.830695187497,-4298.128876792046,-4297.984823257525,-4298.04891233375,-4298.125754636974,-4298.038706151148,-4298.107857387162,-4298.143114584895,-4298.023543331958,-4298.08511215762,-4298.108370500993,-4298.111918896723,-4297.951290812484,-4298.067393241696,-4297.850273087131,-4297.973253086431,0.4340823001288442,0.48791454507472776,0.3637066244467544,0.35827023688142073,0.4912283283330353,0.4212403336737208,0.48155673628767803,0.40990957788895616,-4297.903753883105,-4297.960358382655,-4297.955908336586,-4298.108579123981,-4297.963251404219,-4298.080140945466,-4298.1013555704085,-4298.010159467713,-4297.981462475499,-4298.091154981787,-4298.106233106228,-4298.00776347379,-4297.999942003336,-4298.069707755002,-4298.117559271452,-4297.966789163797,-4298.082815372887,-4298.141196364257,-4297.9438251639485,-4298.14488613596,-4298.019374779972,-4298.015881247136,-4297.790907645931,-4297.933541550874,123,101,82,72,85,127,129,199,63,127,-4298.1434254188,-4297.892955454095,-4298.086114229657,-4298.0622305909965,-4298.056113859944,-4297.847386877395,0.48197964731036386,0.4695112742669984,0.42266538314663227,0.49121106538963905,0.3742843867794562,0.43140352749231753,0.4863542156151099,0.4470008973481985,161,0.4918098911471658,100,46,61,139,75,91,73,393,108,0.36388699051400336,353,204,83,75,133,68,241,56,130,181,0.9993860425811822,0.9994448376933402,0.9993773596379676,0.9993640750225437,0.9993792062645803,0.9994291836437874,0.9993641542137179,0.9993842582056993,0.9993632595263711,0.9993775777653242,0.9993689571494703,0.9994189231253521,0.9994186211892088,0.9993675344893647,0.9993793672387926,0.9993657282062732,0.9993917003756064,0.9993758114820851,0.999391280118582,0.9994227090069753,0.999365694609833,85,107,103,66,219,141,62,58,83,141,72,88,84,66,102,53,58,186,134,108,55,70,133,62,77,58,44,41,67,157,0.44118278034965036,0.3780863355704221,0.3882476906774382,0.36453841907339335,0.4857740145932238,0.3775220832325537,0.46251862741026406,0.3892088339207264,0.3892471622519335,0.4665521504332559,125,146,101,69,85,68,120,128,82,74,0.41922689137134245,0.3986353579950477,0.9993736642823456,0.4303175716099178,0.9994010448822137,0.4614872118317948,0.4886659802985988,0.4007166360814592,0.9993823837453327,0.49354355411975903,0.999375644247569,0.36546001590211735,0.9993900556774925,0.37521310253370804,0.9993808780750888,131,0.4886659609992964,0.999368152422467,0.4306050238756744,0.9993670576744732,91,0.999388637474054,43,0.9993935439454156,0.9993705927878735,87,123,135,64,57,70,111,0.3687848354300638,0.4638090114190045,0.47037540686695856,0.9993896264582288,0.36805133260297157,0.9991402722949047,0.3589337331887576,0.9993665246458274,0.49357757398927243,0.3985217846225976,0.9993994352572928,0.3658268671384726,0.9993636550368113,0.48879903402824243,0.9993988775000276,0.37922126891554636,0.9994037385350414,65,0.4357040981747176,0.9993669115272805,152,0.999372410511297,76,0.9993703749575268,63,0.9993921303320231,61,165,81,162,85,73,0.36901021559677044,0.39641683930192895,0.4301761838727795,0.47666600291444117,0.9994071214125829,0.4587691835500685,0.9993808575058659,0.4290455421960431,0.999383425440722,0.3984792762500617,0.9993665296632367,0.3835560210870019,0.9994326247450116,0.4902633503844962,0.9994282516310163,0.41016770491298254,0.9993825930995219,0.9993803354640756,66,89,0.9994046382564359,113,0.9993999496468731,109,0.9993617915444656,185,107,67,64,67,53,0.371484468160437,0.3608186330342409,0.3731379393348525,0.41098675872438717,0.4650697086063543,0.3854472013483578,0.4960377155359807,0.3915643344874688,0.39230971686502886,0.3574010463714899,48,160,67,0.9993812119702672,80,0.9993927179982168,83,80,132,76,109,317,0.489821864771274,0.37334065188040333,0.477300997790098,0.4357652032900962,0.406447356438722,0.4669681528364955,0.3592900080685698,0.374878191250321,0.3818750716065301,0.3704796147584599,0.9993812726052516,0.9993869505164339,0.9994003353643013,-4298.08273623532,0.9993713221119664,-4297.991041851231,0.9994231075475203,-4297.9415302376265,0.9993825403475763,-4297.951287729272,0.9993907223056188,-4297.97964766964,0.9994249387855179,-4298.019371768947,0.9993843811534958,0.9994282157951511,-4298.033894619659,0.9993652486183514,-4298.067076731876,-4297.992365503424,-4298.0488032892035,0.3600106932677254,0.37366339614921956,0.448351630053279,0.39017563713172965,0.3599700977738629,0.4434528735913489,0.4080119285707671,0.39351056401650897,0.3615123942056047,0.4829468425769229,0.9994080991732645,0.9993861828030701,0.9993764171254507,0.9993924728437046,0.9994208045719828,0.9994269650372435,0.9993743593359732,0.9993770308956117,0.9993677261011893,0.999391777470731,0.9993793038415117,0.3921862356567403,0.3549319479277847,0.39166769425133346,0.47810648032978514,0.4953268231114302,0.34778399912931085,0.42980284367376087,0.3982559212435644,0.4647678258398812,0.3791058494476751,0.9993789867560243,0.999384462840819,0.9993913411869169,0.9994264969514268,0.9994300949893403,0.9993816065591725,0.9993814504615336,0.9993856694406852,0.999367954560634,0.9993928650123776,0.9993777132385034,0.43076083582569247,0.43944757385673894,0.3785257923188173,0.4832928575406301,0.37971521740747577,0.47255607353161805,0.3890147473335501,0.4976844393046128,0.45463886974193146,0.9993786083348308,0.44855111242446705,0.9993826557958964,0.999366134414945,0.9993705076472374,0.9994097690689698,0.9993736089601359,0.9993723507740804,0.999377591973671,0.9993670911558534,0.999414571278948,0.9993809439632846,55,0.3598423007081341,61,41,49,114,139,92,87,101,123,-4298.041768133013,-4298.063060165764,-4298.081280908739,-4298.056948643354,0.4590965517899941,0.4027993543808841,0.4777109863270947,0.3971679682355128,-4298.081532731298,0.4796110065507733,-4298.141039119955,0.37155541712818646,-4298.149088071758,0.3809897248375894,-4298.036480488131,0.3787127858185864,-4298.008908197537,0.35805995623836706,-4298.082434438959,210,99,88,119,48,102,67,121,137,147,-4297.862375945034,-4298.052983929805,-4298.097851011731,-4297.771510398112,-4298.071307962447,-4298.018127511387,-4298.040114052094,-4298.097954441875,-4298.128894344507,-4298.058035793514,-4295.412100470537,-4298.097534401572,-4297.992845204051,-4297.974611085006,-4298.070955882308,-4297.967406930356,-4297.8176727232985,-4298.133882473938,-4298.072216647867,-4297.817602166414,-4298.073977557049,-4297.914928445306,-4297.897369393806,120,0.9993745624010555,94,0.9993810376931956,143,0.9993990679197231,92,0.9993683511512236,68,0.9993799837488029,0.9993992996702724,89,0.9993690825309917,250,0.99938098609369,0.9993675099381278,0.9993887198738284,0.9993902990687352,73,172,50,-4298.038062674103,-4297.936015326787,-4298.108934701129,-4297.80800982985,-4298.032614958482,-4298.040389353079,-4298.130625375714,-4298.039406541257,0.9994154078489015,-4298.140492216343,127,0.9993766372815441,90,0.9993795839318721,101,0.99939093676445,55,0.9994338846569901,89,0.999405623490166,58,0.9994239577336048,68,0.9994077237123212,108,0.9994386713255347,-4297.908580917978,0.9994179884160096,0.9993772849141793,125,128,-4298.319222369443,-4298.144266076513,-4297.975013558049,-4298.002844926083,-4298.009333221923,-4298.094020927493,-4298.103376052594,-4298.10030931478,158,0.9993620087756947,0.9994173184714699,99,0.9993779178868585,141,0.9994052052319568,74,0.9993719464831741,44,0.9993834678561967,78,0.999366234289534,110,0.9993711474605079,105,0.9994055604551172,222,0.9994226564177678,-4298.055069778421,-4298.0441319511,0.9993871326657644,83,-4297.934103502182,-4297.934811099296,-4297.971118519816,-4298.061905253356,-4298.120966433097,-4298.09043667656,-4298.045486872203,-4297.9867776619485,102,142,79,70,102,144,54,86,77,134,-4298.061972076737,-4298.072407204201,-4298.089656813182,-4298.023930028288,-4297.800746890887,-4298.057184312817,-4298.101848916851,-4297.97385028755,-4297.929265581866,-4298.010921668772,0.4669283032252719,0.42602779792334317,0.4271367528836654,0.48226999378498575,0.4706988836374209,0.4240067023030507,0.3647033734174395,0.43024428401450293,88,0.3626977436108934,102,72,113,84,91,60,103,148,110,0.35844675322015473,0.38585104084772265,0.37628293470299723,0.44623797855781133,-4297.916416977876,0.44545454473846924,0.44187740079697657,-4298.0619938458,0.4800594564107172,-4298.154285185195,0.40513352507604106,-4297.968509653292,0.47241054637760516,-4298.111544541795,71,34,92,47,151,75,102,128,90,229,-4297.893461677753,-4298.085862806533,-4298.11498099136,-4297.966982007241,-4298.136111757083,0.48206924557307357,0.3722668751037559,0.41205283724304226,0.4683664522783748,0.3734829825243756,0.3816239158114149,0.4822880241559017,-4297.84517656687,0.3954153626362758,-4297.92463347728,0.4668354592889498,-4298.078697556578,-4298.029872451141,198,267,80,80,237,82,54,69,35,103,-4297.824592652214,-4298.091370391354,-4297.887865537312,-4297.957678889188,-4298.046232607535,0.4790254315788565,-4297.966710923557,0.3937222954164364,0.4098602418858706,0.4388141977484613,0.3922049070342182,0.4152261577940563,0.43233724117173516,0.386716205013115,-4298.127007446684,0.38995804575725634,-4298.072445306095,-4297.99490348891,50,71,82,130,274,121,85,130,88,216,-4298.072667221878,-4298.100293998437,-4297.9939068275335,-4298.123861898969,0.48971507489444444,-4298.088585072654,0.36168006209354947,-4298.0769780458195,0.39866460083635497,0.41833081069547867,-4297.913535935439,0.43423810660211043,0.4146053586326343,0.4442502678706183,0.4651690001631931,0.46938790713110423,0.4823610891623379,0.44847438747502133,0.43115377815949657,0.481085526442984,0.4059023909093504,0.4947824741756696,0.4704953697532248,0.4780893338523994,0.4597419110071127,0.49700005339330294,0.46466372360301517,0.4151533290226493,0.40302370033349344,0.4358540564092668,0.46530342627019194,0.40635535750005924,0.389580497506817,0.42714188207371034,0.39591073574538227,0.44402765986320947,0.3882831642532231,0.39897398763828096,0.39951953888621,0.3990867794913242,0.4901103524703268,0.35942714955960214,0.3995369683148619,0.3685100025427748,0.4761949084491823,0.3542623127930715,0.42572448055377354,0.3571212081707191,0.3881118868755677,0.3721496625762075,0.36951405290448947,0.9993978963313819,0.9993731814688664,0.9993960776373383,0.9994056052969738,0.4926876455058966,0.4760215257610281,0.45717563833038805,0.47177994741986157,0.4322889930949388,0.3905400943990236,0.36518152009088145,0.46157316398407705,0.38013770232440464,0.48238166471985516,0.3646617437210673,0.4938933152286981,0.46423116447644264,0.49224990144869385,0.3843528078159273,0.44017435149972073,0.4894807821750802,0.42757706009173113,/mnt/beegfs/rcabanas/dev/credici/papers/journalEM/models/synthetic/s12/random_mc2_n5_mid3_d1000_05_mr098_r10_18.uai,0.4385430927839558,0.48610228586461934,0.397039398647551,0.4268466554167409,0.4749202614955908,0.36807265965114955,0.5010639029898146,0.36650201449837255,0.3622616954101217,0.44553378512045344,0.3747781587436893,0.4192820673468648,0.9993726359853862,0.9993955205081462,0.9994064279323819,0.9993792483184495,0.9994081354205806,0.9994104547622527,0.9993926807948156,0.9993730114977621,0.9994142376910863,0.9994267518022406,0.9993668864154148,0.9993780924255027,0.9993728037997017,0.9993822123926358,0.9993726844932617,0.9993718594403468,0.9993924084325984,0.9994071006478344,0.9994021933255424,0.999376687367799,0.9993743155692714,0.9994202630967901,0.9993865101019811,0.9994304806509766,0.9993843516474106,0.9993865095728326,0.9994372522119892,0.9993679165052076,0.9993990530456174,0.999364606053928,0.999432699498197,0.9994041022442248,0.9994092091393924,0.999397531786394,0.9993984939301312,/mnt/beegfs/rcabanas/dev/credici/papers/journalEM/models/synthetic/s12/random_mc2_n5_mid3_d1000_05_mr098_r10_18_info.csv,0.9994215137330261,0.9993743068933432,0.9993822615374991,0.9993857681025362,0.999366357741534,0.9993625658262131,0.999368642445254,0.999388882729964,0.9994014118493233,0.999397540446965,0.9993999658548418,0.9993996580697542,0.999386534927977,0.9993822859871793,0.999393378420875,0.9994114787859968,0.9994092098563367,0.9993786448682643,0.9993900015185071,0.9994026153193871,0.99937862646741,0.9993816742246708,0.9993705479751059,0.9994109451411184,0.9993641941493783,0.9993650520611027,0.9993843460950371,0.999375174749294,0.9994179704310818,0.9993803229813149,0.9993912404568377,0.9993751339690695,0.9993713117637084,0.9993719629538801,0.9994104159012416,0.9993792343490323,0.9994278068493492,0.9993842141567739,0.9994073147497624,0.9994014734845849,0.999378330264406,0.9994195103127873,0.9993824224596175,0.9993659535120673,0.9993828438161693,0.9993973970871308,0.9993713624475603,0.9993917717964497,0.999380434070004,0.9993679381666881,0.9993985809332606,0.999393137867101,0.999386397488379,0.9993947620071224,0.9994043252591073,0.999393039853786,0.9993867687325558,0.9993717150078004,0.9993670538151678
