ll_206,ll_205,ll_208,ll_207,ll_209,ll_200,datasize,ll_202,ll_201,ll_204,ll_203,exactPath,ll_240,ll_249,ll_242,stop_criteria,ll_241,ll_244,ll_243,ll_246,ll_245,ll_248,ll_247,ll_239,ll_238,ll_231,ll_230,ll_233,ll_232,ll_235,ll_234,ll_237,ll_236,ll_228,ll_227,ll_229,ll_220,ll_222,ll_221,ll_224,ll_223,ll_226,ll_225,ll_217,ll_216,ll_219,ll_218,ll_211,ll_210,ll_213,ll_212,ll_215,ll_214,ll_280,ll_282,ll_281,ll_284,ll_283,ll_286,ll_285,ll_288,ll_287,ll_289,ll_271,ll_270,ll_273,ll_272,ll_275,ll_274,ll_277,ll_276,ll_279,ll_278,ll_260,ll_262,ll_261,ll_264,ll_263,ll_266,ll_265,ll_268,ll_267,ll_269,ll_251,ll_250,ll_253,ll_252,ll_255,ll_254,ll_257,ll_256,ll_259,ll_258,iter_438,iter_439,iter_436,iter_437,iter_430,iter_431,iter_434,iter_435,iter_432,iter_433,iter_427,iter_428,iter_425,iter_426,iter_429,iter_420,iter_423,iter_424,iter_421,iter_422,iter_416,iter_417,iter_414,iter_415,iter_418,iter_419,iter_412,iter_413,iter_410,iter_411,ll_291,ll_290,ll_293,ll_292,ll_295,ll_294,iter_405,iter_406,iter_403,iter_404,iter_409,iter_407,iter_408,time_pns,iter_401,iter_402,iter_400,ll_297,ll_296,ll_299,ll_298,ratio_62,pns_349,ratio_63,pns_348,ratio_64,pns_347,ratio_65,pns_346,ratio_66,pns_345,ratio_67,pns_344,ratio_68,pns_343,ratio_69,pns_342,pns_341,iter_359,pns_340,iter_353,ratio_722,iter_354,ratio_721,iter_351,ratio_720,iter_352,iter_357,ratio_726,iter_358,ratio_725,iter_355,ratio_724,iter_356,ratio_723,ratio_729,ratio_728,ratio_727,iter_350,ratio_60,ratio_61,pns_339,ratio_51,pns_338,ratio_52,pns_337,ratio_53,pns_336,ratio_54,pns_335,ratio_55,pns_334,ratio_56,pns_333,ratio_57,pns_332,ratio_58,pns_331,ratio_59,pns_330,iter_348,iter_349,ratio_740,iter_342,ratio_733,iter_343,ratio_732,iter_340,ratio_731,iter_341,ratio_730,iter_346,ratio_737,iter_347,ratio_736,iter_344,ratio_735,iter_345,ratio_734,ratio_739,ratio_738,ratio_50,pns_328,ratio_40,pns_327,ratio_41,pns_326,ratio_42,pns_325,ratio_43,pns_324,ratio_44,pns_323,ratio_45,pns_322,ratio_46,pns_321,ratio_47,iter_339,pns_320,ratio_48,ratio_49,iter_337,iter_338,ratio_751,ratio_750,iter_331,ratio_744,iter_332,ratio_743,ratio_742,iter_330,ratio_741,iter_335,ratio_748,iter_336,ratio_747,iter_333,ratio_746,iter_334,ratio_745,ratio_749,pns_329,pns_317,pns_316,ratio_30,pns_315,ratio_31,pns_314,ratio_32,pns_313,ratio_33,pns_312,ratio_34,pns_311,ratio_35,pns_310,ratio_36,iter_328,ratio_37,iter_329,ratio_38,iter_326,ratio_39,iter_327,ratio_762,ratio_761,ratio_760,iter_320,ratio_755,iter_321,ratio_754,ratio_753,ratio_752,iter_324,ratio_759,iter_325,ratio_758,iter_322,ratio_757,iter_323,ratio_756,pns_319,pns_318,pns_306,pns_305,pns_304,pns_303,pns_302,pns_301,pns_300,iter_397,iter_398,iter_395,iter_396,iter_399,iter_390,iter_393,iter_394,pns_309,iter_391,pns_308,iter_392,pns_307,ratio_95,ratio_96,ratio_97,ratio_98,ratio_99,iter_386,iter_387,iter_384,iter_385,pns_u,iter_388,iter_389,ratio_90,iter_382,ratio_91,pns_l,iter_383,ratio_92,iter_380,ratio_93,iter_381,ratio_94,ratio_84,ratio_85,ratio_86,ratio_87,ratio_88,ratio_89,iter_375,ratio_700,iter_376,iter_373,iter_374,iter_379,ratio_704,ratio_703,iter_377,ratio_702,iter_378,ratio_701,ratio_708,ratio_707,ratio_706,ratio_705,iter_371,ratio_80,iter_372,ratio_81,ratio_82,iter_370,ratio_83,ratio_709,ratio_73,ratio_74,ratio_75,ratio_76,ratio_77,ratio_78,ratio_79,iter_364,pns_8,ratio_711,iter_365,pns_9,ratio_710,iter_362,pns_6,iter_363,pns_7,iter_368,pns_4,ratio_715,iter_369,pns_5,ratio_714,iter_366,pns_2,ratio_713,iter_367,pns_3,ratio_712,pns_0,ratio_719,pns_1,ratio_718,ratio_717,ratio_716,iter_360,iter_361,ratio_70,ratio_71,ratio_72,pns_399,pns_398,pns_397,pns_396,pns_395,pns_394,pns_393,pns_392,pns_391,pns_390,ratio_20,ratio_21,ratio_22,pns_389,ratio_23,pns_388,ratio_24,pns_387,ratio_25,pns_386,ratio_26,pns_385,ratio_27,pns_384,ratio_28,pns_383,ratio_29,pns_382,ratio_773,pns_381,ratio_772,pns_380,ratio_771,ratio_770,ratio_766,ratio_765,ratio_764,ratio_763,ratio_769,ratio_768,ratio_767,ratio_10,pns_379,ratio_11,pns_378,ratio_12,pns_377,ratio_13,pns_376,ratio_14,pns_375,ratio_15,ratio_780,pns_374,ratio_16,pns_373,ratio_17,pns_372,ratio_18,pns_371,ratio_19,ratio_784,pns_370,ratio_783,ratio_782,ratio_781,ratio_777,ratio_776,ratio_775,ratio_774,ratio_779,ratio_778,pns_369,pns_368,pns_367,pns_366,pns_365,pns_364,ratio_791,pns_363,ratio_790,pns_362,pns_361,pns_360,ratio_795,ratio_794,ratio_793,ratio_792,ratio_788,ratio_787,ratio_786,ratio_785,ratio_789,pns_359,pns_358,pns_357,pns_356,pns_355,pns_354,pns_353,pns_352,pns_351,pns_350,ratio_799,ratio_798,ratio_797,ratio_796,ll_129,ll_128,ll_121,ll_120,ll_123,ll_122,ll_125,ll_124,ll_127,ll_126,ll_118,ll_117,ll_119,ll_110,ll_112,ll_111,ll_114,ll_113,ll_116,ll_115,ll_107,ll_106,ll_109,ll_108,ll_101,ll_100,ll_103,ll_102,ll_105,ll_104,ll_161,ll_160,ll_163,ll_162,ll_165,ll_164,ll_167,ll_166,ll_169,ll_168,ll_150,ll_152,ll_151,ll_154,ll_153,ll_156,ll_155,ll_158,ll_157,ll_159,ll_141,ll_140,ll_143,ll_142,ll_145,ll_144,ll_147,ll_146,ll_149,ll_148,ll_130,ll_139,ll_132,ll_131,ll_134,ll_133,ll_136,ll_135,ll_138,ll_137,iter_317,iter_318,iter_315,iter_316,iter_319,iter_310,iter_313,iter_314,iter_311,iter_312,ll_190,ll_192,ll_191,ll_194,ll_193,ll_196,ll_195,iter_306,iter_307,iter_304,iter_305,iter_308,iter_309,iter_302,iter_303,iter_300,iter_301,ll_198,ll_197,ll_199,ll_181,ll_180,ll_183,ll_182,ll_185,iter_max,ll_184,ll_187,ll_186,ll_189,ll_188,ll_170,ll_172,ll_171,ll_174,ll_173,ll_176,ll_175,ll_178,ll_177,ll_179,pns_229,pns_228,pns_227,pns_226,pns_225,pns_224,pns_223,pns_222,pns_221,pns_220,iter_238,iter_239,iter_232,ratio_601,iter_233,ratio_600,iter_230,iter_231,iter_236,ratio_605,iter_237,ratio_604,iter_234,ratio_603,iter_235,ratio_602,ratio_609,ratio_608,ratio_607,ratio_606,pns_218,pns_217,pns_216,pns_215,pns_214,pns_213,pns_212,pns_211,iter_229,pns_210,iter_227,iter_228,iter_221,ratio_612,iter_222,ratio_611,ratio_610,iter_220,iter_225,ratio_616,iter_226,ratio_615,iter_223,ratio_614,iter_224,ratio_613,ratio_619,ratio_618,ratio_617,pns_219,pns_207,pns_206,pns_205,pns_204,pns_203,pns_202,pns_201,pns_200,iter_218,iter_219,iter_216,iter_217,ratio_630,iter_210,ratio_623,iter_211,ratio_622,ratio_621,ratio_620,iter_214,ratio_627,iter_215,ratio_626,iter_212,ratio_625,iter_213,ratio_624,ratio_629,ratio_628,pns_209,pns_208,iter_207,iter_208,iter_205,iter_206,ratio_641,ratio_640,iter_209,ratio_634,iter_200,ratio_633,ratio_632,ratio_631,iter_203,ratio_638,iter_204,ratio_637,iter_201,ratio_636,iter_202,ratio_635,ratio_639,iter_10,iter_11,iter_16,ll_918,iter_17,ll_917,iter_18,iter_19,ll_919,iter_12,iter_13,iter_14,iter_15,iter_276,ll_921,iter_277,ll_920,iter_274,ll_923,iter_275,ll_922,ll_925,ll_924,iter_278,ll_927,iter_279,ll_926,iter_272,iter_273,iter_270,iter_271,ll_907,ll_906,ll_909,ll_908,iter_265,ll_910,iter_266,iter_263,ll_912,iter_264,ll_911,iter_269,ll_914,ll_913,iter_267,ll_916,iter_268,ll_915,iter_261,iter_262,iter_260,iter_30,iter_31,iter_32,iter_33,iter_38,iter_39,iter_34,iter_35,iter_36,iter_37,iter_254,iter_255,iter_252,ll_901,iter_253,ll_900,iter_258,ll_903,iter_259,ll_902,iter_256,ll_905,iter_257,ll_904,iter_250,iter_251,iter_20,iter_21,iter_22,iter_27,iter_28,iter_29,iter_249,iter_23,iter_24,iter_25,iter_26,iter_243,iter_244,iter_241,iter_242,iter_247,iter_248,iter_245,iter_246,iter_240,iter_52,iter_53,iter_54,iter_55,iter_50,iter_51,ratio_692,ratio_691,ratio_690,iter_56,ratio_696,iter_57,ratio_695,iter_58,ratio_694,iter_59,ratio_693,ratio_689,ll_965,ratio_688,ll_964,ratio_687,ll_967,ratio_686,ll_966,ll_969,ll_968,ll_961,ll_960,ll_963,ll_962,iter_41,iter_42,iter_43,iter_44,iter_40,pns_299,iter_49,pns_298,pns_297,pns_296,pns_295,iter_45,pns_294,iter_46,pns_293,iter_47,pns_292,iter_48,pns_291,ll_954,ratio_699,ll_953,ratio_698,ll_956,ratio_697,ll_955,ll_958,ll_957,ll_959,ll_950,ll_952,ll_951,iter_74,iter_75,iter_76,iter_77,iter_70,iter_71,iter_72,pns_289,iter_73,pns_288,pns_287,pns_286,ll_939,pns_285,pns_284,iter_78,pns_283,iter_79,pns_282,pns_281,pns_280,iter_298,pns_290,ll_943,iter_299,ll_942,iter_296,ll_945,iter_297,ll_944,ll_947,ll_946,ll_949,ll_948,iter_290,iter_291,iter_80,iter_294,iter_295,iter_292,ll_941,iter_293,ll_940,iter_63,iter_64,iter_65,iter_66,iter_60,pns_279,iter_61,pns_278,iter_62,pns_277,pns_276,ll_929,pns_275,ll_928,pns_274,pns_273,iter_67,pns_272,iter_68,pns_271,iter_69,pns_270,iter_287,ll_932,iter_288,ll_931,iter_285,ll_934,iter_286,ll_933,ll_936,ll_935,iter_289,ll_938,ll_937,iter_280,iter_283,iter_284,iter_281,ll_930,iter_282,iter_96,iter_97,iter_98,iter_99,iter_92,pns_269,iter_93,pns_268,iter_94,pns_267,iter_95,pns_266,pns_265,pns_264,pns_263,threshold,pns_262,pns_261,ratio_652,pns_260,ratio_651,ratio_650,ratio_645,ratio_644,ratio_643,ratio_642,ratio_649,ratio_648,ratio_647,ratio_646,iter_85,iter_86,iter_87,iter_88,pns_259,iter_81,pns_258,iter_82,pns_257,iter_83,pns_256,iter_84,pns_255,pns_254,pns_253,pns_252,pns_251,iter_89,pns_250,ratio_663,ratio_662,ratio_661,ratio_660,ratio_656,ll_998,ratio_655,ll_997,ratio_654,ratio_653,ll_999,ratio_659,ratio_658,ratio_657,ll_990,iter_90,ll_992,iter_91,ll_991,ll_994,ll_993,ll_996,ll_995,pns_249,pns_248,pns_247,pns_246,pns_245,pns_244,pns_243,ratio_670,pns_242,pns_241,pns_240,ratio_674,ratio_673,ratio_672,ratio_671,ratio_667,ll_987,ratio_666,ll_986,ratio_665,ll_989,ratio_664,ll_988,ratio_669,ratio_668,ll_981,ll_980,ll_983,ll_982,ll_985,ll_984,pns_239,pns_238,pns_237,pns_236,pns_235,pns_234,pns_233,pns_232,ratio_681,pns_231,ratio_680,pns_230,ratio_685,ratio_684,ratio_683,ratio_682,ratio_678,ll_976,ratio_677,ll_975,ratio_676,ll_978,ratio_675,ll_977,ll_979,ratio_679,ll_970,ll_972,ll_971,ll_974,ll_973,trueState,ll_89,ll_90,ll_91,ll_96,ll_97,ll_98,ll_99,ll_92,ll_93,ll_94,ll_95,ll_78,ll_79,ll_80,ll_85,ll_86,ll_87,ll_88,ll_81,ll_82,ll_83,ll_84,ll_899,ll_898,ll_891,ll_890,ll_893,ll_892,ll_895,ll_894,ll_897,ll_896,pns_625,pns_624,pns_623,pns_622,pns_621,pns_620,iter_636,iter_637,iter_634,iter_635,iter_638,iter_639,iter_632,iter_633,iter_630,iter_631,pns_629,pns_628,pns_627,pns_626,pns_614,pns_613,pns_612,pns_611,pns_610,iter_625,iter_626,iter_623,iter_624,iter_629,iter_627,iter_628,iter_621,iter_622,iter_620,pns_619,pns_618,pns_617,pns_616,pns_615,pns_603,pns_602,pns_601,pns_600,iter_614,iter_615,iter_612,iter_613,iter_618,iter_619,iter_616,iter_617,iter_610,ratio_902,iter_611,ratio_901,ratio_900,ratio_906,ratio_905,pns_609,ratio_904,pns_608,ratio_903,pns_607,pns_606,ratio_909,pns_605,ratio_908,pns_604,ratio_907,iter_609,iter_603,iter_604,iter_601,iter_602,iter_607,iter_608,iter_605,iter_606,ratio_913,iter_600,ratio_912,ratio_911,ratio_910,ratio_917,ratio_916,ratio_915,ratio_914,ratio_919,ratio_918,iter_678,iter_679,iter_672,iter_673,iter_670,iter_671,iter_676,iter_677,iter_674,iter_675,iter_669,iter_667,iter_668,iter_661,iter_662,iter_660,iter_665,iter_666,iter_663,iter_664,iter_658,iter_659,iter_656,iter_657,iter_650,iter_651,iter_654,iter_655,iter_652,iter_653,iter_647,iter_648,iter_645,iter_646,iter_649,iter_640,iter_643,iter_644,iter_641,iter_642,pns_589,pns_588,pns_587,pns_586,pns_585,pns_584,pns_583,pns_582,pns_581,pns_580,ratio_971,ratio_970,iter_595,ratio_964,iter_596,ratio_963,iter_593,ratio_962,iter_594,ratio_961,iter_599,ratio_968,ratio_967,iter_597,ratio_966,iter_598,ratio_965,ratio_969,iter_591,iter_592,iter_590,pns_579,pns_578,pns_577,pns_576,pns_575,pns_574,pns_573,pns_572,pns_571,pns_570,ratio_982,ratio_981,ratio_980,iter_584,ratio_975,iter_585,ratio_974,iter_582,ratio_973,iter_583,ratio_972,iter_588,ratio_979,iter_589,ratio_978,iter_586,ratio_977,iter_587,ratio_976,iter_580,iter_581,pns_569,pns_568,pns_567,pns_566,pns_565,pns_564,pns_563,pns_562,pns_561,iter_579,pns_560,ratio_993,ratio_992,ratio_991,ratio_990,iter_573,ratio_986,iter_574,ratio_985,iter_571,ratio_984,iter_572,ratio_983,iter_577,iter_578,ratio_989,iter_575,ratio_988,iter_576,ratio_987,iter_570,pns_559,pns_558,pns_557,pns_556,pns_555,pns_554,pns_553,pns_552,pns_551,pns_550,iter_568,iter_569,iter_562,ratio_997,iter_563,ratio_996,iter_560,ratio_995,iter_561,ratio_994,iter_566,iter_567,iter_564,ratio_999,iter_565,ratio_998,pns_548,pns_547,pns_546,pns_545,pns_544,pns_543,pns_542,pns_541,pns_540,ratio_920,ll_800,ll_802,ll_801,ratio_924,ll_804,ratio_923,ll_803,ratio_922,ll_806,ratio_921,ll_805,ratio_928,ratio_927,ratio_926,ratio_925,pns_549,ratio_929,pns_537,pns_536,pns_535,pns_534,pns_533,pns_532,pns_531,pns_530,ratio_931,ratio_930,ratio_935,ratio_934,ratio_933,ratio_932,ratio_939,ratio_938,ratio_937,ratio_936,pns_539,pns_538,pns_526,pns_525,pns_524,pns_523,pns_522,pns_521,pns_520,ratio_942,ratio_941,ratio_940,ratio_946,ratio_945,ratio_944,ratio_943,ratio_949,ratio_948,ratio_947,pns_529,pns_528,pns_527,pns_515,pns_514,pns_513,pns_512,pns_511,pns_510,ratio_960,ratio_953,ratio_952,ratio_951,ratio_950,ratio_957,ratio_956,ratio_955,ratio_954,ratio_959,ratio_958,pns_519,pns_518,pns_517,pns_516,ll_844,ll_843,ll_846,ll_845,ll_848,ll_847,ll_849,ll_10,ll_11,ll_840,ll_842,ll_841,ll_829,ratio_102,ratio_101,ratio_100,ll_833,ll_832,ll_835,ll_834,ll_837,ll_836,ll_839,ll_838,ll_831,ll_830,ll_27,ll_28,ll_29,ll_23,ll_24,ll_25,ll_26,ll_819,ll_818,ratio_113,ratio_112,ratio_111,ratio_110,ratio_106,ll_822,ratio_105,ll_821,ratio_104,ll_824,ratio_103,ll_823,ll_826,ratio_109,ll_825,ratio_108,ll_828,ratio_107,ll_827,ll_30,ll_31,ll_32,ll_33,ll_820,ll_16,ll_17,ll_18,ll_19,ll_12,ll_13,ll_14,ll_15,ratio_120,ll_808,ll_807,ll_809,ratio_124,ratio_123,ratio_122,ratio_121,ratio_117,ll_811,ratio_116,ll_810,ratio_115,ll_813,ratio_114,ll_812,ll_815,ll_814,ratio_119,ll_817,ratio_118,ll_816,ll_20,ll_21,ll_22,ll_49,ll_45,ll_46,ll_47,ll_48,ll_888,ll_887,ll_889,ll_52,ll_880,ll_53,ll_54,ll_882,ll_55,ll_881,ll_884,ll_883,ll_50,ll_886,ll_51,ll_885,ll_38,ll_39,ll_34,ll_35,ll_36,ll_37,ll_877,ll_876,ll_879,ll_878,effect,ll_41,ll_42,ll_43,ll_871,ll_44,ll_870,ll_873,ll_872,ll_875,ll_40,ll_874,ll_67,ll_68,ll_69,ll_866,ll_865,ll_868,ll_867,ll_869,ll_74,ll_75,ll_76,ll_860,ll_77,ll_70,ll_862,ll_71,ll_861,ll_72,ll_864,ll_73,ll_863,pns_599,ll_56,pns_598,ll_57,pns_597,ll_58,pns_596,ll_59,pns_595,pns_594,pns_593,pns_592,pns_591,pns_590,ll_855,ll_854,ll_857,ll_856,ll_859,ll_858,ll_63,ll_64,ll_65,ll_66,ll_851,ll_60,ll_850,ll_61,ll_853,ll_62,ll_852,ll_790,ll_799,ll_792,ll_791,ll_794,ll_793,ll_796,ll_795,ll_798,ll_797,ll_789,ll_788,ll_781,ll_780,ll_783,ll_782,ll_785,ll_784,ll_787,ll_786,ll_778,ll_777,ll_779,ll_770,ll_772,ll_771,ll_774,ll_773,ll_776,ll_775,pns_504,pns_503,pns_502,pns_501,pns_500,iter_515,iter_516,iter_513,iter_514,iter_519,iter_517,iter_518,iter_511,iter_512,iter_510,pns_509,pns_508,pns_507,pns_506,pns_505,iter_504,iter_505,iter_502,iter_503,iter_508,iter_509,iter_506,iter_507,iter_500,iter_501,iter_559,iter_557,iter_558,iter_551,iter_552,iter_550,iter_555,iter_556,iter_553,iter_554,iter_548,iter_549,iter_546,iter_547,iter_540,iter_541,iter_544,iter_545,iter_542,iter_543,iter_537,iter_538,iter_535,iter_536,iter_539,iter_530,iter_533,iter_534,iter_531,iter_532,iter_526,iter_527,iter_524,iter_525,iter_528,iter_529,iter_522,iter_523,iter_520,iter_521,pns_469,pns_468,pns_467,pns_466,pns_465,pns_464,pns_463,pns_462,pns_461,pns_460,ratio_850,iter_474,ratio_843,iter_475,ratio_842,iter_472,ratio_841,iter_473,ratio_840,iter_478,ratio_847,iter_479,ratio_846,iter_476,ratio_845,iter_477,ratio_844,ratio_849,ratio_848,iter_470,iter_471,pns_459,pns_458,pns_457,pns_456,pns_455,pns_454,pns_453,pns_452,pns_451,iter_469,pns_450,ratio_861,ratio_860,iter_463,ratio_854,iter_464,ratio_853,iter_461,ratio_852,iter_462,ratio_851,iter_467,ratio_858,iter_468,ratio_857,iter_465,ratio_856,iter_466,ratio_855,ratio_859,iter_460,pns_449,pns_448,pns_447,pns_446,pns_445,pns_444,pns_443,pns_442,pns_441,pns_440,iter_458,iter_459,ratio_872,ratio_871,ratio_870,iter_452,ratio_865,iter_453,ratio_864,iter_450,ratio_863,iter_451,ratio_862,iter_456,ratio_869,iter_457,ratio_868,iter_454,ratio_867,iter_455,ratio_866,pns_438,pns_437,pns_436,pns_435,pns_434,pns_433,pns_432,pns_431,iter_449,pns_430,iter_447,iter_448,ratio_883,ratio_882,ratio_881,ratio_880,iter_441,ratio_876,iter_442,ratio_875,ratio_874,iter_440,ratio_873,iter_445,iter_446,ratio_879,iter_443,ratio_878,iter_444,ratio_877,pns_439,pns_427,pns_426,pns_425,pns_424,pns_423,pns_422,pns_421,pns_420,ratio_803,ratio_802,ratio_801,ratio_800,ratio_807,ratio_806,ratio_805,ratio_804,pns_429,ratio_809,pns_428,ratio_808,pns_416,pns_415,pns_414,pns_413,pns_412,pns_411,pns_410,ratio_810,ratio_814,ratio_813,ratio_812,ratio_811,ratio_818,ratio_817,ratio_816,ratio_815,pns_419,pns_418,pns_417,ratio_819,pns_405,pns_404,pns_403,pns_402,pns_401,pns_400,iter_496,ratio_821,iter_497,ratio_820,iter_494,iter_495,ratio_825,ratio_824,iter_498,ratio_823,iter_499,ratio_822,ratio_829,ratio_828,ratio_827,ratio_826,iter_492,pns_409,iter_493,pns_408,iter_490,pns_407,iter_491,pns_406,iter_485,ratio_832,iter_486,ratio_831,iter_483,ratio_830,iter_484,iter_489,ratio_836,ratio_835,iter_487,ratio_834,iter_488,ratio_833,ratio_839,ratio_838,ratio_837,iter_481,iter_482,iter_480,ll_719,ll_723,ll_722,ll_725,ll_724,ll_727,ll_726,ll_729,ll_728,ll_721,ll_720,method,ll_709,ll_708,ll_712,ll_711,ll_714,ll_713,ll_716,ll_715,ll_718,ll_717,exact,ll_710,ll_701,ll_700,ll_703,ll_702,ll_705,ll_704,ll_707,ll_706,ratio_890,ratio_894,ratio_893,ratio_892,ratio_891,ratio_887,ll_767,ratio_886,ll_766,ratio_885,ll_769,ratio_884,ll_768,ratio_889,ratio_888,ll_761,ll_760,ll_763,ll_762,ll_765,ll_764,pns_499,pns_498,pns_497,pns_496,pns_495,pns_494,pns_493,pns_492,pns_491,pns_490,ratio_898,ll_756,ratio_897,ll_755,ratio_896,ll_758,ratio_895,ll_757,ll_759,ratio_899,ll_750,ll_752,ll_751,ll_754,ll_753,pns_489,pns_488,pns_487,pns_486,pns_485,pns_484,pns_483,pns_482,pns_481,pns_480,ll_745,ll_744,ll_747,ll_746,ll_749,ll_748,ll_741,ll_740,ll_743,ll_742,pns_479,pns_478,pns_477,pns_476,pns_475,pns_474,pns_473,pns_472,pns_471,pns_470,ll_734,ll_733,ll_736,ll_735,ll_738,ll_737,ll_739,ll_730,ll_732,ll_731,ratio_292,ratio_291,ratio_290,ll_680,ratio_296,ratio_295,ratio_294,ratio_293,ratio_299,ratio_298,ratio_297,ll_689,ll_682,ll_681,ll_684,ll_683,ll_686,ll_685,ll_688,ll_687,ll_679,ll_678,ll_671,ll_670,ll_673,ll_672,ll_675,ll_674,ll_677,ll_676,ll_668,ll_667,ll_669,ll_660,ll_662,ll_661,ll_664,ll_663,ll_666,ll_665,ll_657,ll_656,ll_659,ll_658,ll_651,ll_650,ll_653,ll_652,ll_655,ll_654,iter_834,ratio_252,iter_835,ratio_251,iter_832,ratio_250,iter_833,iter_838,ratio_256,iter_839,ratio_255,iter_836,ratio_254,iter_837,ratio_253,ratio_249,ratio_248,ratio_247,ratio_246,iter_830,iter_831,iter_829,iter_823,ratio_263,iter_824,ratio_262,iter_821,ratio_261,iter_822,ratio_260,iter_827,ratio_267,iter_828,ratio_266,iter_825,ratio_265,iter_826,ratio_264,ratio_259,ratio_258,ratio_257,iter_820,iter_818,iter_819,ratio_270,iter_812,ratio_274,iter_813,ratio_273,iter_810,ratio_272,iter_811,ratio_271,iter_816,ratio_278,iter_817,ratio_277,iter_814,ratio_276,iter_815,ratio_275,ratio_269,ratio_268,iter_809,iter_807,iter_808,ratio_281,ratio_280,ll_691,ll_690,iter_801,ratio_285,iter_802,ratio_284,ratio_283,iter_800,ratio_282,iter_805,ratio_289,iter_806,ratio_288,iter_803,ratio_287,iter_804,ratio_286,ratio_279,ll_693,ll_692,ll_695,ll_694,ll_697,ll_696,ll_699,ll_698,pns_867,pns_866,pns_865,pns_864,pns_863,pns_862,pns_861,pns_860,iter_878,iter_879,iter_876,iter_877,iter_870,iter_871,iter_874,iter_875,iter_872,iter_873,pns_869,pns_868,pns_856,pns_855,pns_854,pns_853,pns_852,pns_851,pns_850,iter_867,iter_868,iter_865,iter_866,iter_869,iter_860,iter_863,iter_864,iter_861,iter_862,pns_859,pns_858,pns_857,pns_845,pns_844,pns_843,pns_842,pns_841,pns_840,iter_856,iter_857,iter_854,iter_855,iter_858,iter_859,iter_852,iter_853,iter_850,iter_851,pns_849,pns_848,pns_847,pns_846,pns_834,pns_833,pns_832,pns_831,pns_830,iter_845,iter_846,iter_843,iter_844,iter_849,iter_847,iter_848,iter_841,iter_842,iter_840,pns_839,pns_838,pns_837,pns_836,pns_835,pns_823,pns_822,pns_821,pns_820,pns_829,pns_828,pns_827,pns_826,pns_825,pns_824,pns_812,pns_811,pns_810,pns_819,pns_818,pns_817,pns_816,pns_815,pns_814,pns_813,pns_801,pns_800,cause,iter_898,iter_899,iter_892,iter_893,iter_890,iter_891,iter_896,iter_897,iter_894,iter_895,pns_809,pns_808,pns_807,pns_806,pns_805,pns_804,pns_803,pns_802,iter_889,iter_887,iter_888,iter_881,iter_882,iter_880,iter_885,iter_886,iter_883,iter_884,pns_799,pns_798,pns_797,pns_796,pns_795,pns_794,pns_793,pns_792,pns_791,pns_790,pns_789,pns_788,pns_787,pns_786,pns_785,pns_784,pns_783,pns_782,pns_781,pns_780,pns_779,pns_778,pns_777,pns_776,pns_775,pns_774,pns_773,pns_772,pns_771,pns_770,pns_768,pns_767,pns_766,pns_765,pns_764,pns_763,pns_762,pns_761,pns_760,pns_769,pns_757,pns_756,pns_755,pns_754,pns_753,pns_752,pns_751,pns_750,pns_759,pns_758,ratio_333,ratio_332,ratio_331,ratio_330,ratio_326,ll_602,ratio_325,ll_601,ratio_324,ll_604,ratio_323,ll_603,ll_606,ratio_329,ll_605,ratio_328,ll_608,ratio_327,ll_607,ll_600,ratio_340,ratio_344,ratio_343,ratio_342,ratio_341,ratio_337,ratio_336,ratio_335,ratio_334,ratio_339,ratio_338,ratio_351,ratio_350,ratio_355,ratio_354,ratio_353,ratio_352,ratio_348,ratio_347,ratio_346,ratio_345,ratio_349,ratio_362,ratio_361,ratio_360,ratio_366,ratio_365,ratio_364,ratio_363,ratio_359,ratio_358,ratio_357,ratio_356,ll_646,ll_645,ll_648,ll_647,falseState,ll_649,ll_640,ll_642,ll_641,ll_644,ll_643,ratio_300,ll_635,ll_634,ll_637,ll_636,ll_639,ll_638,ll_631,ll_630,ll_633,ll_632,ratio_311,ratio_310,ratio_304,ll_624,ratio_303,ll_623,ratio_302,ll_626,ratio_301,ll_625,ratio_308,ll_628,ratio_307,ll_627,ratio_306,ratio_305,ll_629,ratio_309,ll_620,ll_622,ll_621,ll_609,ratio_322,ratio_321,ratio_320,ratio_315,ll_613,ratio_314,ll_612,ratio_313,ll_615,ratio_312,ll_614,ratio_319,ll_617,ratio_318,ll_616,ratio_317,ll_619,ratio_316,ll_618,ll_611,ll_610,pns_91,pns_92,pns_90,pns_95,ratio_171,pns_96,ratio_170,pns_93,pns_94,pns_99,ratio_175,ratio_174,pns_97,ratio_173,pns_98,ratio_172,ratio_179,ratio_178,ratio_177,ratio_176,ll_569,ll_568,ratio_169,ll_561,ll_560,ll_563,ll_562,ll_565,ll_564,ll_567,ll_566,pns_80,pns_81,pns_84,ratio_182,pns_85,ratio_181,pns_82,ratio_180,pns_83,pns_88,ratio_186,pns_89,ratio_185,pns_86,ratio_184,pns_87,ratio_183,ratio_189,ratio_188,ratio_187,ll_558,ll_557,ll_559,ll_550,ll_552,ll_551,ll_554,ll_553,ll_556,ll_555,pns_70,pns_73,ratio_193,pns_74,ratio_192,pns_71,ratio_191,pns_72,ratio_190,pns_77,ratio_197,pns_78,ratio_196,pns_75,ratio_195,pns_76,ratio_194,pns_79,ratio_199,ratio_198,ll_547,ll_546,ll_549,ll_548,ll_541,ll_540,ll_543,ll_542,ll_545,ll_544,pns_62,pns_63,pns_60,pns_61,pns_66,pns_67,pns_64,pns_65,pns_68,pns_69,ll_536,ll_535,ll_538,ll_537,ll_539,ll_530,ll_532,ll_531,ll_534,ll_533,iter_719,iter_713,ratio_131,iter_714,ratio_130,iter_711,iter_712,iter_717,ratio_135,iter_718,ratio_134,iter_715,ratio_133,iter_716,ratio_132,ratio_128,ratio_127,ratio_126,ratio_125,iter_710,ratio_129,iter_708,iter_709,ll_590,ll_592,ll_591,iter_702,ratio_142,iter_703,ratio_141,iter_700,ratio_140,iter_701,iter_706,ratio_146,iter_707,ratio_145,iter_704,ratio_144,iter_705,ratio_143,ratio_139,ratio_138,ratio_137,ratio_136,ll_594,ll_593,ll_596,ll_595,ll_598,ll_597,ll_599,ll_581,ll_580,ratio_153,ratio_152,ratio_151,ratio_150,ratio_157,ratio_156,ratio_155,ratio_154,ratio_149,ratio_148,ratio_147,ll_583,ll_582,ll_585,ll_584,ll_587,ll_586,ll_589,ll_588,ratio_160,ll_570,ratio_164,ratio_163,ratio_162,ratio_161,ratio_168,ratio_167,ratio_166,ratio_165,ll_579,ratio_159,ratio_158,ll_572,ll_571,ll_574,ll_573,ll_576,ll_575,ll_578,ll_577,pns_746,pns_745,pns_744,pns_743,pns_742,pns_741,pns_740,iter_757,pns_11,iter_758,pns_12,iter_755,iter_756,pns_10,pns_15,pns_16,iter_759,pns_13,pns_14,pns_19,iter_750,pns_17,pns_18,iter_753,iter_754,iter_751,iter_752,time_learn,pns_749,pns_748,pns_747,pns_735,pns_734,pns_733,pns_732,pns_731,pns_730,iter_746,iter_747,iter_744,iter_745,iter_748,iter_749,iter_742,iter_743,iter_740,iter_741,pns_739,pns_738,pns_737,pns_736,pns_724,pns_723,pns_722,pns_721,pns_720,iter_735,iter_736,iter_733,iter_734,iter_739,iter_737,iter_738,iter_731,iter_732,iter_730,pns_729,pns_728,pns_727,pns_726,pns_725,pns_713,pns_712,pns_711,pns_710,iter_724,iter_725,iter_722,iter_723,iter_728,iter_729,iter_726,iter_727,iter_720,iter_721,pns_719,pns_718,pns_717,pns_716,pns_715,pns_714,pns_702,pns_701,pns_700,pns_51,pns_52,pns_50,pns_55,pns_56,iter_799,pns_53,pns_54,pns_59,pns_57,pns_58,iter_793,iter_794,iter_791,iter_792,iter_797,iter_798,iter_795,iter_796,pns_709,pns_708,pns_707,pns_706,iter_790,pns_705,pns_704,pns_703,pns_40,pns_41,pns_44,pns_45,iter_788,pns_42,iter_789,pns_43,pns_48,pns_49,pns_46,pns_47,iter_782,iter_783,iter_780,iter_781,iter_786,iter_787,iter_784,iter_785,pns_30,iter_779,pns_33,pns_34,iter_777,pns_31,iter_778,pns_32,pns_37,pns_38,pns_35,pns_36,iter_771,iter_772,pns_39,iter_770,iter_775,iter_776,iter_773,iter_774,iter_768,pns_22,iter_769,pns_23,iter_766,pns_20,iter_767,pns_21,pns_26,pns_27,pns_24,pns_25,iter_760,iter_761,pns_28,pns_29,iter_764,iter_765,iter_762,iter_763,pns_699,pns_698,pns_697,pns_696,pns_695,pns_694,pns_693,pns_692,pns_691,pns_690,pns_689,pns_688,pns_687,pns_686,pns_685,pns_684,pns_683,pns_682,pns_681,pns_680,iter_694,iter_695,iter_692,iter_693,iter_698,iter_699,iter_696,iter_697,iter_690,iter_691,pns_679,pns_678,pns_677,pns_676,pns_675,pns_674,pns_673,pns_672,pns_671,iter_689,pns_670,iter_683,iter_684,iter_681,iter_682,iter_687,iter_688,iter_685,iter_686,iter_680,pns_669,pns_668,pns_667,pns_666,pns_665,pns_664,pns_663,pns_662,pns_661,pns_660,pns_658,pns_657,pns_656,pns_655,pns_654,pns_653,pns_652,pns_651,pns_650,pns_659,pns_647,pns_646,pns_645,pns_644,pns_643,pns_642,pns_641,pns_640,pns_649,pns_648,pns_636,pns_635,pns_634,pns_633,pns_632,pns_631,pns_630,pns_639,pns_638,pns_637,ratio_212,ratio_211,ratio_210,ratio_205,ratio_204,ratio_203,ratio_202,ratio_209,ratio_208,ratio_207,ratio_206,modelID,ratio_223,ratio_222,ratio_221,ratio_220,ratio_216,ratio_215,ratio_214,ratio_213,ratio_219,ratio_218,ratio_217,ratio_230,ratio_234,ratio_233,ratio_232,ratio_231,ratio_227,ratio_226,ratio_225,ratio_224,ratio_229,ratio_228,ratio_241,ratio_240,ratio_245,ratio_244,ratio_243,ratio_242,ratio_238,ratio_237,ratio_236,ratio_235,ratio_239,ll_525,ll_524,ll_527,ll_526,ll_529,ll_528,ll_521,ll_520,ll_523,ll_522,ll_514,ll_513,ll_516,ll_515,ll_518,ll_517,ll_519,ll_510,ll_512,ll_511,ll_503,ll_502,ll_505,ll_504,ll_507,ll_506,ll_509,ll_508,ll_501,ll_500,ratio_201,ratio_200,ll_448,ll_447,ll_449,ll_440,ll_442,ll_441,ll_444,ll_443,ll_446,ll_445,ll_437,ll_436,ll_439,ll_438,ll_431,ll_430,ll_433,ll_432,ll_435,ll_434,ll_426,ll_425,ll_428,ll_427,ll_429,ll_420,ll_422,ll_421,ll_424,ll_423,ll_415,ll_414,ll_417,ll_416,ll_419,ll_418,ll_411,ll_410,ll_413,ll_412,ratio_490,ll_480,ll_482,ll_481,ratio_494,ratio_493,ratio_492,ratio_491,ratio_498,ratio_497,ratio_496,ratio_495,ratio_489,ratio_488,ll_484,ll_483,ll_486,ll_485,ll_488,ll_487,ll_489,ll_471,ll_470,ratio_499,ll_473,ll_472,ll_475,ll_474,ll_477,ll_476,ll_479,ll_478,ll_460,ll_469,ll_462,ll_461,ll_464,ll_463,ll_466,ll_465,ll_468,ll_467,pns_199,pns_198,pns_197,pns_196,pns_195,pns_194,pns_193,pns_192,ll_459,ll_458,ll_451,ll_450,ll_453,ll_452,ll_455,ll_454,ll_457,ll_456,ll_1,ll_2,ll_0,ll_5,ll_6,ll_3,ll_4,ll_9,ll_7,ll_8,ll_491,ll_490,ll_493,ll_492,iter_9,iter_8,iter_7,iter_6,iter_5,iter_4,iter_3,iter_2,iter_1,iter_0,ll_495,ll_494,ll_497,ll_496,ll_499,ll_498,pns_108,pns_107,pns_106,pns_105,pns_104,pns_103,pns_102,pns_101,iter_119,pns_100,iter_117,iter_118,iter_111,iter_112,iter_110,iter_115,iter_116,iter_113,iter_114,pns_109,iter_108,iter_109,iter_106,iter_107,iter_100,iter_101,iter_104,iter_105,iter_102,iter_103,ratio_502,ratio_501,ratio_500,ratio_506,ratio_505,ratio_504,ratio_503,ratio_509,ratio_508,ratio_507,ratio_520,ratio_513,ratio_512,ratio_511,ratio_510,ratio_517,ratio_516,ratio_515,ratio_514,ratio_519,ratio_518,iter_155,iter_156,iter_153,iter_154,iter_159,iter_157,iter_158,iter_151,iter_152,iter_150,iter_144,iter_145,iter_142,iter_143,iter_148,iter_149,iter_146,iter_147,iter_140,iter_141,iter_139,iter_133,iter_134,iter_131,iter_132,iter_137,iter_138,iter_135,iter_136,iter_130,pns_999,pns_998,pns_997,pns_996,pns_995,pns_994,pns_993,pns_992,pns_991,pns_990,iter_128,iter_129,iter_122,iter_123,iter_120,iter_121,iter_126,iter_127,iter_124,iter_125,pns_189,pns_188,ratio_571,pns_187,ratio_570,pns_186,pns_185,pns_184,ratio_575,pns_183,ratio_574,pns_182,ratio_573,pns_181,ratio_572,iter_199,pns_191,ratio_568,pns_190,ratio_567,iter_197,ratio_566,iter_198,ratio_565,ratio_569,iter_191,iter_192,iter_190,iter_195,iter_196,iter_193,iter_194,pns_179,pns_178,pns_177,ratio_582,pns_176,ratio_581,pns_175,ratio_580,pns_174,pns_173,ratio_586,pns_172,ratio_585,pns_171,ratio_584,pns_170,ratio_583,iter_188,pns_180,ratio_579,iter_189,ratio_578,iter_186,ratio_577,iter_187,ratio_576,iter_180,iter_181,iter_184,iter_185,iter_182,iter_183,pns_169,pns_168,pns_167,pns_166,ratio_593,pns_165,ratio_592,pns_164,ratio_591,pns_163,ratio_590,pns_162,ratio_597,pns_161,ratio_596,pns_160,ratio_595,ratio_594,iter_177,iter_178,ratio_589,iter_175,ratio_588,iter_176,ratio_587,iter_179,iter_170,iter_173,iter_174,iter_171,iter_172,pns_159,pns_158,pns_157,pns_156,pns_155,pns_154,pns_153,pns_152,pns_151,pns_150,iter_166,iter_167,iter_164,ratio_599,iter_165,ratio_598,iter_168,iter_169,iter_162,iter_163,iter_160,iter_161,pns_149,pns_148,pns_147,pns_146,pns_145,pns_144,pns_143,pns_142,pns_141,pns_140,ratio_531,ratio_530,ratio_524,ll_404,ratio_523,ll_403,ratio_522,ll_406,ratio_521,ll_405,ratio_528,ll_408,ratio_527,ll_407,ratio_526,ratio_525,ll_409,ratio_529,ll_400,ll_402,ll_401,pns_139,pns_138,pns_137,pns_136,pns_135,pns_134,pns_133,pns_132,pns_131,pns_130,ratio_542,ratio_541,ratio_540,ratio_535,ratio_534,ratio_533,ratio_532,ratio_539,ratio_538,ratio_537,ratio_536,pns_129,pns_128,pns_127,pns_126,pns_125,pns_124,pns_123,pns_122,pns_121,pns_120,ratio_553,ratio_552,ratio_551,ratio_550,ratio_546,ratio_545,ratio_544,ratio_543,ratio_549,ratio_548,ratio_547,pns_119,pns_118,pns_117,pns_116,pns_115,pns_114,pns_113,pns_112,pns_111,ratio_560,pns_110,ratio_564,ratio_563,ratio_562,ratio_561,ratio_557,ratio_556,ratio_555,ratio_554,ratio_559,ratio_558,iter_919,pns_900,iter_917,iter_918,iter_911,iter_912,iter_910,iter_915,iter_916,iter_913,iter_914,ll_327,ll_326,ll_329,ll_328,pns_909,pns_908,pns_907,pns_906,ll_321,pns_905,ll_320,pns_904,ll_323,pns_903,ll_322,pns_902,ll_325,pns_901,ll_324,iter_908,iter_909,iter_906,iter_907,iter_900,iter_901,iter_904,iter_905,iter_902,iter_903,ll_316,ll_315,ll_318,ll_317,ll_319,ll_310,ll_312,ll_311,ll_314,ll_313,ll_max,ll_305,ll_304,ll_307,ll_306,ll_309,ll_308,ll_301,ll_300,ll_303,ll_302,ll_361,ll_360,iter_955,ratio_373,iter_956,ratio_372,iter_953,ratio_371,iter_954,ratio_370,iter_959,ratio_377,ratio_376,iter_957,ratio_375,iter_958,ratio_374,ratio_369,ratio_368,ratio_367,iter_951,iter_952,iter_950,ll_363,ll_362,ll_365,ll_364,ll_367,ll_366,ll_369,ll_368,ratio_380,ll_350,iter_944,ratio_384,iter_945,ratio_383,iter_942,ratio_382,iter_943,ratio_381,iter_948,ratio_388,iter_949,ratio_387,iter_946,ratio_386,iter_947,ratio_385,ll_359,ratio_379,ratio_378,iter_940,iter_941,ll_352,ll_351,ll_354,ll_353,ll_356,ll_355,ll_358,ll_357,iter_939,ratio_391,ratio_390,iter_933,ratio_395,iter_934,ratio_394,iter_931,ratio_393,iter_932,ratio_392,iter_937,ratio_399,iter_938,ratio_398,iter_935,ratio_397,iter_936,ratio_396,ll_349,ll_348,ratio_389,iter_930,ll_341,ll_340,ll_343,ll_342,ll_345,ll_344,ll_347,ll_346,iter_928,iter_929,iter_922,iter_923,iter_920,iter_921,iter_926,iter_927,iter_924,iter_925,ll_338,ll_337,ll_339,ll_330,ll_332,ll_331,ll_334,ll_333,ll_336,ll_335,pns_988,pns_987,pns_986,pns_985,pns_984,pns_983,pns_982,pns_981,iter_999,pns_980,iter_997,iter_998,iter_991,iter_992,iter_990,iter_995,iter_996,iter_993,iter_994,pns_989,pns_977,pns_976,pns_975,ll_390,pns_974,pns_973,ll_392,pns_972,ll_391,pns_971,ll_394,pns_970,ll_393,iter_988,iter_989,iter_986,iter_987,iter_980,iter_981,iter_984,iter_985,iter_982,iter_983,ll_396,ll_395,ll_398,ll_397,ll_399,pns_979,pns_978,pns_966,pns_965,pns_964,pns_963,pns_962,ll_381,pns_961,ll_380,pns_960,ll_383,ll_382,iter_977,iter_978,iter_975,iter_976,iter_979,iter_970,iter_973,iter_974,iter_971,iter_972,ll_385,ll_384,ll_387,ll_386,ll_389,pns_969,ll_388,pns_968,pns_967,pns_955,pns_954,pns_953,pns_952,pns_951,ll_370,pns_950,ll_372,ll_371,iter_966,iter_967,iter_964,iter_965,iter_968,iter_969,iter_962,iter_963,iter_960,iter_961,ll_374,ll_373,ll_376,ll_375,pns_959,ll_378,pns_958,ll_377,pns_957,pns_956,ll_379,pns_944,pns_943,pns_942,pns_941,pns_940,pns_949,pns_948,pns_947,pns_946,pns_945,pns_933,pns_932,pns_931,pns_930,pns_939,pns_938,pns_937,pns_936,pns_935,pns_934,pns_922,pns_921,pns_920,pns_929,pns_928,pns_927,pns_926,pns_925,pns_924,pns_923,pns_911,pns_910,pns_919,pns_918,pns_917,pns_916,pns_915,pns_914,pns_913,pns_912,ratio_0,ratio_1,ratio_2,ratio_3,pns_899,pns_898,pns_897,pns_896,pns_895,pns_894,pns_893,pns_892,pns_891,pns_890,pns_889,pns_888,pns_887,pns_886,pns_885,pns_884,pns_883,pns_882,modelPath,pns_881,pns_880,pns_878,pns_877,pns_876,pns_875,pns_874,pns_873,pns_872,pns_871,pns_870,pns_879,ratio_450,ratio_454,ratio_453,ratio_452,ratio_451,ratio_447,ratio_446,ratio_445,ratio_444,ratio_449,ratio_448,ratio_461,ratio_460,ratio_465,ratio_464,ratio_463,ratio_462,ratio_458,ratio_457,ratio_456,ratio_455,ratio_459,ratio_472,ratio_471,ratio_470,ratio_476,ratio_475,ratio_474,ratio_473,ratio_469,ratio_468,ratio_467,ratio_466,ratio_483,ratio_482,infoPath,ratio_481,ratio_480,ratio_487,ratio_486,ratio_485,ratio_484,ratio_479,ratio_478,ratio_477,ratio_410,ratio_403,ratio_402,ratio_401,ratio_400,ratio_407,ratio_406,ratio_405,ratio_404,ratio_409,ratio_408,ratio_4,ratio_5,ratio_6,ratio_7,ratio_8,ratio_9,ratio_421,ratio_420,ratio_414,ratio_413,ratio_412,ratio_411,ratio_418,ratio_417,ratio_416,ratio_415,ratio_419,ratio_432,ratio_431,ratio_430,ratio_425,ratio_424,ratio_423,ratio_422,ratio_429,ratio_428,ratio_427,ratio_426,ratio_443,ratio_442,ratio_441,ratio_440,ratio_436,ratio_435,ratio_434,ratio_433,ratio_439,ratio_438,ratio_437
-19150.503533519757,-19149.472802704964,-19147.620876074718,-19152.148636647828,-19152.607708438965,-19150.390563914898,2500,-19150.002127372947,-19152.350755037933,-19153.38329466054,-19150.355490924405,/mnt/beegfs/rcabanas/dev/credici/papers/journalEM/output/synthetic/s12/random_mc2_n7_mid3_d1000_05_mr098_r10_20_uai_ccve.csv,-19149.47824762527,-19151.30736042286,-19151.630879220927,LLratio,-19151.26442926171,-19151.71680023457,-19152.941562846325,-19152.62096991717,-19151.621833479327,-19152.202883298945,-19149.437730299313,-19149.44924462915,-19151.704497319726,-19152.250547857984,-19152.09037136192,-19152.165419619458,-19152.139282503264,-19151.684816630634,-19152.02851681196,-19152.0230618402,-19151.81090129667,-19148.953720292764,-19152.10933059724,-19149.996869361607,-19149.250737493618,-19148.672208457112,-19150.997315534198,-19151.171752601957,-19150.775869043355,-19150.089316406153,-19152.142564415342,-19151.459015999382,-19150.28606786199,-19150.2681810586,-19152.768877662267,-19149.478468483827,-19150.495454014264,-19151.208000350143,-19150.543844101012,-19152.593502732685,-19151.69657772475,-19146.646334804034,-19150.68418935274,-19148.716823542403,-19151.28982458152,-19151.296245056124,-19149.337645167354,-19147.333625338382,-19152.751161712775,-19151.64280717032,-19152.856868118757,-19151.81371355174,-19151.13649529424,-19152.821527619704,-19152.001340432627,-19147.756573703497,-19150.3226861958,-19150.809558849673,-19150.763928247517,-19152.385567397112,-19148.74442859822,-19151.418295164087,-19152.40632554036,-19151.977043740866,-19148.660882707667,-19149.29122176182,-19152.500976727693,-19148.959831051787,-19150.112989428573,-19150.42349339609,-19151.405835514604,-19152.478085877774,-19151.376679538702,-19152.445381487367,-19151.423127778886,-19149.80600949787,-19152.712054974116,-19152.05991836608,-19151.023986112148,-19152.014397849896,-19151.884719372178,246,139,108,149,76,111,153,68,58,118,113,139,93,172,88,113,123,171,98,26,135,105,135,82,88,124,114,41,334,76,-19151.741687487036,-19147.729767566743,-19149.830335462742,-19152.057468072984,-19149.062717438086,-19152.42793092655,120,114,302,55,118,54,91,2368,160,123,164,-19150.783899035152,-19151.26708232495,-19150.32817054474,-19152.667087423448,0.9991483833906629,0.2140253051411985,0.9990864161058408,0.23103251546726855,0.9990558842188358,0.2207293331236319,0.9991151020887532,0.21610164611110488,0.9992198140851857,0.22372150958346004,0.9991111058715845,0.21983992678034742,0.9990800244848803,0.21688233513577368,0.9991987721809054,0.24121418695252278,0.21837928307119298,84,0.2167064698107236,97,0.9990947093984954,123,0.9990845688536676,149,0.9991931199702482,141,71,0.9991983812716362,141,0.9991879169143899,128,0.9990709634826476,123,0.999176414621839,0.9991781022311123,0.9990524052277938,0.9990823842886251,118,0.9991713214184132,0.9991942247230341,0.2179246694569657,0.9991859497826333,0.2186680224346372,0.9991145674542069,0.2141669508949599,0.9991336938907396,0.2286842923303114,0.9993161200829048,0.2133537058858657,0.999145275426868,0.22866708582850698,0.9991063218858943,0.22272102822663692,0.999114844400365,0.21869255460908527,0.9991544584303059,0.21461217607079303,0.9992101564092294,0.23359664620636533,90,60,0.9991698861594784,129,0.9990282235123561,124,0.9991180642364043,361,0.9991549159710861,184,0.9990648598866496,115,0.9991462708006499,140,0.9990986893039029,114,0.9991249528487892,69,0.9991145202790017,0.9990618898017625,0.9991946333963475,0.9991575078619799,0.21993985755878515,0.9993505489819202,0.22800452811884148,0.9990972455839727,0.22616193225595463,0.999077607442626,0.21271776303221931,0.9991588530377473,0.2187911595530635,0.9992207113468047,0.21915445685695517,0.9991578253253178,0.2136050031273432,0.9992103309702217,0.2243656226566778,0.9992083789075269,176,0.2347608060979618,0.9991265114144462,0.9992597054984413,128,121,0.9991699676744914,0.9991915169061726,93,0.9992040184848667,125,0.9992142682435909,0.9990293374703264,93,0.9992615248198083,67,0.9990854028816903,153,0.9992612961407498,118,0.9992197695895696,139,0.9991463276518516,0.9992526840066106,0.22735821385275223,0.22161287842133043,0.23045053956396333,0.9990438969543587,0.21437626534632837,0.9991169301638233,0.2175111726669956,0.9990397762900138,0.22566122617473422,0.999091883955475,0.23375182676400835,0.9993167045052537,0.21561333588839188,0.9991208414818508,0.22200685748161308,0.9991034709006862,166,0.9991830712332465,89,0.9991647194630394,145,0.9991601060853461,82,0.9991749523479728,0.9990836139585301,0.9992256106470518,84,0.9991417194920909,181,0.9991729827358563,0.9990751460688556,0.9991476866251447,99,0.9991721923934234,147,0.9992332617576688,125,0.9992132781738895,128,0.9991697057205301,0.2300722620793031,0.22100160743364863,0.21498245330548738,0.22522711785307142,0.22337636174194855,0.21645205829271277,0.22073598288405388,0.22195282505741565,0.21884705815900524,136,171,316,74,101,118,95,126,0.22741612727876426,59,0.21872895824196031,112,0.2172230503400247,0.9991476064647367,0.9991133127846263,0.9990797305362565,0.9992106972334396,0.9990526280928443,172,70,108,101,0.24121418695252278,109,129,0.9991342862170133,159,0.9991019227600252,0.20550292282172736,118,0.9992122854065135,141,0.9990586468407483,112,0.9992092838619484,0.9990708959611558,0.9992545894903431,0.9992708048537451,0.9991865737949541,0.9992186387417753,0.9991300993188709,95,0.9992363121417157,65,76,128,123,0.9992841575304318,0.9991557709556385,109,0.9990814988923862,79,0.999147966258323,0.9991823229140018,0.9991786250505432,0.9990599257421849,0.9990660407562238,113,0.9991795141146014,106,0.9990426326720901,0.999110891354699,116,0.9990454140864272,0.9990823554050761,0.9991119449758791,0.9991027045110974,0.9990904423324077,0.999091712663777,0.9990450125143876,0.9990662163415753,0.9991170484525954,128,0.22187765042590812,0.9990657452001875,77,0.2236328890350866,0.9991273884939014,92,0.2116057470862676,102,0.21465228552384125,61,0.21999848587978893,0.9991236038929007,105,0.22050630297946944,0.9991201687409892,33,0.2209472989210861,0.9990675001281366,96,0.22828514135208122,0.9991038594725582,0.2176492968768183,0.99921948042601,0.22210696649817885,0.9990775700720669,0.9991488410816176,0.9990597173791509,112,73,0.9991204338293814,0.9991841772919249,0.9991017073320556,0.2296471458106576,0.2233354265112762,0.2247369178862764,0.2198151372225236,0.2205363054060393,0.20962822356816485,0.23160426379199145,0.21372685537783592,0.22734717846293864,0.23387205118347676,0.9990774140828138,0.9991561527553694,0.9990763198549899,0.21397308032133794,0.9992476123701616,0.23562348491423857,0.9991949027779062,0.22636315009737154,0.9991414179483081,0.21200513505129281,0.9991045181332822,0.2356804280242663,0.9990329914557619,0.23439343821393638,0.9992285144234075,0.22289878080580483,0.9991141897521207,0.20962659152546337,0.9992444052760618,0.21655348306824046,0.9990451840895497,0.23004203857942263,0.9990640839067217,0.9992201156714845,0.999052141453641,0.9991103927816359,0.9991986693274447,0.9990684358692552,0.9990624153570926,0.9991519022427374,0.9992088307893808,0.9991346162981937,0.2229425735595118,0.9990593069886285,0.21460077684691933,0.9990503949448789,0.2258167508757008,0.9992065050888802,0.23233538981682839,0.9991655293435191,0.22408633800142025,0.9991462521724721,0.9991170356661678,0.22117146394946818,0.9991738132297261,0.220954594262521,0.9992610423997037,0.22968075945754773,0.999170429218521,0.21814401409090084,0.9992049612508191,0.9991929209554381,0.21262003465878676,0.9990740264507758,0.99912440075569,0.9991261304112764,0.999084702250772,0.9992127574661541,0.9991302322407029,0.9990978908405767,0.9992358120185845,0.9990857988624734,0.22084638639872875,0.21560548359503462,0.23545273460811605,0.2297255925591689,0.22054514181757953,0.21373066524127238,0.9990739231719692,0.2131482197893046,0.9992137143968579,0.22091300750619947,0.21892120339421275,0.22028823739968656,0.9992547918534304,0.9990739935956396,0.9992424521286366,0.9991115750240116,0.999134407680638,0.99906003808839,0.9991639977087118,0.9991018206983067,0.9990622516193247,0.22122711827045918,0.21968073753399853,0.21997671138826574,0.22564900023837203,0.21571357802120855,0.21999854558932605,0.22007650496305217,0.21370538052455182,0.21521958149833462,0.2227896535906172,0.9991851433228031,0.999222804251321,0.999293207567888,0.9990725282704538,-19153.22675223461,-19150.029476086653,-19150.28870679734,-19151.132246971327,-19152.02092794523,-19150.445350970258,-19151.0097808918,-19149.671140281796,-19153.20608602535,-19153.080377078208,-19148.595077021215,-19151.516880719617,-19150.9138117071,-19151.217742272514,-19152.321540256245,-19152.413798474918,-19150.3657009245,-19151.62349869712,-19152.69620572975,-19152.438215680435,-19149.717564592866,-19151.95687475945,-19150.195439998664,-19149.66623130644,-19152.781565721623,-19150.611129621877,-19151.216370579583,-19151.477347847962,-19151.439046779076,-19151.94075416787,-19150.965971570426,-19151.021457484127,-19152.45383219731,-19152.799765788106,-19152.027202213838,-19151.335619498943,-19149.691129067985,-19149.347674516794,-19151.56842827649,-19151.23270392214,-19150.77983802535,-19150.546733108247,-19148.61994041977,-19150.153849465434,-19152.597078788313,-19151.843497824124,-19152.25194190433,-19151.126200281476,-19150.34405113721,-19152.347437910947,-19149.348615226172,-19150.151846265966,-19149.608131239453,-19152.45618511599,-19151.5014463865,-19152.681797696267,-19151.400576154258,-19150.304995260583,-19148.723878916237,-19149.80658943109,-19151.758006313197,-19152.086419477982,-19150.774996386812,-19151.84875231357,-19149.46271899302,-19151.640274944406,-19149.09849394461,-19150.308220932864,-19151.646039701947,-19150.85209270072,74,99,129,27,121,78,64,96,176,113,-19150.351148634087,-19151.454610892048,-19151.020701028254,-19150.245057707507,-19151.934060015905,-19149.145757088838,-19150.883242075794,102,90,128,120,163,112,110,116,63,135,-19151.35527605263,-19150.813334198727,-19152.284621502844,-19149.585424055906,-19150.154577705558,-19151.959310938975,-19147.874889528175,-19150.17650626607,500,-19150.956153531082,-19149.458959841395,-19149.4757590752,-19151.104614834207,-19151.37076456215,-19149.497799405628,-19149.520887582592,-19151.39396122224,-19150.46242849592,-19149.61750576249,-19150.064606884043,-19152.61510834265,-19151.11955680772,-19147.221611218258,-19148.97496862666,0.21135864470108348,0.22127222205135727,0.21299592858390448,0.22820431878551878,0.2178537376212118,0.21169129710296075,0.22437964044783676,0.22943080134098312,0.21598390732597797,0.22093243348246072,71,110,140,0.9992760919120358,109,0.9990948109487604,123,118,118,0.9991462504773656,261,0.9991438220364958,117,0.9991898609103863,91,0.9992010077733956,0.9991176156623505,0.9991504726201511,0.9991073627269352,0.9990990037950238,0.21846698203683895,0.2257409324119389,0.23287313831578527,0.23416551471083097,0.22096098983106996,0.22959913986519104,0.22483015903532677,0.23068174425144697,137,0.21376093055524836,217,127,105,0.999050625329651,35,0.9991764424544703,0.9990555288264424,89,126,0.9990430560082804,95,0.9990649648143679,52,0.9991197208688861,104,0.9990545278495058,0.9991355301315624,0.9991083586625653,0.9991964868058508,0.23248981767793186,0.2178035067043517,0.21835890720071996,0.21701698991112323,0.2182092654854725,0.22621824797078544,0.23252743750215185,0.2341129229035892,0.2298641973927169,122,100,147,111,0.9991542545449639,120,0.9991718364432706,77,0.9991934178182985,0.999112726966806,0.9991064029652565,144,0.9992255214765233,94,0.9990696739304764,86,0.9992121983845319,135,0.9991558865254184,0.9990266351816622,0.9991164176097802,0.22721424040215715,0.2196731158679334,98,126,133,105,0.9991574504732595,0.9991322641054121,141,0.9991474993512641,111,0.9990630084302276,0.9991929407635981,0.9990192466237205,123,0.9991212684987896,137,0.9992378198481,93,0.9991962804692806,178,0.9991125944596204,0.9990781509836759,123,136,91,-19152.97656323455,168,-19147.847991893595,115,126,-19150.468988354,116,126,139,122,258,-19152.500953970808,155,-19150.14294475443,96,-19149.86320386741,35,-19150.070008067127,-19149.26205574071,-19152.241713947697,127,-19151.92234332556,116,-19151.198739096166,67,123,153,111,-19151.16477513312,-19151.1161008154,-19150.9932428282,-19150.57595803983,172,-19151.135292101055,146,96,-19148.919410808136,56,-19148.608284693742,130,-19150.017311644522,-19151.21747070732,306,-19151.211360455978,98,-19150.389883738317,131,199,123,114,152,121,140,105,105,136,134,157,128,171,139,132,-19151.597595912113,117,-19150.547755114956,127,-19152.581057400508,145,-19149.28139341549,59,-19151.598489921074,134,-19150.298069900695,119,269,123,118,84,91,64,215,85,136,124,125,223,114,69,79,126,115,142,71,131,70,119,112,67,123,134,139,0.9993263544710506,0.9991343985960457,0.9990485338253656,45,0.9993344495524553,141,0.9990538463096159,126,0.9990528577770198,55,0.9992398232181031,0.9990670492201638,-19151.023471971657,0.9992084891069776,-19151.32043717723,0.9992305073343257,-19149.402119653776,0.9990497046094977,-19149.790095052715,-19148.95367998381,-19148.41128969057,-19150.774511705247,-19152.302563503432,-19149.79579635153,-19149.703604588383,203,135,113,145,121,0.22746857104929624,101,0.2133340182973359,0.229030019524752,0.22848869451764867,0.22476687896510758,70,0.21829920795945013,117,0.2290726469603055,123,0.21874973473642623,133,0.23067870739998747,-19152.90217363994,0.9991984967840576,-19150.906782483922,0.9990656718052927,-19150.42000645399,0.999081772876897,-19150.13184147754,-19152.702336995786,-19152.255591777135,-19151.74467264375,-19151.498545796654,-19147.932291623605,-19150.626144645685,113,154,110,79,119,141,87,0.21283478919886806,135,0.21895332271953882,0.2335396450342253,0.21449234219991434,-19152.485015063707,0.21543216433328743,0.2231292399435365,155,0.21603399583876853,141,0.2260747084363965,0.2282323111454846,0.21506487288529166,80,0.22608302269806518,-19151.404491725752,129,-19150.51329629502,127,-19150.06380442525,146,-19153.104183838685,-19149.771614652032,-19149.35605151344,-19151.4152682974,-19150.199779360595,220,132,122,113,148,130,-19150.73691855245,86,-19150.998196040597,160,52,102,158,120,0.2192181753982007,145,0.22751974488476087,122,0.22062170442218224,0.21587186467710312,-19150.87813499181,0.21886309420330485,-19150.05368687485,0.21960053616439235,0.21900489431134806,134,0.21839176222211001,118,0.2195072099653742,71,0.2201525319675428,134,-19151.239466384264,209,-19151.242194691156,177,-19150.68595455252,112,-19148.80965159383,-19150.526473207876,-19152.156006311194,124,-19149.59882354255,-19151.958396353766,85,145,136,126,-19152.772141912774,121,124,149,114,103,214,0.22810542862982472,101,0.22235054085172043,98,0.2170496371099808,87,0.2112516547046847,0.22622296648657422,0.21249681650505187,0.2237359833515623,0.999,0.23351439080327197,0.2192429696958108,0.9993430567582874,0.2139097015857571,0.9991133327164058,0.9991603255290338,0.9992112409232448,0.9991954650493088,0.9991697056333796,0.9990890445775479,0.9991256309816078,0.9991593076872042,0.9991569958980983,0.999143004273816,76,108,164,130,0.23284474525520268,124,0.23276536798314978,125,0.21387588458745052,329,0.21021271208158657,136,0.22278982327599473,0.2335720413283811,0.23200063097956328,0.22279103396825278,0.21384098852240466,83,0.21974214461567465,0.999168626487907,0.9990860357973129,0.9992359521779968,0.99909125963855,0.9991115465814717,-19150.771005281928,0.9991291481308687,-19153.151258746708,0.9991470761608683,0.9991634131965574,-19152.313524170688,0.9991962652928749,0.9990849452006435,0.9990663787297354,-19151.28735128283,92,-19149.14655613755,130,-19150.568702720702,-19148.517869256055,-19151.209166877397,-19149.576807756825,-19152.18740440288,0.22554511985767106,0.23352411772377205,0.22501466957785282,0.21816129986088717,0.21787613953684803,0.21961605222005484,0.23000016945852994,0.9991411265472357,0.21946004884219703,0.22911470097999836,0.23041572376794825,0.9990854402806901,0.9991804038240385,0.9990669234062227,0.9990716317425716,0.9991279422466468,-19148.557995092597,0.9990736875395418,-19149.8923366447,0.9993086716835937,-19150.181379139187,0.999025331726673,-19149.944880298208,0.999037281806025,0.9990784817386331,-19149.850864208285,-19152.27969442876,-19152.189328646567,-19148.967530199632,-19152.52698003351,-19152.480889572325,0.22167334909365793,0.23034926807210587,0.21437810008187824,0.21862310042743338,0.21783908606285823,0.2371923969244636,0.22023930606173758,0.22207652841989067,0.9991285256326102,0.2234546265054695,0.9992104335569679,0.22072410036284773,0.9990745107514061,0.9990929730445591,0.999195584455541,0.9991755595409682,0.9991944664549361,-19152.276886004016,0.9991488880684433,-19151.331951053373,0.9992672836190687,-19149.809114873315,0.9990467689987577,-19149.72045666473,-19149.537233681192,0.9990676800108464,-19148.33723516261,-19149.42716516919,-19150.133072671088,-19150.40630433707,-19149.56717926829,0,-19151.072515820135,-19150.992262754007,-19151.612612190092,-19151.394281260047,-19152.03802055304,-19149.52776003359,-19152.55757979555,-19149.49732329376,-19152.442196763575,-19149.55484684818,-19150.736949165264,-19152.29708683525,-19151.322674784817,-19150.12539238233,-19148.686617044743,-19148.375887550133,-19149.990088558672,-19149.37556497994,-19152.749201119073,-19151.440696287307,-19152.69587848682,-19152.20737802197,-19150.906246956092,-19152.673748859233,-19150.88474441154,-19149.93885822186,-19152.162059630802,-19148.86266205782,-19150.969035804,-19150.00787504135,-19149.175818074367,-19152.048550184245,0.23423839660262033,0.21682298993034532,0.22552909284527695,0.21500798168059743,0.22095302997689903,0.21961810682226923,60,123,92,156,116,135,292,298,126,130,0.23409812461042726,0.21536052665647298,0.21595476339592298,0.2210786281774727,0.21944175590036205,0.22146030269313027,0.23327114783542338,0.2262558486154333,0.22067182343578723,212,88,127,72,126,219,103,103,115,121,0.2302456270786573,0.21825332493495622,0.22704361561886133,0.2206310482201714,0.22584270457623548,0.22808564319227584,0.22480972073539368,0.21522109102792236,0.22078869871132353,83,135,52,105,114,157,67,123,114,0.999223552658935,106,0.9991027061302963,0.9991574773459742,0.9991278254524069,0.9991026594915382,0.21836301181526463,0.9991705045504543,0.21972696205652612,0.9990514034347753,0.2178848840922925,0.21397336590283672,0.9991342350851624,0.22122180009937317,0.9991560058934532,0.21626767569005015,0.9991252860838732,116,137,213,37,122,100,108,205,115,0.999122536938513,98,0.9992424415340285,0.9992586772005347,0.9991268242299094,0.9992983542012128,0.9991228557115509,0.9991657141686907,0.9991851533815186,0.9991615869266965,0.999030773186664,182,77,81,98,129,72,105,134,112,111,134,101,113,93,217,150,22,129,117,82,127,136,91,58,106,76,143,105,184,121,271,107,55,129,190,102,139,84,194,246,0.21469902041678346,0.22126916059632323,0.21854194669648414,0.2336331775065915,0.21479577834230362,0.21432238899649342,0.2175679450095378,0.2153652338359508,0.22901697382430108,0.21308365149405084,0.999179113386985,0.9992728219585161,156,0.9991171651877259,104,0.9991967114573519,62,0.9992015218559076,128,0.9991456467256206,70,0.9992689573727802,0.9992172531149613,97,0.9991970089394132,79,0.9991326579907491,0.9992406532788921,94,111,94,0.2236894989052613,0.2144971613581626,0.21428772986546285,0.22048130669293445,0.22161157933585207,0.21823067597911694,0.21163863217449716,0.2277495884389189,0.2222901613091893,0.23157159685987844,0.9992399305402546,0.9991938381388197,0.9990671236051504,188,0.9991165645135103,153,0.9991648574297258,139,0.9992086403660115,81,0.9992159462397794,27,0.9992102029045212,131,0.9991960165249328,64,0.9992006425417487,95,0.9990672701049553,95,120,0.22949439744877814,0.22656520911491373,0.23112686463467785,0.21504694040791208,0.21882428381648855,0.2229398186901088,0.21842241724234063,0.22292023715995135,0.2136856812914502,148,0.23337582625198255,0.9991229701510347,0.9992305886165689,0.9991563844302891,0.9991188912693416,102,0.9991916742100524,201,0.9990542242672141,180,0.9990566284920355,199,0.9990718375039397,179,128,0.9991765929505977,107,0.9991889326261237,120,0.999261301540202,128,0.22003094159328623,0.21563275818228383,0.2289312217342842,0.22746069294975993,0.2129768891800979,0.21384806848906088,0.22557229582602967,0.213033096433842,0.2216949010444082,0.2295364249810622,120,279,126,0.9990216610468273,165,0.9992081379596643,118,0.9990719378819087,139,0.9992633954983832,132,93,106,0.9990653589001753,115,0.999145829664866,0.21845211314069518,0.22217175013544993,0.22237158963139814,0.21654503671399372,0.223107094930586,0.21500222465174101,0.22819325053898576,0.22908330786612038,0.21794654038535755,0.9991785983005173,-19152.844212998672,-19150.48648024182,-19150.922119821626,0.9990691048379758,-19151.854612796047,0.9991931942850633,-19152.745181200633,0.9991824038624266,-19151.047434347176,0.9990555818678717,-19150.25503296265,0.999183255444798,0.9990857649578244,0.9991235141710672,0.9992245617140119,0.23498692124922468,0.9991402404588718,0.22174867303356072,0.22168233806790494,0.2314999885622367,0.22750719496510735,0.22875526556578316,0.2145771509555089,0.23034486185302117,0.23530936675619207,0.9991212470853954,0.9990414360395211,0.9990735757629023,0.9991502670036538,0.9992481690997247,0.9991213894213203,0.9990564132928327,0.9992069891965772,0.9990838842067012,0.9991585877058707,0.23510438385971044,0.22979525300590012,0.22829363235620087,0.2257967293050664,0.2201454113632133,0.23175818093617573,0.2297268924449861,0.23129681723714782,0.22546174928226542,0.9991592751979206,0.9991476080618931,0.9991339766691767,0.9992196569597968,0.9991827275464552,0.9990241164635764,0.9991127801128724,0.9991122179084447,0.9991756329047105,0.9991979732099774,0.21315435145554373,0.2145565298603241,0.218022431905935,0.21914481901434293,0.2166734887126131,0.21431992184183687,0.22270898862090777,0.21863268533692382,0.21789630236537627,0.9990659306550821,0.9991387458632123,0.9992939547402071,0.9991533874804429,0.9991078734146296,0.9990683809070234,0.9991641425277186,0.9991791776258571,0.9990346534077161,0.9990950334736743,0.9990450771969559,0.21849471243746188,0.2183626528124927,0.22409419735908193,0.2163307123647133,-19149.99591573532,-19151.907531631987,-19149.839746395453,-19152.718279595614,-19151.140886721925,-19148.312817610018,-19151.13621317265,-19150.985935896715,-19152.429541414658,-19148.44685536584,-19150.634876298554,-19150.967631693336,-19151.778124345008,0.9991089792842738,0.9990409444777343,0.9991541708659859,-19149.351228094463,-19151.470217985512,-19152.392116856645,-19150.895715927865,-19152.176222672217,-19148.544973218253,-19150.840498545163,-19152.84210557136,-19148.563288176003,-19148.98975706617,-19152.93403565398,-19149.1863058327,-19151.37747121928,-19148.820320329283,-19149.830460101268,-19150.855565657483,-19151.562862056548,-19147.5761685217,-19151.43893444839,0.9991013548327105,0.9990649407475573,0.999060128197414,0.9991225227709071,0.999083963582421,-19149.545896760326,0.9991109774078483,-19149.20744479529,0.9990848045324185,-19151.226385074035,0.9991225943323827,-19150.03567099575,-19150.358187328096,0.9991758593141336,-19148.92326048048,0.9992034719389921,-19150.723154316995,0.9992007934452836,-19148.914702423855,-19152.724963464167,-19151.324942173516,-19152.803961270594,-19151.805046238373,-19152.55003016963,-19150.234655314132,-19148.562960929,-19150.29951372743,-19149.637688789633,-19152.600390944222,-19149.608101372643,-19150.393426168474,-19150.762907021643,0.9991269830962762,-19150.678238325865,-19149.940304892734,-19150.423688029732,0.9992032157954174,0.9990806221851364,0.9991628201912719,0.9991709930724213,0.9991069169073199,-19152.35563402327,0.999045397016739,-19153.093592409386,0.9990588545080693,-19152.199630310086,0.9991669759011725,-19152.102292273143,-19152.808774223042,-19149.233044751138,0.9991383791355825,-19152.944210840295,0.999259366435506,-19148.048969754524,-19152.08242632559,-19150.573143174235,-19152.103402442284,-19148.588579632382,-19150.54108550294,-19149.534779344183,-19149.57219005175,-19151.141288109764,-19150.333320162954,-19151.5395422032,-19152.755357123817,-19151.370231293593,-19152.01839479445,-19151.003616225473,-19147.507580691134,-19149.240924309986,-19150.781628446788,-19150.099333920767,-19151.916859672765,-19150.229957188632,-19150.547170223967,-19149.25726277812,-19150.00204812412,-19151.026580551857,-19150.408948663924,-19150.497370998764,-19147.496382808313,-19151.24996933802,-19151.58293619449,-19150.05721742015,-19149.784186153607,-19150.68826077454,-19152.191917395685,-19150.497290890362,2,-19151.70226859168,-19152.07871966353,-19150.521387685076,-19152.865093682653,-19149.335844934456,-19151.145987358042,-19150.498686434214,-19150.6519377253,-19150.611447076302,-19146.84792467196,-19152.44723768885,-19151.436584324794,-19152.032385653853,-19149.756302272534,-19152.525141566173,-19152.153968763472,-19150.051612736737,-19149.800765462554,-19151.57956140267,-19151.597626950206,-19151.83268105777,-19151.808329765965,-19150.49359190021,-19152.703577025975,-19151.257783265228,-19152.044375487043,-19150.036019039057,-19150.164018983087,-19151.61674169261,-19147.635707402434,-19151.420499988337,-19152.079813862598,0.22828789404257804,-19151.528286475568,0.21293822648113891,-19151.364922696244,0.21244892223399356,-19150.605617929046,0.21900506780364346,-19149.538124748324,0.23021847145568253,0.23452091767783823,0.2195516064074735,0.2253665496484503,0.2188068450589018,0.2130092197597501,-19150.112870995625,-19151.41828155545,-19151.119981736872,-19149.442065709292,-19151.565030040205,-19151.851421970918,-19151.90986118584,-19152.495157721343,-19151.359983240975,-19149.35304031413,-19152.62216375199,-19150.282413661807,-19146.82103715453,-19149.843455208244,-19146.817953245914,-19150.722057779472,-19147.53407005128,-19149.46993731378,-19150.01750442619,-19151.427591392294,-19152.149346511058,-19152.147996496282,-19148.91920777903,-19152.176086673953,-19148.682739167576,-19149.295736030504,-19147.946608547674,-19152.373091647052,-19150.989934589827,-19151.148591137193,-19151.322919878225,-19152.147366666642,-19151.181745057886,-19151.614568593788,-19149.86844232018,-19152.415525903943,-19150.422782119258,-19151.92169339219,-19151.94271485452,-19149.046455951477,-19149.347260624127,-19152.700287757107,-19152.337966120667,-19151.689899671197,-19148.881778835676,-19149.488276466887,-19151.069968008487,0.2264248861104292,0.2132187489279775,0.2129575694214444,0.21825627599989172,0.21486724807786106,111,178,62,146,91,152,95,81,110,129,0.21586092211816718,0.22670124937693392,0.2264838763485441,0.21953057080615274,0.2154073516262206,110,115,107,49,230,99,76,128,143,117,119,128,144,136,136,123,156,121,71,50,96,124,114,148,51,94,123,165,104,88,307,177,130,39,101,195,113,123,226,111,187,90,115,103,65,111,114,84,73,110,0.2252699638737345,0.21626984173199454,0.2173058387198693,0.23191196766410363,0.21775837182568217,0.22206389281932923,0.2172456870846096,0.22032728993860196,0.23517917236453328,0.21094571006486657,0.9993519523509317,81,0.9990865376303208,111,0.9991529319205829,121,0.9991355712558528,107,0.9992671013645347,213,0.9992740962116013,135,0.9991944182402838,74,0.9990442455982427,135,0.9991862697511987,0.999126776177025,0.9991265323550905,120,100,0.22327620382887675,0.22174008464477893,0.22630109093295053,0.21191556237515588,0.23686252748005826,0.23062229554443686,0.2265372477952129,0.22305741519771255,0.2312233704855937,56,0.22670786686236089,0.9991774987319585,0.999160303256479,123,0.9991120607094903,77,0.9993521133129308,117,0.9993147375944593,145,0.9990492592188143,112,0.9990894646792924,65,0.9991276229819177,153,0.999215168731107,93,0.999180167432583,0.9991044050332684,79,0.22941252510349014,0.21414855447800907,0.213552671030314,0.2217281958180332,0.2204821861812863,0.21475322015122872,0.22008032546897213,0.21963179215705786,0.22197120890042005,0.22589251374251784,128,128,0.999152041769448,0.9990365875393509,0.999126266251909,88,0.9990736820517349,116,0.9993094331430667,77,0.9990775503631965,106,0.9990793990266992,88,0.9991036469575079,111,0.9991833636661289,128,0.9991964521794902,83,0.9990543201672872,0.22037985821386524,0.22492520970245733,0.21855882737046106,0.21182269360432804,0.22588660736924193,0.23348694583119492,0.2280827688271765,0.23395810461689723,144,0.22031341580667776,289,104,0.999174058357016,0.9992256643710147,0.9991808737462418,0.9990807543290078,96,0.9991501466809625,125,0.9991541543032817,0.9990583838884517,110,0.9991600374536806,84,122,0.9990717024621464,141,0.9991601102649306,132,0.9991973172538179,0.22044001597116114,0.22474536125394848,0.2176913516162263,0.21998768674974845,0.21928635919062986,0.2157885409571805,0.21277203305448825,0.2177984890647367,0.22906616639605687,0.9990428423584751,0.9991606743011917,0.9991379456861629,0.9990376767022469,0.9991891713576521,0.9991314078454492,0.9991727500160645,0.9990892982244067,0.21876444763188652,0.9991639504432753,0.2322043328284831,0.9991506695831249,0.21889501956680457,0.21931239943246938,0.2186891729146923,0.23077698284773523,0.21293730408599448,0.23169748673180243,0.2279033095418445,0.99902466891184,0.9992260755340835,0.9990713001190911,0.9990763777673632,0.9990631622776924,0.9991109832680252,0.9990324607098507,0.9992878655688738,0.9990395252390588,0.23178653442847225,0.2278946120863512,0.21833416965724825,0.9993125404692701,0.22500472686702555,0.22161675848931256,0.231422960921161,0.23179024506676849,0.21342041987894683,0.22400251568973595,122,0.9992274113670933,124,0.9990530219032562,118,87,0.9992422406477467,0.9991220718745787,140,0.9991841954516494,116,0.999209750870979,0.9990932883913967,0.999148326181142,0.9992426872303237,0.9991673679219025,93,0.23233694401230676,74,0.22654030149914,99,0.22303148947956483,48,0.22098308649914877,55,0.9991093512405526,125,0.999261025322434,92,0.9992387706893767,65,119,0.9992619810829622,0.9990612591914014,73,0.999139323226543,143,0.9992199086474386,0.9991422040326564,0.999037786628454,0.9990725211761096,86,70,132,-19149.35943466239,-19150.184796982143,-19151.7508848727,-19149.96434693045,-19152.20608363382,-19151.98714910634,-19149.76379409536,-19150.152452368733,-19152.561852279847,-19151.94527200912,-19149.86462813516,EMCC,-19151.98770279179,-19150.0715595037,-19151.575487753205,-19152.306118713153,-19151.262864512,-19152.27247642443,-19152.421674041547,-19151.19701930829,-19152.079436048236,-19150.713285200356,false,-19151.124476367077,-19150.730052977153,-19149.03687175107,-19150.580461035857,-19152.004121793165,-19152.30045284178,-19148.120022318635,-19150.142432066496,-19152.417679629812,0.9991892468408106,0.9991856457527936,0.9990732599911556,0.9992454028461865,0.9991398956321286,0.999105734691919,-19149.56352985589,0.9992248118148841,-19152.5669090237,0.9991324958122894,-19152.369952737237,0.9990860510200233,-19150.654612020837,0.999042311563661,0.9991686653645907,-19151.963576882867,-19149.241953880384,-19152.254538144894,-19150.21282291964,-19151.45025318164,-19149.75827347082,0.22018694314694973,0.2229542565575569,0.23244577713809556,0.2207081015931939,0.22063614254220779,0.21680644476480115,0.22776865903093457,0.22250300605712686,0.21968464710911823,0.21750528860959956,0.9990465684162739,-19150.31338044411,0.9992290616880668,-19150.849785875384,0.9990791812508326,-19149.09532848867,0.9991354980012356,-19149.47829732941,-19150.265720425603,0.9991387738027048,-19149.89535143447,-19150.735412724847,-19150.30835977634,-19150.250572630513,-19152.125903726104,0.22129341762120727,0.23435692519488754,0.2304212211520319,0.21612334819043305,0.22477224926199954,0.21233804949503027,0.21541308537891096,0.2307086970325034,0.21872722798120733,0.23196108147005517,-19150.761460298905,-19149.655756797845,-19148.558098560756,-19149.353893041716,-19148.723131843682,-19151.929284127604,-19148.55371645043,-19150.309922110893,-19149.459323102496,-19153.004088193364,0.2176976260000158,0.22982781797787313,0.2170338355638079,0.21920118911675393,0.21871497119164235,0.21483345464431214,0.228968445126253,0.2280374324910734,0.2151125204182769,0.21897760444920697,-19151.37113556412,-19153.025444588566,-19151.67459395397,-19151.17116256242,-19149.835622870367,-19150.762549973006,-19152.380027818886,-19152.323090379934,-19151.303204009353,-19150.596848334964,0.9990787160435305,0.9990951892012991,0.9993045241950809,-19149.532813303398,0.9991199486980039,0.9992349634621813,0.9990593909974623,0.999194909281263,0.9991689340459997,0.9990469158918777,0.9991451569644777,-19152.281120401192,-19150.20118545015,-19151.102679887037,-19151.78416928059,-19149.817395580827,-19152.613625238406,-19152.13808267737,-19149.570078107787,-19149.148113821764,-19152.269028046765,-19149.83882234824,-19152.19327308914,-19150.861151034464,-19150.10834035928,-19152.283532275622,-19152.66990350285,-19151.92856720894,-19150.71238460261,-19148.443362915612,-19152.0619596329,-19151.113862123086,-19152.85178367292,-19151.817013909917,-19151.917151483554,-19149.043769980166,-19153.080885069416,-19150.33406528388,-19152.1538635627,-19147.650297637672,-19152.29397382259,-19151.428136591923,-19149.804347182755,-19151.93805763088,-19151.39389919991,-19150.493165011343,-19150.433985146443,-19146.991471440564,-19151.09074796804,-19150.747113544592,104,0.9991118078864882,164,0.9990567747420204,139,0.9991142310535537,102,82,0.9991326311674026,142,0.9991961785567975,95,0.999044570287105,132,0.9990584807143986,0.9991178473975356,0.9990711304274982,0.9992153949522354,0.9990493214922648,165,116,147,93,0.9992230398088758,134,0.9990605180132328,195,0.9990829114453051,114,0.9991120599995399,98,0.9991639605981903,119,0.9990555806807997,110,0.9992403323007693,100,0.9992559324121582,0.9990809628329436,0.9990877276657667,0.9990785882225186,119,54,113,0.9991267614585653,160,0.9991692201921486,188,0.9990388600030085,65,0.9990816439845778,140,0.9990914318080927,119,0.9992515726627723,116,0.999143818228414,43,0.999146198892404,246,0.9993031252064509,0.9991127100085352,0.9991801612532011,106,100,280,0.9992530131977017,0.9993610708739353,-19150.99010871949,-19152.636070170116,150,0.9993251989651961,275,0.9991187622378527,0.9991184272831551,41,0.9991503590995713,132,0.9990370165948878,61,0.9990425304039263,102,0.9991003475498403,120,0.9992206174098742,0.9990616008361155,-19148.96958687146,-19147.311485567923,-19152.53422573215,-19152.553176585687,-19151.99886961799,-19147.15638329438,-19149.761580285398,-19152.307525709242,0.22072700200454498,0.22023355200339162,0.22053505450836808,0.23285108508515878,0.21925107779674882,0.23557414210243455,0.22298691667705514,0.21339023605050778,141,126,135,81,86,118,104,158,157,141,0.21896512699824422,0.23145211570406884,0.21729130038204092,0.23284002348207475,0.21979700455508355,0.21684866177616902,0.2302923577237731,0.21912951177706455,0.22243682017999683,123,250,164,99,169,130,100,128,96,190,0.2219093237742048,0.21066934877890503,0.21806770560865152,0.21320580358974278,0.21546512432817272,0.21911780348842724,0.21884056842389543,0.21408303003432572,0.21178526218589344,170,103,156,140,126,88,159,106,130,127,0.21976131346677275,0.21579367155419593,0.21347765187793308,0.22879086300828808,0.22010397676082433,0.21207549384559393,0.2404172227151974,0.22096102271130236,0.22431424370554306,79,79,56,134,123,79,130,115,127,129,0.23362858208868412,0.22167767723802725,0.21422351008781554,0.2324611898021693,0.2200073638966429,0.21211357420432714,0.2128108188848624,0.226076353263707,0.22742577688343218,0.23186822934000217,0.21577705930290925,0.2319847686560781,0.21310646086456786,0.22377734852482215,0.21787649774460804,0.2193552496166547,0.22676371531689746,0.2215898886774179,0.21575391848307146,0.22128363026926348,0.2316023856707048,0.22277566102940366,0.210252046430916,0.23001395058808072,0.22065926781983014,0.21248196504348693,0.2215688483467241,0,52,133,105,97,111,115,134,101,150,138,0.2268481594921909,0.21103660700080495,0.23175985422088577,0.2137567090940365,0.22989116508735488,0.2107504683526963,0.2191440399986223,0.22857707084958856,127,130,107,87,120,88,118,87,137,106,0.22897267987149295,0.24095871375721742,0.21555277625846003,0.22330073647658438,0.21851895566470253,0.21300269176056652,0.22387033672176176,0.2331895375719579,0.21810892137455426,0.2265166572667053,0.2302029034952277,0.21806384366648784,0.2153030849278424,0.21107383746293074,0.22625522267728826,0.2316298657256359,0.2172214334799058,0.2216182076323545,0.21460736818569942,0.21447801214776152,0.2156947139189203,0.2198676711738864,0.20982376063244504,0.22768562801556497,0.2217744390413115,0.23324077315689534,0.22834481709670051,0.2249970630204855,0.22249129494916486,0.21359705993111394,0.22971712207268868,0.22190431742021072,0.22025887907447517,0.23131969747725883,0.23215231299529582,0.21919050530190198,0.2145502685745932,0.21676945016353788,0.2279422314249726,0.222965646510839,0.21014025271312764,0.2200248530922344,0.21464849994881952,0.23090320003712117,0.21569308924375963,0.22553265291097413,0.23102980299074963,0.2293755538999021,0.21707755165877451,0.21483669241876727,0.9991077415070893,0.999054907319947,0.9992015265657154,0.9992314110438207,0.9990588212676829,-19149.713456988102,0.9991452572921269,-19148.27457563013,0.999090185816113,-19150.809485859332,0.9990557790179924,-19149.927089292556,-19151.66856549074,0.9991863064106469,-19150.762939511966,0.9991691442909794,-19150.68201350752,0.9991705340500656,-19151.508334969476,-19151.74893824526,0.9992062823493841,0.9991134467190339,0.9990479517817514,0.9990541634312449,0.9990476970673522,0.9992142227537878,0.9991291046361539,0.9992358716421162,0.9991923591411641,0.9990489299227685,0.9990709251184037,0.9992036390587383,0.9992465225840168,0.9990636582321533,0.9990886346355915,0.9991072134648104,0.9991670284821752,0.9991469433285476,0.9991897004728056,0.9991740996972046,0.9992592457206999,0.999078839741601,0.9991266971053155,0.9991295009153003,0.9990301305320368,0.9992315067865926,0.9990814646300364,0.9992016004051699,0.9992193717681721,0.9990572787452247,0.9990770416665272,0.9991288042560486,0.9991455033478643,-19150.82516010938,-19149.517340412003,-19150.512673585054,-19150.556982884544,1,-19151.15816415934,-19151.03102183028,-19151.859475033092,-19150.548270176125,-19149.819684029502,-19150.313382114455,0.999142820421216,-19151.40805040427,-19150.739002217433,-19149.007978604135,-19149.804056323785,-19152.068300117302,-19151.24178423738,-19153.197547955977,-19150.609525761858,-19152.358583328107,-19149.86806269014,0.9992182395711218,0.9991108556078796,0.9991743846520073,-19150.578245937697,0.9990965668853091,-19150.2725426155,0.9990814601944359,-19152.230804401137,0.999210732300374,-19149.49899103481,0.9990749842914272,-19151.334766943546,0.9990231722730496,-19149.24366275189,0.9991669143870044,0.9990830000747983,-19153.055895566675,0.9992053371206367,-19151.526732293056,-19149.858919781065,-19151.40551045146,-19151.311802374126,0.9991496127372125,0.9991972029293728,0.9992810543402395,0.9991326403143891,-19152.521160162956,0.9991296079411153,-19152.59597428368,0.9991007373492014,-19152.321078889552,0.9990299827709057,-19151.271449385462,0.9991378334718357,-19149.800101841418,0.9992144807266149,-19152.741085300808,0.9991569895535592,-19150.968419944715,0.999107370383417,-19151.489244277906,-19150.184263542793,-19152.501970807203,0.240087222748261,0.218839229099748,0.2303604241983936,0.21795959109723126,0.9991133294807495,0.21333703766213497,0.9992122605632077,0.2199234216174123,0.212946915170516,0.21854530388804394,0.9990496272469628,0.9991619291825679,0.22592275838629827,0.9992060143779037,0.22811048348393226,0.9992110558338761,0.9992395423851016,0.9991276451507759,0.9993310451675931,0.99918268567699,-19148.505551859398,-19149.540543276562,0.9991042277531227,-19152.748270509404,-19150.284530994366,-19152.131281311813,-19152.74172205152,-19151.629709284185,-19151.820902646123,-19151.6715089253,-19151.486142353762,0.21532133319077112,0.23174050522798917,0.22827935498082075,0.9992969504547334,0.21927514953341282,0.9992076883689306,0.21896254952195027,0.9991779913395783,0.21802465290718423,0.2221116644755409,0.9992134106191501,0.22093495210125277,0.999176847196858,0.22960898170887467,0.9991361700896715,0.21561199441613135,0.9990838364963169,0.9991284246848608,0.9991145396339325,0.9992142871984698,-19151.114030245706,-19152.302553226666,-19152.39369807625,-19150.458232709192,-19150.010385261125,-19152.030846935733,-19146.959394297708,-19150.92175217025,-19149.371442475735,-19148.42755497359,0.2183347187690704,0.2189063531115339,0.9990851537413022,0.22088865698737498,0.9991101654446609,0.2148793508226718,0.9991328025543258,0.22243444950890517,0.9991677351649525,0.22266160764674892,0.9991436212594077,0.23535221008281043,0.9992306303121059,0.23198152428437796,0.9991399740119903,0.21777462056932798,0.9991732704795406,0.21335279695790668,0.9990668665873674,0.9991153476600403,-19153.001325708545,-19151.98291506511,-19152.87180009827,-19152.702324497623,-19148.648544477423,-19149.472946567523,-19151.389460682396,-19149.261130452483,-19150.650388272938,-19151.862991608356,0.22529149622381817,0.21754561258726757,0.22700127571121198,0.22698774933148336,0.23769712552055466,0.21873722011860863,0.22749008126760067,0.2273114072010897,0.23246041118471267,0.2216782688756429,-19152.058617997787,-19151.97600315411,-19150.431523374453,-19152.639960114877,-19152.23007987923,-19150.6270789948,-19152.34938962014,-19150.138527743205,-19150.57024711658,-19150.280113829824,144,130,0.9990896039466062,95,0.9990943378924685,90,49,107,0.9991699749186689,69,0.9992140910468559,169,0.9991004796506816,132,0.999145621438525,0.9991845186811914,0.9990188012833634,0.9990253582235117,0.9991333722718846,75,0.9990177233484617,121,53,-19151.49789431935,-19149.785112669262,-19151.981018177306,179,0.9990579171596934,123,0.9992200449878473,88,0.9991781338551231,130,134,0.9991701432185939,106,0.9991077220947887,219,0.9990461485709956,120,0.9992065035304616,0.9990772057781789,0.9991001789155902,0.9991415991399821,0.9992330965786727,-19151.465377958903,-19151.1431814881,-19149.527657595077,-19152.982804353942,-19149.302640805698,-19149.80625479325,-19148.929457015867,-19149.514970697204,-19149.75717141755,0.9990505677157391,0.9991575306679843,0.9992580689538096,0.9991453688377441,0.9991681054763089,0.999089878056291,0.9990685713009533,0.9991780293362184,0.9992526450215451,0.9991961482971156,0.9991129843850095,-19152.60185005213,-19151.844949515467,-19151.898519837734,-19149.723219839845,-19152.042357523183,-19150.89837146886,-19151.011970117677,-19148.455161194415,0.9991327630890745,-19152.290119124205,0.9991163731323551,0.999058039896031,0.9990399951328955,0.9991356578670378,0.9991217422195269,0.9992021728094341,0.9992200940744108,0.9990802948829599,-19148.874511308306,0.9990635898197432,0.9991272985561048,-19150.093057622653,-19152.730492448038,-19150.51030439249,-19152.134196169143,-19151.187213445246,-19151.16874078097,-19151.560748892385,-19151.51151417549,0.23317075860582012,0.2155473479727335,0.22706778142156558,0.21218132454098856,0.21104863542270458,0.228599881635388,0.22068744402072626,119,0.22079260757345434,110,0.23386421434519533,66,97,0.21220282571079244,0.22354668955748044,0.22684654709655766,104,0.23069141538290341,0.233762638709394,0.22858313591276475,147,0.22310938247392614,0.2133265541304041,426,110,162,51,1925882,0.22656335096354274,0.2133018116868834,0.22876738658175244,0.21946857557588986,0.21796955236792795,0.22168274337149135,0.23011850048186483,0.2265897607283554,0.22478822467341916,80,144,40,161,104,86,114,102,140,76,0.22097463653655874,0.2186712814436495,0.2311896026412068,0.22971592157218884,0.2311238837261242,0.23129291958243195,0.2243123727834354,0.22010738760919352,0.227683816225278,172,95,146,85,180,72,122,94,164,124,0.21277127448575775,0.22306579885770755,0.22742113908533085,0.21059005604598474,0.2094907314175775,0.22159378005992428,0.21999003715352805,0.22395800538733468,0.22042010032535989,128,139,143,95,96,127,68,99,117,113,0.22896703633089371,0.21558637349397086,0.21683681509231667,0.21237912180981627,0.2126172787794262,0.22623541943785797,0.22448483648215778,0.21324494373020886,0.22329753322180593,0.23046332268295,0.23036569094991438,0.22271339646908112,0.22840834545565225,0.231188902780593,131,0.23000562670614186,0.21190260315099635,0.21185196907788845,0.22160560307020244,0.21637944431727416,120,135,81,102,126,105,105,147,0.23271525104320545,0.21773563835499968,0.2247825646225731,0.21898547499536536,131,0.2184424976800724,0.21608053359928028,0.22113163847263656,0.22820914611746163,0.23313701236633258,0.22628190445288,0.22544567248993047,127,0.22061588244344893,143,0.2293750167168195,0.21808610500215864,0.22784504690251928,0.22832433857287918,0.22884183362365623,150,153,98,125,111,188,183,137,0.22160383341215817,126,0.21956323202100578,0.2208276697147088,75,0.22004078860163812,115,0.21919855695872792,0.21252831414314372,0.2321016722500403,0.2160685621184383,0.22811795206015967,94,151,0.21854314119840473,96,134,163,139,121,103,0.22095775376888946,93,0.22002839107562255,133,0.21880828435972818,128,0.22600174376096663,0.21390327562025346,0.21877861746545818,0.22811777394155947,0.21278277157857778,122,109,0.21825843042080895,0.223333111769486,132,105,125,409,0.21890177433653804,0.22202820433442175,0.23069668935525406,0.22215992452514763,0.22145141400671178,0.21666472238102497,0.23365068855033694,0.2283364548647192,0.22984273246461917,0.22211342301678033,0.21144844382361172,0.21059638195813374,0.2298979113763256,0.22020169947563656,0.2102702843940827,0.2201829977241911,0.2121917325166422,0.21526880933281983,0.21588722405399496,0.2131804322739414,129,95,121,229,98,81,71,121,129,79,0.21206215496225378,0.21573022438729383,0.22098143936363573,0.22674093223867997,0.2190342275177935,0.23580185138688753,0.21553331337019282,0.2161914498411993,0.22316850234071417,112,0.2124841193021892,179,92,95,123,82,109,110,130,77,0.2184416822342302,0.21646209350318402,0.22958943912035323,0.21969284109635676,0.21922079605321546,0.21408369688437015,0.22072275604044567,0.21835886329003706,0.23360033879567904,0.21144940512596172,0.23186037692547773,0.21990830363139283,0.22123209928156967,0.2301717583418628,0.21630650889521755,0.21354683842932107,0.21673867754693593,0.22425244916919407,0.22504260279429922,0.21821276225831499,0.21874435685522464,0.22717261835364666,0.21563054354950492,0.22978665768170675,0.21042819288573272,0.2169448435080905,0.22375024473040728,0.22382527653736167,0.21983754787512227,0.22177408706675322,0.20550292282172736,0.22299453246855405,0.21832895033170818,0.21831408605509756,0.21712122865678835,0.23371394755800112,0.2153245580600916,0.22313774669895398,0.22356598588993395,0.21561099351303553,0.9991576813986037,0.9992132692431099,0.9991602061023114,0.9992135648816104,0.9990095582814574,0.999167508606423,0.9991859456476826,0.9990500132451062,0.9993102071862645,0.9990739602020622,0.9991597845614176,random_mc2_n7_mid3_d1000_05_mr098_r10_20_uai,0.999145575909771,0.99925534138829,0.9991340226064113,0.9992251523099911,0.9991711307595371,0.9990507542523772,0.9990975424626045,0.9991230310090324,0.9991720640090036,0.9990416063084536,0.9991099356351453,0.9990769996264177,0.9990802263059377,0.9990730847172506,0.9990744481622902,0.9990686440207566,0.9990760106107635,0.9991813964231252,0.9990742769608444,0.9991249220661702,0.9991862199939954,0.9992406511754695,0.9991200871081027,0.9992132807674345,0.9991014417037531,0.9990964875044472,0.999032598831294,0.9991009698059009,0.9990971293167209,0.9990805108687962,0.9990915785148429,0.9990981560107254,0.9992147941362283,-19150.982823880004,-19151.294563570973,-19151.258950124276,-19147.933902898527,-19149.48936190438,-19151.889911228776,-19151.838874101977,-19150.278072466266,-19149.40722775233,-19152.55677594008,-19150.71558561837,-19151.81871241433,-19145.55651366031,-19150.03467745371,-19151.648377766578,-19151.548669169628,-19151.411482537864,-19149.539483398738,-19150.37797479746,-19149.980076145148,-19148.83091465402,-19149.994917028656,-19153.046434457574,-19149.892244228107,-19149.959644829985,-19153.08985394542,-19151.85384356077,-19149.867053993377,-19151.64419941668,-19146.328156920677,0.9990634167850676,0.9991656786806878,-19149.408720235857,-19150.781185143995,-19149.497228268432,-19150.723100005256,-19152.40751870957,-19150.976723676587,-19150.351673950834,-19152.481290719403,-19150.934185133436,-19149.551833285142,-19150.77766037494,-19152.03183408872,-19152.75594765726,-19149.632920702017,-19151.038908081395,-19152.59274991276,-19152.057006367864,-19146.414379813246,-19150.64908919257,-19150.407069942572,-19151.578452861893,-19152.429748747913,-19150.148413938492,-19149.624570041186,-19152.35183448681,-19150.99043959084,-19150.389713846052,-19151.441321905004,-19152.7251946244,-19147.919541275347,-19151.675272491724,-19152.56600177211,-19150.2001527795,-19150.32295540621,-19149.688257759604,-19150.213904653432,-19151.790908270108,-19150.825789765528,-19151.981945562096,-19151.585748062833,0.9991198288823274,-19151.045833589687,-19150.62824484736,-19151.888297212816,0.9990445823097355,0.9992067931838052,0.999069900696216,0.99915211475261,0.9991068910376335,0.9992276270659386,0.9990956563411848,0.9990381547154854,0.9990562121116521,0.9991182914692137,-19151.820861328826,-19146.86870134061,-19151.259711470524,-19147.630346507554,-19151.298848364506,-19149.7567211644,-19152.488871823218,-19151.31768760927,-19152.215310260184,0.9991396183330022,-19151.078152717644,-19150.857623310218,-19146.028374648155,-19149.3332396329,-19150.713432123066,-19152.556529659905,-19151.787690294645,-19149.863626930673,-19149.54112088581,-19150.952015927698,-19149.618511663564,-19151.954247421658,-19151.274372534375,-19149.31676473273,-19149.566896331515,-19152.470426249318,-19151.23720899139,-19152.495383197835,0.23797341954705972,0.23326648144728923,0.22628333741842782,0.2256394484816296,0.23647072917136341,0.22170263241558938,0.2251325531893515,0.22604054905396373,-19151.661358513476,-19149.693334785563,-19152.68354658028,-19151.49777067261,-19151.02901386204,-19151.965551833153,-19152.22780361154,-19150.362622408276,-19150.34242817736,-19148.77706374614,-19148.022875882994,-19151.49267620866,-19152.37624543641,-19152.342415879924,-19151.66624495074,-19151.384603517803,-19151.991342967907,-19150.900907903266,-19149.657850577812,-19151.118564173452,-19150.650538864094,-19151.2693789684,-19149.602580088213,-19152.226457288103,239,121,113,91,100,100,140,126,58,147,-19152.83504887111,-19152.711824487924,-19149.203311140634,-19151.732732846544,-19150.890059508158,-19151.517376606233,0.2156380291215751,0.2291993685194988,0.22275268404343473,0.22008984847917187,0.2189210007710527,0.22817651980440468,0.2121828116355759,0.225300731149203,81,0.23553284158626708,129,92,120,79,177,105,132,68,177,0.21625743821613086,144,156,105,135,199,208,66,106,115,88,0.9991863218605592,0.9991002749193232,0.999377678475541,0.9990248639100232,0.9990271286749568,0.9991916790321105,0.9992470595242074,0.9990893383528842,0.9991929933949133,0.9991881622560017,0.9991715479215519,0.9990911710328181,0.9991663355144113,0.999187096211642,0.9992100855157596,0.9991052585526441,0.9994179574326767,0.9991842472913205,0.9991487210620815,0.9991124154081753,0.9991000569438023,58,251,141,62,124,130,126,135,109,131,109,186,122,114,89,134,118,196,130,146,121,84,132,91,111,96,67,140,111,84,0.2302372540262643,0.2349116354773343,0.21925287941557403,0.21862407424691893,0.23194281825277596,0.22065446987955256,0.2206076653250284,0.21410492462044411,0.22834790824354273,0.2268143284384641,41,135,113,93,27,70,142,94,54,141,0.2315830497635377,0.23033288237381602,0.9990436085517419,0.21365228865226554,0.9990665798074932,0.22062987827630026,0.21905093966720146,0.22177442312261786,0.9991250791941998,0.21306750394152385,0.9991594312975292,0.21127653178160433,0.9990747134918042,0.2142457228542352,0.9991812012202133,127,0.2337073467112536,0.999210030212051,0.22580209755711722,0.9990988502427588,53,0.9991085204859514,72,0.9991010308390846,0.9992640382808486,111,174,133,58,119,88,120,0.21472641099746842,0.2244209939778512,0.21470601479377838,0.9990898023262434,0.2338143989334467,0.9992113645736697,0.21633385617264161,0.9991987268305322,0.2228297377940459,0.22151599455609167,0.9991391846818449,0.21098304942712148,0.9990870077436266,0.21825924515433798,0.9992004983638765,0.21114174895529947,0.9990503188339493,92,0.21544919274000526,0.9992447845169439,124,0.9991046283734809,84,0.9991071968722383,152,0.999124115467933,119,112,98,47,89,117,0.22386171513357853,0.2156407065876199,0.2278885631078013,0.22092178322951345,0.9991264126357741,0.22162125511077968,0.9991972689100924,0.23058642314147432,0.9990827041147147,0.21771098663978622,0.9991079074013239,0.20613210289941158,0.9991961657578063,0.21205214391675486,0.9992107025786189,0.2261038187211331,0.9990304476462304,0.9991096037390297,160,115,0.999133258057104,92,0.9992666679227155,80,0.9990795042951651,86,80,121,54,127,64,0.2204565979240945,0.21962759989998615,0.2123908000877079,0.21765816443791353,0.22693463523839547,0.2221238401877266,0.22883579246588848,0.21395099012154262,0.21996553130876811,0.21308592504742394,138,136,72,0.9992419172959939,129,0.9992224439557555,161,131,75,128,100,166,0.2154980831597978,0.21229564556599173,0.22016716894223054,0.21547634430749799,0.23900212787109665,0.22333053209308776,0.21654476564352404,0.2233579241132267,0.21401336565640533,0.2162061267299763,0.9991788287627186,0.9991533387322697,0.9991185150058308,-19152.140987902185,0.9992169865740633,-19152.153914151357,0.999052670024265,-19150.661766837235,0.9990901192610141,-19152.513410475487,0.9990874568245998,-19149.604481316917,0.9991203729543903,-19149.70069368753,0.9992938706508584,0.9991347786566298,-19152.290309362594,0.9992127008284565,-19149.74164095532,-19150.74819696824,-19148.90846107733,0.21207186015612134,0.21204701209885157,0.2299930248453628,0.23312701105615385,0.21516963151423835,0.21458342532219785,0.21189468805548586,0.2181442686957651,0.22115790809762312,0.2193897924716791,0.9992246099963303,0.999256576272206,0.9992135573749065,0.9990829657286044,0.9991563038534196,0.9991714414128025,0.9990634880107401,0.9990697117249191,0.9991635416381801,0.9990483309163349,0.9990786560570081,0.22048467455306944,0.21550080425987128,0.22074012143962699,0.20947519179701157,0.2176671590736573,0.21539240645343172,0.22030297819342212,0.21160148470093287,0.2288566379813921,0.2274881781157055,0.9991379648671946,0.9991855147776391,0.999080104753263,0.9991621480948419,0.9990826051616294,0.9991521226094433,0.9990888611295031,0.9991135642704683,0.9990362377247308,0.9990450778488862,0.9990294815628022,0.21546801806716914,0.2368451689761194,0.2308104675048549,0.21224284617768047,0.23181307686903815,0.21358486713644703,0.21262009139005764,0.21877570486943354,0.2197025875947055,0.9991712109460091,0.2213559251327844,0.9990910567752099,0.9990748655459125,0.9990430227941648,0.9990426812144048,0.999065931191162,0.9992188538550001,0.9992681085619651,0.9993447309703294,0.9990611767090091,0.9991279334755638,108,0.21772254617180467,98,133,138,99,106,134,101,123,125,-19150.297504505368,-19152.438852914634,-19149.99521313534,-19150.324140936358,0.23291077143987757,0.21390558658383013,0.21425455293579054,0.21899933556868115,-19149.786377201024,0.23413339451690993,-19148.17948532756,0.22903647338490749,-19152.497174484262,0.21592533293159566,-19150.698494867793,0.2296979785345648,-19150.781976038357,0.22267837990320447,-19151.837598288694,92,128,57,50,129,111,74,111,89,108,-19151.508188205295,-19151.02381078592,-19149.455250968727,-19150.557104488515,-19150.924270683863,-19151.441381499655,-19152.991716748216,-19149.383214829046,-19151.08193442905,-19151.63533515289,-19134.41298479427,-19151.975344752875,-19150.223703401294,-19153.122285700614,-19150.366879925525,-19149.63048529446,-19152.129004976487,-19149.527087987928,-19150.828684059034,-19151.715278580068,-19152.00486361786,-19151.083985874986,-19152.988883933034,59,0.9990595825327606,137,0.9991223219265045,117,0.9990274697531122,115,0.9991403700274475,102,0.9991645488019574,0.9990813813498104,93,0.999068401800315,168,0.9991709004392583,0.9991692547362286,0.9991723037902905,0.9991993078584231,126,135,92,-19149.361517015932,-19151.13772880934,-19152.00477858912,-19149.70209919138,-19149.74603595845,-19149.128960443035,-19150.3220241155,-19150.263585378827,0.9990661320714315,-19148.84120418387,122,0.9990750313323885,125,0.9991988173478402,90,0.9990889202488623,118,0.9990649231182992,124,0.9991109798884815,177,0.9991928245802323,108,0.9992386344042377,150,0.9992683760803478,-19152.468423858856,0.9990097997802484,0.9991301160030005,120,129,-19150.364693139614,-19149.663028468458,-19151.867333345625,-19151.5111961187,-19150.777259848608,-19152.3461264247,-19152.089565462127,-19151.09733928826,114,0.9991656801619521,0.9991567661721743,97,0.9990645276134332,87,0.9990742945858397,109,0.9991298022406632,128,0.9991101496205135,125,0.9991366765106015,190,0.9990913670559384,120,0.9991081891412018,114,0.9991085845552211,-19152.05509681612,-19150.74965955467,0.9992028910758867,120,-19152.652111568095,-19149.612370134895,-19152.647228462873,-19152.52814629915,-19148.597390253693,-19151.39171395334,-19149.930164152087,-19150.22916486013,75,66,85,103,109,112,83,123,147,133,-19152.206819077015,-19149.460194892665,-19152.628476638733,-19149.130795243927,-19152.513885472043,-19149.703514324887,-19149.87920968578,-19151.50107427979,-19151.091581665336,-19149.0453133446,0.22789092954613277,0.23069112604798575,0.2284573006599706,0.22247218717637024,0.21078122757482717,0.22704075583521727,0.20713865684252913,0.22792694749627856,56,0.21165341478586056,107,30,117,112,128,133,98,40,116,0.22282320081398455,0.2146435761692892,0.21944125855613011,0.22183241362604914,-19150.561385976776,0.2355917929556423,0.21228269090570362,-19151.454914217407,0.21401309278622915,-19150.39053552442,0.21280815679942494,-19152.142226546148,0.2196515319157406,-19151.07821014162,112,61,103,172,101,106,117,143,146,164,-19151.48491423727,-19152.32946014266,-19151.814954800775,-19151.492493762395,-19150.946446705926,0.22276039157040112,0.21499840472573653,0.2145656209735218,0.21488051796475693,0.229627428430743,0.21401823173063014,0.21996847714372486,-19152.32187821348,0.229668726201172,-19152.29870231072,0.2140987283814088,-19149.75543664321,-19151.86185832998,104,130,172,113,110,131,100,116,131,135,-19148.422428666687,-19152.128103207815,-19149.870289383598,-19148.992368777373,-19149.677363514616,0.22194448346100176,-19151.438999229104,0.22764979285305947,0.2197053977985099,0.21589386429164975,0.2283673863678508,0.22459423343878637,0.22768171678318166,0.2335804493490224,-19150.875651504928,0.21826919930517175,-19151.22159206628,-19153.03989541241,135,108,106,121,68,143,121,122,98,160,-19150.290482221157,-19152.424259107513,-19152.006375038934,-19152.255191250348,0.23752003119417353,-19151.072196022975,0.21906932908231333,-19150.412219626163,0.23224729482449039,0.21823329886267034,-19153.3786645569,0.21985091647291416,0.23055368717799338,0.23421428930452232,0.2197788375675273,0.21287990862305262,0.22976008194499703,0.23029247039074321,0.22333030770751672,0.2291210368994892,0.2127536460485562,0.2166946957256717,0.21660376916792773,0.22482707441463523,0.23019637546570565,0.21885561624410663,0.2120842729163237,0.21240758932477669,0.23016034556372322,0.23274119426800738,0.22730779792256842,0.22828605515789677,0.21797202451961356,0.2112351051884886,0.21846263752256806,0.2371887874706718,0.2185414795341274,0.2215962876103325,0.23098092956742783,0.22610802452111523,0.21747998515992667,0.2302645786465004,0.2299978815130378,0.21433227964006635,0.21260303283633233,0.2152570890620239,0.23125869062592883,0.21727233810664287,0.21889421206651025,0.2187107610314797,0.22827193464311804,0.9990620871054356,0.9992892273433687,0.9991081796232201,0.9991138176651511,0.2145557441736436,0.22019661970125287,0.22754659527283852,0.22298840638593936,0.225353884062955,0.2144137900721389,0.2250467226066344,0.2151964702525212,0.21115354577362164,0.22981092739450915,0.21316672982415694,0.2275474830419154,0.2179168181467453,0.22348259588809496,0.22607900461753755,0.23348501836595548,0.22710875160023875,0.21543599558822663,/mnt/beegfs/rcabanas/dev/credici/papers/journalEM/models/synthetic/s12/random_mc2_n7_mid3_d1000_05_mr098_r10_20.uai,0.214265872149885,0.21343463594803108,0.2121024068702137,0.21783632892280003,0.2184204180030785,0.2241607674366259,0.2174454908768758,0.2147143877402617,0.21522219797542075,0.22173476259146088,0.22533011956669277,0.2184713592904526,0.9991079138518084,0.9991671365222429,0.9991323688635348,0.9990835109330487,0.9990460573453545,0.9991452985551095,0.9991373162176082,0.9992094411074123,0.9991677077566024,0.9992122903648929,0.9992169086962073,0.9990841006405522,0.9992100000727936,0.9990571742938029,0.9991195683685525,0.9992217069610593,0.9992059618910927,0.9992020577184108,0.9991681901541533,0.9992498696442046,0.9990698304656803,0.9990993797667824,0.9991413105961411,0.9991173086316698,0.9990704821777782,0.9990526828709506,0.9993933264055292,0.9992208472925965,0.9991298052365261,0.9991363859551383,0.999121507189665,0.9990558724572555,0.9992086551294197,0.9993494645656881,0.9991532779057809,/mnt/beegfs/rcabanas/dev/credici/papers/journalEM/models/synthetic/s12/random_mc2_n7_mid3_d1000_05_mr098_r10_20_info.csv,0.9990875410222035,0.9991314913587516,0.9991987503239055,0.99912033323499,0.9993097129266603,0.9990910589306052,0.999092789363513,0.9991931722106534,0.999148833416229,0.9991429714231944,0.9990736849005803,0.9991470196356842,0.9992430129209441,0.9991995371818351,0.9992016737421751,0.999151528952848,0.9990549320972507,0.999074359199887,0.9990665698838334,0.9992066939796346,0.9990821655117295,0.9990638517891792,0.999099124852334,0.9992039092341758,0.9991276969372205,0.9991390523512034,0.9991108587168707,0.999134381334017,0.9990521887784563,0.9990826557367395,0.9991033242106179,0.9990926214911664,0.9991748959078038,0.9991756134213071,0.9991692061460797,0.9990986539061543,0.9992023226300228,0.9993731779339514,0.9991318526703995,0.9990507935214895,0.9990592961733838,0.9990438848965854,0.9992946201569336,0.9991657230327678,0.999063360476689,0.9991783129402396,0.9992056457717341,0.9991037047881003,0.9990566075668802,0.9990604557731072,0.9991350969132642,0.9991483290147422,0.9990800532576868,0.9991521903867234,0.9991648174845639,0.9990787401286593,0.9990422807603709,0.9992052100439328,0.9991454824513716
