ll_206,ll_205,ll_208,ll_207,ll_209,ll_200,datasize,ll_202,ll_201,ll_204,ll_203,exactPath,ll_240,ll_249,ll_242,stop_criteria,ll_241,ll_244,ll_243,ll_246,ll_245,ll_248,ll_247,ll_239,ll_238,ll_231,ll_230,ll_233,ll_232,ll_235,ll_234,ll_237,ll_236,ll_228,ll_227,ll_229,ll_220,ll_222,ll_221,ll_224,ll_223,ll_226,ll_225,ll_217,ll_216,ll_219,ll_218,ll_211,ll_210,ll_213,ll_212,ll_215,ll_214,ll_280,ll_282,ll_281,ll_284,ll_283,ll_286,ll_285,ll_288,ll_287,ll_289,ll_271,ll_270,ll_273,ll_272,ll_275,ll_274,ll_277,ll_276,ll_279,ll_278,ll_260,ll_262,ll_261,ll_264,ll_263,ll_266,ll_265,ll_268,ll_267,ll_269,ll_251,ll_250,ll_253,ll_252,ll_255,ll_254,ll_257,ll_256,ll_259,ll_258,iter_438,iter_439,iter_436,iter_437,iter_430,iter_431,iter_434,iter_435,iter_432,iter_433,iter_427,iter_428,iter_425,iter_426,iter_429,iter_420,iter_423,iter_424,iter_421,iter_422,iter_416,iter_417,iter_414,iter_415,iter_418,iter_419,iter_412,iter_413,iter_410,iter_411,ll_291,ll_290,ll_293,ll_292,ll_295,ll_294,iter_405,iter_406,iter_403,iter_404,iter_409,iter_407,iter_408,time_pns,iter_401,iter_402,iter_400,ll_297,ll_296,ll_299,ll_298,ratio_62,pns_349,ratio_63,pns_348,ratio_64,pns_347,ratio_65,pns_346,ratio_66,pns_345,ratio_67,pns_344,ratio_68,pns_343,ratio_69,pns_342,pns_341,iter_359,pns_340,iter_353,ratio_722,iter_354,ratio_721,iter_351,ratio_720,iter_352,iter_357,ratio_726,iter_358,ratio_725,iter_355,ratio_724,iter_356,ratio_723,ratio_729,ratio_728,ratio_727,iter_350,ratio_60,ratio_61,pns_339,ratio_51,pns_338,ratio_52,pns_337,ratio_53,pns_336,ratio_54,pns_335,ratio_55,pns_334,ratio_56,pns_333,ratio_57,pns_332,ratio_58,pns_331,ratio_59,pns_330,iter_348,iter_349,ratio_740,iter_342,ratio_733,iter_343,ratio_732,iter_340,ratio_731,iter_341,ratio_730,iter_346,ratio_737,iter_347,ratio_736,iter_344,ratio_735,iter_345,ratio_734,ratio_739,ratio_738,ratio_50,pns_328,ratio_40,pns_327,ratio_41,pns_326,ratio_42,pns_325,ratio_43,pns_324,ratio_44,pns_323,ratio_45,pns_322,ratio_46,pns_321,ratio_47,iter_339,pns_320,ratio_48,ratio_49,iter_337,iter_338,ratio_751,ratio_750,iter_331,ratio_744,iter_332,ratio_743,ratio_742,iter_330,ratio_741,iter_335,ratio_748,iter_336,ratio_747,iter_333,ratio_746,iter_334,ratio_745,ratio_749,pns_329,pns_317,pns_316,ratio_30,pns_315,ratio_31,pns_314,ratio_32,pns_313,ratio_33,pns_312,ratio_34,pns_311,ratio_35,pns_310,ratio_36,iter_328,ratio_37,iter_329,ratio_38,iter_326,ratio_39,iter_327,ratio_762,ratio_761,ratio_760,iter_320,ratio_755,iter_321,ratio_754,ratio_753,ratio_752,iter_324,ratio_759,iter_325,ratio_758,iter_322,ratio_757,iter_323,ratio_756,pns_319,pns_318,pns_306,pns_305,pns_304,pns_303,pns_302,pns_301,pns_300,iter_397,iter_398,iter_395,iter_396,iter_399,iter_390,iter_393,iter_394,pns_309,iter_391,pns_308,iter_392,pns_307,ratio_95,ratio_96,ratio_97,ratio_98,ratio_99,iter_386,iter_387,iter_384,iter_385,pns_u,iter_388,iter_389,ratio_90,iter_382,ratio_91,pns_l,iter_383,ratio_92,iter_380,ratio_93,iter_381,ratio_94,ratio_84,ratio_85,ratio_86,ratio_87,ratio_88,ratio_89,iter_375,ratio_700,iter_376,iter_373,iter_374,iter_379,ratio_704,ratio_703,iter_377,ratio_702,iter_378,ratio_701,ratio_708,ratio_707,ratio_706,ratio_705,iter_371,ratio_80,iter_372,ratio_81,ratio_82,iter_370,ratio_83,ratio_709,ratio_73,ratio_74,ratio_75,ratio_76,ratio_77,ratio_78,ratio_79,iter_364,pns_8,ratio_711,iter_365,pns_9,ratio_710,iter_362,pns_6,iter_363,pns_7,iter_368,pns_4,ratio_715,iter_369,pns_5,ratio_714,iter_366,pns_2,ratio_713,iter_367,pns_3,ratio_712,pns_0,ratio_719,pns_1,ratio_718,ratio_717,ratio_716,iter_360,iter_361,ratio_70,ratio_71,ratio_72,pns_399,pns_398,pns_397,pns_396,pns_395,pns_394,pns_393,pns_392,pns_391,pns_390,ratio_20,ratio_21,ratio_22,pns_389,ratio_23,pns_388,ratio_24,pns_387,ratio_25,pns_386,ratio_26,pns_385,ratio_27,pns_384,ratio_28,pns_383,ratio_29,pns_382,ratio_773,pns_381,ratio_772,pns_380,ratio_771,ratio_770,ratio_766,ratio_765,ratio_764,ratio_763,ratio_769,ratio_768,ratio_767,ratio_10,pns_379,ratio_11,pns_378,ratio_12,pns_377,ratio_13,pns_376,ratio_14,pns_375,ratio_15,ratio_780,pns_374,ratio_16,pns_373,ratio_17,pns_372,ratio_18,pns_371,ratio_19,ratio_784,pns_370,ratio_783,ratio_782,ratio_781,ratio_777,ratio_776,ratio_775,ratio_774,ratio_779,ratio_778,pns_369,pns_368,pns_367,pns_366,pns_365,pns_364,ratio_791,pns_363,ratio_790,pns_362,pns_361,pns_360,ratio_795,ratio_794,ratio_793,ratio_792,ratio_788,ratio_787,ratio_786,ratio_785,ratio_789,pns_359,pns_358,pns_357,pns_356,pns_355,pns_354,pns_353,pns_352,pns_351,pns_350,ratio_799,ratio_798,ratio_797,ratio_796,ll_129,ll_128,ll_121,ll_120,ll_123,ll_122,ll_125,ll_124,ll_127,ll_126,ll_118,ll_117,ll_119,ll_110,ll_112,ll_111,ll_114,ll_113,ll_116,ll_115,ll_107,ll_106,ll_109,ll_108,ll_101,ll_100,ll_103,ll_102,ll_105,ll_104,ll_161,ll_160,ll_163,ll_162,ll_165,ll_164,ll_167,ll_166,ll_169,ll_168,ll_150,ll_152,ll_151,ll_154,ll_153,ll_156,ll_155,ll_158,ll_157,ll_159,ll_141,ll_140,ll_143,ll_142,ll_145,ll_144,ll_147,ll_146,ll_149,ll_148,ll_130,ll_139,ll_132,ll_131,ll_134,ll_133,ll_136,ll_135,ll_138,ll_137,iter_317,iter_318,iter_315,iter_316,iter_319,iter_310,iter_313,iter_314,iter_311,iter_312,ll_190,ll_192,ll_191,ll_194,ll_193,ll_196,ll_195,iter_306,iter_307,iter_304,iter_305,iter_308,iter_309,iter_302,iter_303,iter_300,iter_301,ll_198,ll_197,ll_199,ll_181,ll_180,ll_183,ll_182,ll_185,iter_max,ll_184,ll_187,ll_186,ll_189,ll_188,ll_170,ll_172,ll_171,ll_174,ll_173,ll_176,ll_175,ll_178,ll_177,ll_179,pns_229,pns_228,pns_227,pns_226,pns_225,pns_224,pns_223,pns_222,pns_221,pns_220,iter_238,iter_239,iter_232,ratio_601,iter_233,ratio_600,iter_230,iter_231,iter_236,ratio_605,iter_237,ratio_604,iter_234,ratio_603,iter_235,ratio_602,ratio_609,ratio_608,ratio_607,ratio_606,pns_218,pns_217,pns_216,pns_215,pns_214,pns_213,pns_212,pns_211,iter_229,pns_210,iter_227,iter_228,iter_221,ratio_612,iter_222,ratio_611,ratio_610,iter_220,iter_225,ratio_616,iter_226,ratio_615,iter_223,ratio_614,iter_224,ratio_613,ratio_619,ratio_618,ratio_617,pns_219,pns_207,pns_206,pns_205,pns_204,pns_203,pns_202,pns_201,pns_200,iter_218,iter_219,iter_216,iter_217,ratio_630,iter_210,ratio_623,iter_211,ratio_622,ratio_621,ratio_620,iter_214,ratio_627,iter_215,ratio_626,iter_212,ratio_625,iter_213,ratio_624,ratio_629,ratio_628,pns_209,pns_208,iter_207,iter_208,iter_205,iter_206,ratio_641,ratio_640,iter_209,ratio_634,iter_200,ratio_633,ratio_632,ratio_631,iter_203,ratio_638,iter_204,ratio_637,iter_201,ratio_636,iter_202,ratio_635,ratio_639,iter_10,iter_11,iter_16,ll_918,iter_17,ll_917,iter_18,iter_19,ll_919,iter_12,iter_13,iter_14,iter_15,iter_276,ll_921,iter_277,ll_920,iter_274,ll_923,iter_275,ll_922,ll_925,ll_924,iter_278,ll_927,iter_279,ll_926,iter_272,iter_273,iter_270,iter_271,ll_907,ll_906,ll_909,ll_908,iter_265,ll_910,iter_266,iter_263,ll_912,iter_264,ll_911,iter_269,ll_914,ll_913,iter_267,ll_916,iter_268,ll_915,iter_261,iter_262,iter_260,iter_30,iter_31,iter_32,iter_33,iter_38,iter_39,iter_34,iter_35,iter_36,iter_37,iter_254,iter_255,iter_252,ll_901,iter_253,ll_900,iter_258,ll_903,iter_259,ll_902,iter_256,ll_905,iter_257,ll_904,iter_250,iter_251,iter_20,iter_21,iter_22,iter_27,iter_28,iter_29,iter_249,iter_23,iter_24,iter_25,iter_26,iter_243,iter_244,iter_241,iter_242,iter_247,iter_248,iter_245,iter_246,iter_240,iter_52,iter_53,iter_54,iter_55,iter_50,iter_51,ratio_692,ratio_691,ratio_690,iter_56,ratio_696,iter_57,ratio_695,iter_58,ratio_694,iter_59,ratio_693,ratio_689,ll_965,ratio_688,ll_964,ratio_687,ll_967,ratio_686,ll_966,ll_969,ll_968,ll_961,ll_960,ll_963,ll_962,iter_41,iter_42,iter_43,iter_44,iter_40,pns_299,iter_49,pns_298,pns_297,pns_296,pns_295,iter_45,pns_294,iter_46,pns_293,iter_47,pns_292,iter_48,pns_291,ll_954,ratio_699,ll_953,ratio_698,ll_956,ratio_697,ll_955,ll_958,ll_957,ll_959,ll_950,ll_952,ll_951,iter_74,iter_75,iter_76,iter_77,iter_70,iter_71,iter_72,pns_289,iter_73,pns_288,pns_287,pns_286,ll_939,pns_285,pns_284,iter_78,pns_283,iter_79,pns_282,pns_281,pns_280,iter_298,pns_290,ll_943,iter_299,ll_942,iter_296,ll_945,iter_297,ll_944,ll_947,ll_946,ll_949,ll_948,iter_290,iter_291,iter_80,iter_294,iter_295,iter_292,ll_941,iter_293,ll_940,iter_63,iter_64,iter_65,iter_66,iter_60,pns_279,iter_61,pns_278,iter_62,pns_277,pns_276,ll_929,pns_275,ll_928,pns_274,pns_273,iter_67,pns_272,iter_68,pns_271,iter_69,pns_270,iter_287,ll_932,iter_288,ll_931,iter_285,ll_934,iter_286,ll_933,ll_936,ll_935,iter_289,ll_938,ll_937,iter_280,iter_283,iter_284,iter_281,ll_930,iter_282,iter_96,iter_97,iter_98,iter_99,iter_92,pns_269,iter_93,pns_268,iter_94,pns_267,iter_95,pns_266,pns_265,pns_264,pns_263,threshold,pns_262,pns_261,ratio_652,pns_260,ratio_651,ratio_650,ratio_645,ratio_644,ratio_643,ratio_642,ratio_649,ratio_648,ratio_647,ratio_646,iter_85,iter_86,iter_87,iter_88,pns_259,iter_81,pns_258,iter_82,pns_257,iter_83,pns_256,iter_84,pns_255,pns_254,pns_253,pns_252,pns_251,iter_89,pns_250,ratio_663,ratio_662,ratio_661,ratio_660,ratio_656,ll_998,ratio_655,ll_997,ratio_654,ratio_653,ll_999,ratio_659,ratio_658,ratio_657,ll_990,iter_90,ll_992,iter_91,ll_991,ll_994,ll_993,ll_996,ll_995,pns_249,pns_248,pns_247,pns_246,pns_245,pns_244,pns_243,ratio_670,pns_242,pns_241,pns_240,ratio_674,ratio_673,ratio_672,ratio_671,ratio_667,ll_987,ratio_666,ll_986,ratio_665,ll_989,ratio_664,ll_988,ratio_669,ratio_668,ll_981,ll_980,ll_983,ll_982,ll_985,ll_984,pns_239,pns_238,pns_237,pns_236,pns_235,pns_234,pns_233,pns_232,ratio_681,pns_231,ratio_680,pns_230,ratio_685,ratio_684,ratio_683,ratio_682,ratio_678,ll_976,ratio_677,ll_975,ratio_676,ll_978,ratio_675,ll_977,ll_979,ratio_679,ll_970,ll_972,ll_971,ll_974,ll_973,trueState,ll_89,ll_90,ll_91,ll_96,ll_97,ll_98,ll_99,ll_92,ll_93,ll_94,ll_95,ll_78,ll_79,ll_80,ll_85,ll_86,ll_87,ll_88,ll_81,ll_82,ll_83,ll_84,ll_899,ll_898,ll_891,ll_890,ll_893,ll_892,ll_895,ll_894,ll_897,ll_896,pns_625,pns_624,pns_623,pns_622,pns_621,pns_620,iter_636,iter_637,iter_634,iter_635,iter_638,iter_639,iter_632,iter_633,iter_630,iter_631,pns_629,pns_628,pns_627,pns_626,pns_614,pns_613,pns_612,pns_611,pns_610,iter_625,iter_626,iter_623,iter_624,iter_629,iter_627,iter_628,iter_621,iter_622,iter_620,pns_619,pns_618,pns_617,pns_616,pns_615,pns_603,pns_602,pns_601,pns_600,iter_614,iter_615,iter_612,iter_613,iter_618,iter_619,iter_616,iter_617,iter_610,ratio_902,iter_611,ratio_901,ratio_900,ratio_906,ratio_905,pns_609,ratio_904,pns_608,ratio_903,pns_607,pns_606,ratio_909,pns_605,ratio_908,pns_604,ratio_907,iter_609,iter_603,iter_604,iter_601,iter_602,iter_607,iter_608,iter_605,iter_606,ratio_913,iter_600,ratio_912,ratio_911,ratio_910,ratio_917,ratio_916,ratio_915,ratio_914,ratio_919,ratio_918,iter_678,iter_679,iter_672,iter_673,iter_670,iter_671,iter_676,iter_677,iter_674,iter_675,iter_669,iter_667,iter_668,iter_661,iter_662,iter_660,iter_665,iter_666,iter_663,iter_664,iter_658,iter_659,iter_656,iter_657,iter_650,iter_651,iter_654,iter_655,iter_652,iter_653,iter_647,iter_648,iter_645,iter_646,iter_649,iter_640,iter_643,iter_644,iter_641,iter_642,pns_589,pns_588,pns_587,pns_586,pns_585,pns_584,pns_583,pns_582,pns_581,pns_580,ratio_971,ratio_970,iter_595,ratio_964,iter_596,ratio_963,iter_593,ratio_962,iter_594,ratio_961,iter_599,ratio_968,ratio_967,iter_597,ratio_966,iter_598,ratio_965,ratio_969,iter_591,iter_592,iter_590,pns_579,pns_578,pns_577,pns_576,pns_575,pns_574,pns_573,pns_572,pns_571,pns_570,ratio_982,ratio_981,ratio_980,iter_584,ratio_975,iter_585,ratio_974,iter_582,ratio_973,iter_583,ratio_972,iter_588,ratio_979,iter_589,ratio_978,iter_586,ratio_977,iter_587,ratio_976,iter_580,iter_581,pns_569,pns_568,pns_567,pns_566,pns_565,pns_564,pns_563,pns_562,pns_561,iter_579,pns_560,ratio_993,ratio_992,ratio_991,ratio_990,iter_573,ratio_986,iter_574,ratio_985,iter_571,ratio_984,iter_572,ratio_983,iter_577,iter_578,ratio_989,iter_575,ratio_988,iter_576,ratio_987,iter_570,pns_559,pns_558,pns_557,pns_556,pns_555,pns_554,pns_553,pns_552,pns_551,pns_550,iter_568,iter_569,iter_562,ratio_997,iter_563,ratio_996,iter_560,ratio_995,iter_561,ratio_994,iter_566,iter_567,iter_564,ratio_999,iter_565,ratio_998,pns_548,pns_547,pns_546,pns_545,pns_544,pns_543,pns_542,pns_541,pns_540,ratio_920,ll_800,ll_802,ll_801,ratio_924,ll_804,ratio_923,ll_803,ratio_922,ll_806,ratio_921,ll_805,ratio_928,ratio_927,ratio_926,ratio_925,pns_549,ratio_929,pns_537,pns_536,pns_535,pns_534,pns_533,pns_532,pns_531,pns_530,ratio_931,ratio_930,ratio_935,ratio_934,ratio_933,ratio_932,ratio_939,ratio_938,ratio_937,ratio_936,pns_539,pns_538,pns_526,pns_525,pns_524,pns_523,pns_522,pns_521,pns_520,ratio_942,ratio_941,ratio_940,ratio_946,ratio_945,ratio_944,ratio_943,ratio_949,ratio_948,ratio_947,pns_529,pns_528,pns_527,pns_515,pns_514,pns_513,pns_512,pns_511,pns_510,ratio_960,ratio_953,ratio_952,ratio_951,ratio_950,ratio_957,ratio_956,ratio_955,ratio_954,ratio_959,ratio_958,pns_519,pns_518,pns_517,pns_516,ll_844,ll_843,ll_846,ll_845,ll_848,ll_847,ll_849,ll_10,ll_11,ll_840,ll_842,ll_841,ll_829,ratio_102,ratio_101,ratio_100,ll_833,ll_832,ll_835,ll_834,ll_837,ll_836,ll_839,ll_838,ll_831,ll_830,ll_27,ll_28,ll_29,ll_23,ll_24,ll_25,ll_26,ll_819,ll_818,ratio_113,ratio_112,ratio_111,ratio_110,ratio_106,ll_822,ratio_105,ll_821,ratio_104,ll_824,ratio_103,ll_823,ll_826,ratio_109,ll_825,ratio_108,ll_828,ratio_107,ll_827,ll_30,ll_31,ll_32,ll_33,ll_820,ll_16,ll_17,ll_18,ll_19,ll_12,ll_13,ll_14,ll_15,ratio_120,ll_808,ll_807,ll_809,ratio_124,ratio_123,ratio_122,ratio_121,ratio_117,ll_811,ratio_116,ll_810,ratio_115,ll_813,ratio_114,ll_812,ll_815,ll_814,ratio_119,ll_817,ratio_118,ll_816,ll_20,ll_21,ll_22,ll_49,ll_45,ll_46,ll_47,ll_48,ll_888,ll_887,ll_889,ll_52,ll_880,ll_53,ll_54,ll_882,ll_55,ll_881,ll_884,ll_883,ll_50,ll_886,ll_51,ll_885,ll_38,ll_39,ll_34,ll_35,ll_36,ll_37,ll_877,ll_876,ll_879,ll_878,effect,ll_41,ll_42,ll_43,ll_871,ll_44,ll_870,ll_873,ll_872,ll_875,ll_40,ll_874,ll_67,ll_68,ll_69,ll_866,ll_865,ll_868,ll_867,ll_869,ll_74,ll_75,ll_76,ll_860,ll_77,ll_70,ll_862,ll_71,ll_861,ll_72,ll_864,ll_73,ll_863,pns_599,ll_56,pns_598,ll_57,pns_597,ll_58,pns_596,ll_59,pns_595,pns_594,pns_593,pns_592,pns_591,pns_590,ll_855,ll_854,ll_857,ll_856,ll_859,ll_858,ll_63,ll_64,ll_65,ll_66,ll_851,ll_60,ll_850,ll_61,ll_853,ll_62,ll_852,ll_790,ll_799,ll_792,ll_791,ll_794,ll_793,ll_796,ll_795,ll_798,ll_797,ll_789,ll_788,ll_781,ll_780,ll_783,ll_782,ll_785,ll_784,ll_787,ll_786,ll_778,ll_777,ll_779,ll_770,ll_772,ll_771,ll_774,ll_773,ll_776,ll_775,pns_504,pns_503,pns_502,pns_501,pns_500,iter_515,iter_516,iter_513,iter_514,iter_519,iter_517,iter_518,iter_511,iter_512,iter_510,pns_509,pns_508,pns_507,pns_506,pns_505,iter_504,iter_505,iter_502,iter_503,iter_508,iter_509,iter_506,iter_507,iter_500,iter_501,iter_559,iter_557,iter_558,iter_551,iter_552,iter_550,iter_555,iter_556,iter_553,iter_554,iter_548,iter_549,iter_546,iter_547,iter_540,iter_541,iter_544,iter_545,iter_542,iter_543,iter_537,iter_538,iter_535,iter_536,iter_539,iter_530,iter_533,iter_534,iter_531,iter_532,iter_526,iter_527,iter_524,iter_525,iter_528,iter_529,iter_522,iter_523,iter_520,iter_521,pns_469,pns_468,pns_467,pns_466,pns_465,pns_464,pns_463,pns_462,pns_461,pns_460,ratio_850,iter_474,ratio_843,iter_475,ratio_842,iter_472,ratio_841,iter_473,ratio_840,iter_478,ratio_847,iter_479,ratio_846,iter_476,ratio_845,iter_477,ratio_844,ratio_849,ratio_848,iter_470,iter_471,pns_459,pns_458,pns_457,pns_456,pns_455,pns_454,pns_453,pns_452,pns_451,iter_469,pns_450,ratio_861,ratio_860,iter_463,ratio_854,iter_464,ratio_853,iter_461,ratio_852,iter_462,ratio_851,iter_467,ratio_858,iter_468,ratio_857,iter_465,ratio_856,iter_466,ratio_855,ratio_859,iter_460,pns_449,pns_448,pns_447,pns_446,pns_445,pns_444,pns_443,pns_442,pns_441,pns_440,iter_458,iter_459,ratio_872,ratio_871,ratio_870,iter_452,ratio_865,iter_453,ratio_864,iter_450,ratio_863,iter_451,ratio_862,iter_456,ratio_869,iter_457,ratio_868,iter_454,ratio_867,iter_455,ratio_866,pns_438,pns_437,pns_436,pns_435,pns_434,pns_433,pns_432,pns_431,iter_449,pns_430,iter_447,iter_448,ratio_883,ratio_882,ratio_881,ratio_880,iter_441,ratio_876,iter_442,ratio_875,ratio_874,iter_440,ratio_873,iter_445,iter_446,ratio_879,iter_443,ratio_878,iter_444,ratio_877,pns_439,pns_427,pns_426,pns_425,pns_424,pns_423,pns_422,pns_421,pns_420,ratio_803,ratio_802,ratio_801,ratio_800,ratio_807,ratio_806,ratio_805,ratio_804,pns_429,ratio_809,pns_428,ratio_808,pns_416,pns_415,pns_414,pns_413,pns_412,pns_411,pns_410,ratio_810,ratio_814,ratio_813,ratio_812,ratio_811,ratio_818,ratio_817,ratio_816,ratio_815,pns_419,pns_418,pns_417,ratio_819,pns_405,pns_404,pns_403,pns_402,pns_401,pns_400,iter_496,ratio_821,iter_497,ratio_820,iter_494,iter_495,ratio_825,ratio_824,iter_498,ratio_823,iter_499,ratio_822,ratio_829,ratio_828,ratio_827,ratio_826,iter_492,pns_409,iter_493,pns_408,iter_490,pns_407,iter_491,pns_406,iter_485,ratio_832,iter_486,ratio_831,iter_483,ratio_830,iter_484,iter_489,ratio_836,ratio_835,iter_487,ratio_834,iter_488,ratio_833,ratio_839,ratio_838,ratio_837,iter_481,iter_482,iter_480,ll_719,ll_723,ll_722,ll_725,ll_724,ll_727,ll_726,ll_729,ll_728,ll_721,ll_720,method,ll_709,ll_708,ll_712,ll_711,ll_714,ll_713,ll_716,ll_715,ll_718,ll_717,exact,ll_710,ll_701,ll_700,ll_703,ll_702,ll_705,ll_704,ll_707,ll_706,ratio_890,ratio_894,ratio_893,ratio_892,ratio_891,ratio_887,ll_767,ratio_886,ll_766,ratio_885,ll_769,ratio_884,ll_768,ratio_889,ratio_888,ll_761,ll_760,ll_763,ll_762,ll_765,ll_764,pns_499,pns_498,pns_497,pns_496,pns_495,pns_494,pns_493,pns_492,pns_491,pns_490,ratio_898,ll_756,ratio_897,ll_755,ratio_896,ll_758,ratio_895,ll_757,ll_759,ratio_899,ll_750,ll_752,ll_751,ll_754,ll_753,pns_489,pns_488,pns_487,pns_486,pns_485,pns_484,pns_483,pns_482,pns_481,pns_480,ll_745,ll_744,ll_747,ll_746,ll_749,ll_748,ll_741,ll_740,ll_743,ll_742,pns_479,pns_478,pns_477,pns_476,pns_475,pns_474,pns_473,pns_472,pns_471,pns_470,ll_734,ll_733,ll_736,ll_735,ll_738,ll_737,ll_739,ll_730,ll_732,ll_731,ratio_292,ratio_291,ratio_290,ll_680,ratio_296,ratio_295,ratio_294,ratio_293,ratio_299,ratio_298,ratio_297,ll_689,ll_682,ll_681,ll_684,ll_683,ll_686,ll_685,ll_688,ll_687,ll_679,ll_678,ll_671,ll_670,ll_673,ll_672,ll_675,ll_674,ll_677,ll_676,ll_668,ll_667,ll_669,ll_660,ll_662,ll_661,ll_664,ll_663,ll_666,ll_665,ll_657,ll_656,ll_659,ll_658,ll_651,ll_650,ll_653,ll_652,ll_655,ll_654,iter_834,ratio_252,iter_835,ratio_251,iter_832,ratio_250,iter_833,iter_838,ratio_256,iter_839,ratio_255,iter_836,ratio_254,iter_837,ratio_253,ratio_249,ratio_248,ratio_247,ratio_246,iter_830,iter_831,iter_829,iter_823,ratio_263,iter_824,ratio_262,iter_821,ratio_261,iter_822,ratio_260,iter_827,ratio_267,iter_828,ratio_266,iter_825,ratio_265,iter_826,ratio_264,ratio_259,ratio_258,ratio_257,iter_820,iter_818,iter_819,ratio_270,iter_812,ratio_274,iter_813,ratio_273,iter_810,ratio_272,iter_811,ratio_271,iter_816,ratio_278,iter_817,ratio_277,iter_814,ratio_276,iter_815,ratio_275,ratio_269,ratio_268,iter_809,iter_807,iter_808,ratio_281,ratio_280,ll_691,ll_690,iter_801,ratio_285,iter_802,ratio_284,ratio_283,iter_800,ratio_282,iter_805,ratio_289,iter_806,ratio_288,iter_803,ratio_287,iter_804,ratio_286,ratio_279,ll_693,ll_692,ll_695,ll_694,ll_697,ll_696,ll_699,ll_698,pns_867,pns_866,pns_865,pns_864,pns_863,pns_862,pns_861,pns_860,iter_878,iter_879,iter_876,iter_877,iter_870,iter_871,iter_874,iter_875,iter_872,iter_873,pns_869,pns_868,pns_856,pns_855,pns_854,pns_853,pns_852,pns_851,pns_850,iter_867,iter_868,iter_865,iter_866,iter_869,iter_860,iter_863,iter_864,iter_861,iter_862,pns_859,pns_858,pns_857,pns_845,pns_844,pns_843,pns_842,pns_841,pns_840,iter_856,iter_857,iter_854,iter_855,iter_858,iter_859,iter_852,iter_853,iter_850,iter_851,pns_849,pns_848,pns_847,pns_846,pns_834,pns_833,pns_832,pns_831,pns_830,iter_845,iter_846,iter_843,iter_844,iter_849,iter_847,iter_848,iter_841,iter_842,iter_840,pns_839,pns_838,pns_837,pns_836,pns_835,pns_823,pns_822,pns_821,pns_820,pns_829,pns_828,pns_827,pns_826,pns_825,pns_824,pns_812,pns_811,pns_810,pns_819,pns_818,pns_817,pns_816,pns_815,pns_814,pns_813,pns_801,pns_800,cause,iter_898,iter_899,iter_892,iter_893,iter_890,iter_891,iter_896,iter_897,iter_894,iter_895,pns_809,pns_808,pns_807,pns_806,pns_805,pns_804,pns_803,pns_802,iter_889,iter_887,iter_888,iter_881,iter_882,iter_880,iter_885,iter_886,iter_883,iter_884,pns_799,pns_798,pns_797,pns_796,pns_795,pns_794,pns_793,pns_792,pns_791,pns_790,pns_789,pns_788,pns_787,pns_786,pns_785,pns_784,pns_783,pns_782,pns_781,pns_780,pns_779,pns_778,pns_777,pns_776,pns_775,pns_774,pns_773,pns_772,pns_771,pns_770,pns_768,pns_767,pns_766,pns_765,pns_764,pns_763,pns_762,pns_761,pns_760,pns_769,pns_757,pns_756,pns_755,pns_754,pns_753,pns_752,pns_751,pns_750,pns_759,pns_758,ratio_333,ratio_332,ratio_331,ratio_330,ratio_326,ll_602,ratio_325,ll_601,ratio_324,ll_604,ratio_323,ll_603,ll_606,ratio_329,ll_605,ratio_328,ll_608,ratio_327,ll_607,ll_600,ratio_340,ratio_344,ratio_343,ratio_342,ratio_341,ratio_337,ratio_336,ratio_335,ratio_334,ratio_339,ratio_338,ratio_351,ratio_350,ratio_355,ratio_354,ratio_353,ratio_352,ratio_348,ratio_347,ratio_346,ratio_345,ratio_349,ratio_362,ratio_361,ratio_360,ratio_366,ratio_365,ratio_364,ratio_363,ratio_359,ratio_358,ratio_357,ratio_356,ll_646,ll_645,ll_648,ll_647,falseState,ll_649,ll_640,ll_642,ll_641,ll_644,ll_643,ratio_300,ll_635,ll_634,ll_637,ll_636,ll_639,ll_638,ll_631,ll_630,ll_633,ll_632,ratio_311,ratio_310,ratio_304,ll_624,ratio_303,ll_623,ratio_302,ll_626,ratio_301,ll_625,ratio_308,ll_628,ratio_307,ll_627,ratio_306,ratio_305,ll_629,ratio_309,ll_620,ll_622,ll_621,ll_609,ratio_322,ratio_321,ratio_320,ratio_315,ll_613,ratio_314,ll_612,ratio_313,ll_615,ratio_312,ll_614,ratio_319,ll_617,ratio_318,ll_616,ratio_317,ll_619,ratio_316,ll_618,ll_611,ll_610,pns_91,pns_92,pns_90,pns_95,ratio_171,pns_96,ratio_170,pns_93,pns_94,pns_99,ratio_175,ratio_174,pns_97,ratio_173,pns_98,ratio_172,ratio_179,ratio_178,ratio_177,ratio_176,ll_569,ll_568,ratio_169,ll_561,ll_560,ll_563,ll_562,ll_565,ll_564,ll_567,ll_566,pns_80,pns_81,pns_84,ratio_182,pns_85,ratio_181,pns_82,ratio_180,pns_83,pns_88,ratio_186,pns_89,ratio_185,pns_86,ratio_184,pns_87,ratio_183,ratio_189,ratio_188,ratio_187,ll_558,ll_557,ll_559,ll_550,ll_552,ll_551,ll_554,ll_553,ll_556,ll_555,pns_70,pns_73,ratio_193,pns_74,ratio_192,pns_71,ratio_191,pns_72,ratio_190,pns_77,ratio_197,pns_78,ratio_196,pns_75,ratio_195,pns_76,ratio_194,pns_79,ratio_199,ratio_198,ll_547,ll_546,ll_549,ll_548,ll_541,ll_540,ll_543,ll_542,ll_545,ll_544,pns_62,pns_63,pns_60,pns_61,pns_66,pns_67,pns_64,pns_65,pns_68,pns_69,ll_536,ll_535,ll_538,ll_537,ll_539,ll_530,ll_532,ll_531,ll_534,ll_533,iter_719,iter_713,ratio_131,iter_714,ratio_130,iter_711,iter_712,iter_717,ratio_135,iter_718,ratio_134,iter_715,ratio_133,iter_716,ratio_132,ratio_128,ratio_127,ratio_126,ratio_125,iter_710,ratio_129,iter_708,iter_709,ll_590,ll_592,ll_591,iter_702,ratio_142,iter_703,ratio_141,iter_700,ratio_140,iter_701,iter_706,ratio_146,iter_707,ratio_145,iter_704,ratio_144,iter_705,ratio_143,ratio_139,ratio_138,ratio_137,ratio_136,ll_594,ll_593,ll_596,ll_595,ll_598,ll_597,ll_599,ll_581,ll_580,ratio_153,ratio_152,ratio_151,ratio_150,ratio_157,ratio_156,ratio_155,ratio_154,ratio_149,ratio_148,ratio_147,ll_583,ll_582,ll_585,ll_584,ll_587,ll_586,ll_589,ll_588,ratio_160,ll_570,ratio_164,ratio_163,ratio_162,ratio_161,ratio_168,ratio_167,ratio_166,ratio_165,ll_579,ratio_159,ratio_158,ll_572,ll_571,ll_574,ll_573,ll_576,ll_575,ll_578,ll_577,pns_746,pns_745,pns_744,pns_743,pns_742,pns_741,pns_740,iter_757,pns_11,iter_758,pns_12,iter_755,iter_756,pns_10,pns_15,pns_16,iter_759,pns_13,pns_14,pns_19,iter_750,pns_17,pns_18,iter_753,iter_754,iter_751,iter_752,time_learn,pns_749,pns_748,pns_747,pns_735,pns_734,pns_733,pns_732,pns_731,pns_730,iter_746,iter_747,iter_744,iter_745,iter_748,iter_749,iter_742,iter_743,iter_740,iter_741,pns_739,pns_738,pns_737,pns_736,pns_724,pns_723,pns_722,pns_721,pns_720,iter_735,iter_736,iter_733,iter_734,iter_739,iter_737,iter_738,iter_731,iter_732,iter_730,pns_729,pns_728,pns_727,pns_726,pns_725,pns_713,pns_712,pns_711,pns_710,iter_724,iter_725,iter_722,iter_723,iter_728,iter_729,iter_726,iter_727,iter_720,iter_721,pns_719,pns_718,pns_717,pns_716,pns_715,pns_714,pns_702,pns_701,pns_700,pns_51,pns_52,pns_50,pns_55,pns_56,iter_799,pns_53,pns_54,pns_59,pns_57,pns_58,iter_793,iter_794,iter_791,iter_792,iter_797,iter_798,iter_795,iter_796,pns_709,pns_708,pns_707,pns_706,iter_790,pns_705,pns_704,pns_703,pns_40,pns_41,pns_44,pns_45,iter_788,pns_42,iter_789,pns_43,pns_48,pns_49,pns_46,pns_47,iter_782,iter_783,iter_780,iter_781,iter_786,iter_787,iter_784,iter_785,pns_30,iter_779,pns_33,pns_34,iter_777,pns_31,iter_778,pns_32,pns_37,pns_38,pns_35,pns_36,iter_771,iter_772,pns_39,iter_770,iter_775,iter_776,iter_773,iter_774,iter_768,pns_22,iter_769,pns_23,iter_766,pns_20,iter_767,pns_21,pns_26,pns_27,pns_24,pns_25,iter_760,iter_761,pns_28,pns_29,iter_764,iter_765,iter_762,iter_763,pns_699,pns_698,pns_697,pns_696,pns_695,pns_694,pns_693,pns_692,pns_691,pns_690,pns_689,pns_688,pns_687,pns_686,pns_685,pns_684,pns_683,pns_682,pns_681,pns_680,iter_694,iter_695,iter_692,iter_693,iter_698,iter_699,iter_696,iter_697,iter_690,iter_691,pns_679,pns_678,pns_677,pns_676,pns_675,pns_674,pns_673,pns_672,pns_671,iter_689,pns_670,iter_683,iter_684,iter_681,iter_682,iter_687,iter_688,iter_685,iter_686,iter_680,pns_669,pns_668,pns_667,pns_666,pns_665,pns_664,pns_663,pns_662,pns_661,pns_660,pns_658,pns_657,pns_656,pns_655,pns_654,pns_653,pns_652,pns_651,pns_650,pns_659,pns_647,pns_646,pns_645,pns_644,pns_643,pns_642,pns_641,pns_640,pns_649,pns_648,pns_636,pns_635,pns_634,pns_633,pns_632,pns_631,pns_630,pns_639,pns_638,pns_637,ratio_212,ratio_211,ratio_210,ratio_205,ratio_204,ratio_203,ratio_202,ratio_209,ratio_208,ratio_207,ratio_206,modelID,ratio_223,ratio_222,ratio_221,ratio_220,ratio_216,ratio_215,ratio_214,ratio_213,ratio_219,ratio_218,ratio_217,ratio_230,ratio_234,ratio_233,ratio_232,ratio_231,ratio_227,ratio_226,ratio_225,ratio_224,ratio_229,ratio_228,ratio_241,ratio_240,ratio_245,ratio_244,ratio_243,ratio_242,ratio_238,ratio_237,ratio_236,ratio_235,ratio_239,ll_525,ll_524,ll_527,ll_526,ll_529,ll_528,ll_521,ll_520,ll_523,ll_522,ll_514,ll_513,ll_516,ll_515,ll_518,ll_517,ll_519,ll_510,ll_512,ll_511,ll_503,ll_502,ll_505,ll_504,ll_507,ll_506,ll_509,ll_508,ll_501,ll_500,ratio_201,ratio_200,ll_448,ll_447,ll_449,ll_440,ll_442,ll_441,ll_444,ll_443,ll_446,ll_445,ll_437,ll_436,ll_439,ll_438,ll_431,ll_430,ll_433,ll_432,ll_435,ll_434,ll_426,ll_425,ll_428,ll_427,ll_429,ll_420,ll_422,ll_421,ll_424,ll_423,ll_415,ll_414,ll_417,ll_416,ll_419,ll_418,ll_411,ll_410,ll_413,ll_412,ratio_490,ll_480,ll_482,ll_481,ratio_494,ratio_493,ratio_492,ratio_491,ratio_498,ratio_497,ratio_496,ratio_495,ratio_489,ratio_488,ll_484,ll_483,ll_486,ll_485,ll_488,ll_487,ll_489,ll_471,ll_470,ratio_499,ll_473,ll_472,ll_475,ll_474,ll_477,ll_476,ll_479,ll_478,ll_460,ll_469,ll_462,ll_461,ll_464,ll_463,ll_466,ll_465,ll_468,ll_467,pns_199,pns_198,pns_197,pns_196,pns_195,pns_194,pns_193,pns_192,ll_459,ll_458,ll_451,ll_450,ll_453,ll_452,ll_455,ll_454,ll_457,ll_456,ll_1,ll_2,ll_0,ll_5,ll_6,ll_3,ll_4,ll_9,ll_7,ll_8,ll_491,ll_490,ll_493,ll_492,iter_9,iter_8,iter_7,iter_6,iter_5,iter_4,iter_3,iter_2,iter_1,iter_0,ll_495,ll_494,ll_497,ll_496,ll_499,ll_498,pns_108,pns_107,pns_106,pns_105,pns_104,pns_103,pns_102,pns_101,iter_119,pns_100,iter_117,iter_118,iter_111,iter_112,iter_110,iter_115,iter_116,iter_113,iter_114,pns_109,iter_108,iter_109,iter_106,iter_107,iter_100,iter_101,iter_104,iter_105,iter_102,iter_103,ratio_502,ratio_501,ratio_500,ratio_506,ratio_505,ratio_504,ratio_503,ratio_509,ratio_508,ratio_507,ratio_520,ratio_513,ratio_512,ratio_511,ratio_510,ratio_517,ratio_516,ratio_515,ratio_514,ratio_519,ratio_518,iter_155,iter_156,iter_153,iter_154,iter_159,iter_157,iter_158,iter_151,iter_152,iter_150,iter_144,iter_145,iter_142,iter_143,iter_148,iter_149,iter_146,iter_147,iter_140,iter_141,iter_139,iter_133,iter_134,iter_131,iter_132,iter_137,iter_138,iter_135,iter_136,iter_130,pns_999,pns_998,pns_997,pns_996,pns_995,pns_994,pns_993,pns_992,pns_991,pns_990,iter_128,iter_129,iter_122,iter_123,iter_120,iter_121,iter_126,iter_127,iter_124,iter_125,pns_189,pns_188,ratio_571,pns_187,ratio_570,pns_186,pns_185,pns_184,ratio_575,pns_183,ratio_574,pns_182,ratio_573,pns_181,ratio_572,iter_199,pns_191,ratio_568,pns_190,ratio_567,iter_197,ratio_566,iter_198,ratio_565,ratio_569,iter_191,iter_192,iter_190,iter_195,iter_196,iter_193,iter_194,pns_179,pns_178,pns_177,ratio_582,pns_176,ratio_581,pns_175,ratio_580,pns_174,pns_173,ratio_586,pns_172,ratio_585,pns_171,ratio_584,pns_170,ratio_583,iter_188,pns_180,ratio_579,iter_189,ratio_578,iter_186,ratio_577,iter_187,ratio_576,iter_180,iter_181,iter_184,iter_185,iter_182,iter_183,pns_169,pns_168,pns_167,pns_166,ratio_593,pns_165,ratio_592,pns_164,ratio_591,pns_163,ratio_590,pns_162,ratio_597,pns_161,ratio_596,pns_160,ratio_595,ratio_594,iter_177,iter_178,ratio_589,iter_175,ratio_588,iter_176,ratio_587,iter_179,iter_170,iter_173,iter_174,iter_171,iter_172,pns_159,pns_158,pns_157,pns_156,pns_155,pns_154,pns_153,pns_152,pns_151,pns_150,iter_166,iter_167,iter_164,ratio_599,iter_165,ratio_598,iter_168,iter_169,iter_162,iter_163,iter_160,iter_161,pns_149,pns_148,pns_147,pns_146,pns_145,pns_144,pns_143,pns_142,pns_141,pns_140,ratio_531,ratio_530,ratio_524,ll_404,ratio_523,ll_403,ratio_522,ll_406,ratio_521,ll_405,ratio_528,ll_408,ratio_527,ll_407,ratio_526,ratio_525,ll_409,ratio_529,ll_400,ll_402,ll_401,pns_139,pns_138,pns_137,pns_136,pns_135,pns_134,pns_133,pns_132,pns_131,pns_130,ratio_542,ratio_541,ratio_540,ratio_535,ratio_534,ratio_533,ratio_532,ratio_539,ratio_538,ratio_537,ratio_536,pns_129,pns_128,pns_127,pns_126,pns_125,pns_124,pns_123,pns_122,pns_121,pns_120,ratio_553,ratio_552,ratio_551,ratio_550,ratio_546,ratio_545,ratio_544,ratio_543,ratio_549,ratio_548,ratio_547,pns_119,pns_118,pns_117,pns_116,pns_115,pns_114,pns_113,pns_112,pns_111,ratio_560,pns_110,ratio_564,ratio_563,ratio_562,ratio_561,ratio_557,ratio_556,ratio_555,ratio_554,ratio_559,ratio_558,iter_919,pns_900,iter_917,iter_918,iter_911,iter_912,iter_910,iter_915,iter_916,iter_913,iter_914,ll_327,ll_326,ll_329,ll_328,pns_909,pns_908,pns_907,pns_906,ll_321,pns_905,ll_320,pns_904,ll_323,pns_903,ll_322,pns_902,ll_325,pns_901,ll_324,iter_908,iter_909,iter_906,iter_907,iter_900,iter_901,iter_904,iter_905,iter_902,iter_903,ll_316,ll_315,ll_318,ll_317,ll_319,ll_310,ll_312,ll_311,ll_314,ll_313,ll_max,ll_305,ll_304,ll_307,ll_306,ll_309,ll_308,ll_301,ll_300,ll_303,ll_302,ll_361,ll_360,iter_955,ratio_373,iter_956,ratio_372,iter_953,ratio_371,iter_954,ratio_370,iter_959,ratio_377,ratio_376,iter_957,ratio_375,iter_958,ratio_374,ratio_369,ratio_368,ratio_367,iter_951,iter_952,iter_950,ll_363,ll_362,ll_365,ll_364,ll_367,ll_366,ll_369,ll_368,ratio_380,ll_350,iter_944,ratio_384,iter_945,ratio_383,iter_942,ratio_382,iter_943,ratio_381,iter_948,ratio_388,iter_949,ratio_387,iter_946,ratio_386,iter_947,ratio_385,ll_359,ratio_379,ratio_378,iter_940,iter_941,ll_352,ll_351,ll_354,ll_353,ll_356,ll_355,ll_358,ll_357,iter_939,ratio_391,ratio_390,iter_933,ratio_395,iter_934,ratio_394,iter_931,ratio_393,iter_932,ratio_392,iter_937,ratio_399,iter_938,ratio_398,iter_935,ratio_397,iter_936,ratio_396,ll_349,ll_348,ratio_389,iter_930,ll_341,ll_340,ll_343,ll_342,ll_345,ll_344,ll_347,ll_346,iter_928,iter_929,iter_922,iter_923,iter_920,iter_921,iter_926,iter_927,iter_924,iter_925,ll_338,ll_337,ll_339,ll_330,ll_332,ll_331,ll_334,ll_333,ll_336,ll_335,pns_988,pns_987,pns_986,pns_985,pns_984,pns_983,pns_982,pns_981,iter_999,pns_980,iter_997,iter_998,iter_991,iter_992,iter_990,iter_995,iter_996,iter_993,iter_994,pns_989,pns_977,pns_976,pns_975,ll_390,pns_974,pns_973,ll_392,pns_972,ll_391,pns_971,ll_394,pns_970,ll_393,iter_988,iter_989,iter_986,iter_987,iter_980,iter_981,iter_984,iter_985,iter_982,iter_983,ll_396,ll_395,ll_398,ll_397,ll_399,pns_979,pns_978,pns_966,pns_965,pns_964,pns_963,pns_962,ll_381,pns_961,ll_380,pns_960,ll_383,ll_382,iter_977,iter_978,iter_975,iter_976,iter_979,iter_970,iter_973,iter_974,iter_971,iter_972,ll_385,ll_384,ll_387,ll_386,ll_389,pns_969,ll_388,pns_968,pns_967,pns_955,pns_954,pns_953,pns_952,pns_951,ll_370,pns_950,ll_372,ll_371,iter_966,iter_967,iter_964,iter_965,iter_968,iter_969,iter_962,iter_963,iter_960,iter_961,ll_374,ll_373,ll_376,ll_375,pns_959,ll_378,pns_958,ll_377,pns_957,pns_956,ll_379,pns_944,pns_943,pns_942,pns_941,pns_940,pns_949,pns_948,pns_947,pns_946,pns_945,pns_933,pns_932,pns_931,pns_930,pns_939,pns_938,pns_937,pns_936,pns_935,pns_934,pns_922,pns_921,pns_920,pns_929,pns_928,pns_927,pns_926,pns_925,pns_924,pns_923,pns_911,pns_910,pns_919,pns_918,pns_917,pns_916,pns_915,pns_914,pns_913,pns_912,ratio_0,ratio_1,ratio_2,ratio_3,pns_899,pns_898,pns_897,pns_896,pns_895,pns_894,pns_893,pns_892,pns_891,pns_890,pns_889,pns_888,pns_887,pns_886,pns_885,pns_884,pns_883,pns_882,modelPath,pns_881,pns_880,pns_878,pns_877,pns_876,pns_875,pns_874,pns_873,pns_872,pns_871,pns_870,pns_879,ratio_450,ratio_454,ratio_453,ratio_452,ratio_451,ratio_447,ratio_446,ratio_445,ratio_444,ratio_449,ratio_448,ratio_461,ratio_460,ratio_465,ratio_464,ratio_463,ratio_462,ratio_458,ratio_457,ratio_456,ratio_455,ratio_459,ratio_472,ratio_471,ratio_470,ratio_476,ratio_475,ratio_474,ratio_473,ratio_469,ratio_468,ratio_467,ratio_466,ratio_483,ratio_482,infoPath,ratio_481,ratio_480,ratio_487,ratio_486,ratio_485,ratio_484,ratio_479,ratio_478,ratio_477,ratio_410,ratio_403,ratio_402,ratio_401,ratio_400,ratio_407,ratio_406,ratio_405,ratio_404,ratio_409,ratio_408,ratio_4,ratio_5,ratio_6,ratio_7,ratio_8,ratio_9,ratio_421,ratio_420,ratio_414,ratio_413,ratio_412,ratio_411,ratio_418,ratio_417,ratio_416,ratio_415,ratio_419,ratio_432,ratio_431,ratio_430,ratio_425,ratio_424,ratio_423,ratio_422,ratio_429,ratio_428,ratio_427,ratio_426,ratio_443,ratio_442,ratio_441,ratio_440,ratio_436,ratio_435,ratio_434,ratio_433,ratio_439,ratio_438,ratio_437
-5082.476527164808,-5082.471093725232,-5087.324943892896,-5082.4658902195915,-5084.514816987668,-5082.60482228884,1500,-5083.1116286886645,-5082.933940164396,-5084.866136973951,-5082.512257848413,/mnt/beegfs/rcabanas/dev/credici/papers/journalEM/output/synthetic/s12/random_mc2_n5_mid3_d1000_05_mr098_r10_56_uai_ccve.csv,-5082.597728084902,-5082.46626209636,-5100.250137415369,LLratio,-5083.095144549731,-5082.4669900002045,-5085.880816040844,-5094.4657257434465,-5084.562863523502,-5082.465890336213,-5087.677301935481,-5094.90668534677,-5082.469312143176,-5102.255407450017,-5082.465888660008,-5092.432101883585,-5086.1819397072595,-5082.465902269789,-5085.614063171346,-5237.757499941997,-5092.852433189539,-5082.466808641573,-5082.466815134703,-5083.687788753408,-5082.544989835198,-5084.103079904153,-5082.504432641638,-5096.036596373346,-5082.84059586094,-5082.501324455519,-5082.466213622743,-5082.470989595893,-5082.762374818996,-5082.466754886889,-5085.9836853027355,-5095.203027629263,-5082.811594265113,-5083.369170971505,-5091.864003514891,-5087.562858945705,-5082.466471370023,-5082.475762495407,-5082.480816602492,-5082.865515231997,-5082.525133822439,-5089.52587041053,-5082.483896789052,-5082.6258152436385,-5082.758277360636,-5088.002630973545,-5082.465900710808,-5082.465928775464,-5083.624046609653,-5082.47013421345,-5087.789586920428,-5092.527568784453,-5082.665532104238,-5082.7558341140175,-5082.832549580252,-5082.465895150299,-5082.466445265422,-5082.4829223196375,-5082.465895648714,-5083.313804884901,-5082.521610640357,-5082.465896765809,-5084.855489180722,-5092.06264109475,-5089.641208767915,-5082.467101287106,-5083.434247999988,-5089.445013183416,-5084.865188323334,-5082.466951554252,-5089.353725296514,-5082.467349332942,-5082.4968654876675,-5131.4680251786785,-5089.785730738725,-5084.3579560638955,-5082.479011566964,500,500,500,500,500,500,500,500,500,500,500,500,500,500,500,500,500,500,500,500,500,500,500,500,500,500,500,500,500,500,-5082.757793602892,-5112.539689864805,-5088.047420783644,-5096.198718037373,-5093.169833401262,-5086.614598270519,500,500,500,500,500,500,500,608,500,500,500,-5084.243556934037,-5082.886257572174,-5082.465995262521,-5164.761653851783,0.9974348409787993,1.5773199602592628E-8,0.9630827860456098,0.027363185248232794,0.999052184611603,0.15007501414910485,0.9998106947010649,0.010590950779490559,0.9998762975338519,0.08700170705670206,0.999875461327125,5.771137832360363E-4,0.9999621070322449,0.030456936750966716,0.9976595801528118,0.1556017850215022,0.1562627254538136,500,0.032182471205755916,500,0.9999966858107954,500,0.9989065821218535,500,0.9999999853338989,500,500,0.9999999999100947,500,0.999999999965433,500,0.9999999939856361,500,0.9994583163891386,0.9999868024517194,0.9999999961675625,0.9999999946660142,500,0.9999999992347276,0.9999999994692486,0.02630079531334434,0.9999985251376254,0.14876716896232892,0.9997667136329424,6.011036575481655E-4,0.9999166272004495,0.12166095348618844,0.9999980353518818,0.16493067796041275,0.9992275852290285,0.11094103048583896,0.9999999777705504,0.10995828458466149,0.9994131285970779,0.04097463977567494,0.9999976918325748,0.15860493246308563,0.9999961399714927,0.1399479072896745,500,500,0.9999434191110669,500,0.9999995747317973,500,0.999999993572051,500,0.999988072413307,500,0.997598704787535,500,0.9999976655778906,500,0.9999962029029875,500,0.9996446472242653,500,0.9999895855190116,0.999999992271942,0.9995091274443082,0.9999942948755005,0.16216653154676464,0.9982581501227302,0.11441536480830017,0.9975698526597341,0.12861539483054413,0.9999648735440059,0.13883454706192258,0.9999999777358929,0.1361697608747709,0.9999999965588489,0.06604788541138816,0.9991345368061505,0.15381506086106472,0.9999994928826862,0.059061274947197165,0.9957207239618409,500,0.03888937557876807,0.9999999587993127,0.9985319884376689,500,500,0.9999999807074643,0.9999971870650439,500,0.968529061211959,500,0.9986909310342434,0.9991332252940563,500,0.999207066656144,500,0.9999453169232495,500,0.9999957776455137,500,0.9999999994570206,500,0.9971449669559453,0.9993097819147186,0.1553143774337394,0.14822373670548963,0.14877213958595079,0.9987805931870306,0.0055820734669922096,0.999991105974828,0.13305365788079979,0.9992671138263136,0.009251094927256329,0.9927831224019842,0.06906334063984763,0.9999882393400563,0.12342601540764772,0.9999999894481432,0.09450212902432194,0.99779316992758,500,0.9995010530909637,500,0.9981371184284564,500,0.9994697187964579,500,0.9991855284669068,0.999948031322718,0.9999782688592682,500,0.9985506894462348,500,0.9992353519286693,0.9999816702136826,0.9992232989652046,500,0.9971163057375404,500,0.9999999999069772,500,0.999999239618213,500,0.9999982733158557,0.11412127614426172,0.11349525643572976,0.13895047051518583,0.08508535762642673,0.0095559987816116,0.06737659524542838,0.013196862610151641,0.16644869479796617,0.01952046626096912,500,500,500,500,500,500,500,500,6.163904462965407E-4,500,0.0968139336151619,500,9.674051357003406E-4,0.9999998531252222,0.9992405925614215,0.9999999935088697,0.9999999421464039,0.9985228572027567,500,500,500,500,0.17837680710047338,500,500,0.9999110367747269,500,0.9999785536627965,1.5773199602592628E-8,500,0.9999998789053277,500,0.9965288822912367,500,0.9999998617338371,0.9984913557260539,0.9999988462416383,0.9982946898412932,0.9999999757576388,0.9999473709020825,0.9999785293215243,500,0.9984028549542414,500,500,500,500,0.997072932021643,0.9997217187884379,500,0.9999999947789088,500,0.9999074027494049,0.9962944537294148,0.9999999951884702,0.9999821470993592,0.9991210197819841,500,0.9999997144279735,500,0.9997908204661596,0.9999999996957124,500,0.9999999738461532,0.9999999183780676,0.9996663006889343,0.9999048145389373,0.9999999956384821,0.9996059411436508,0.9999999998365716,0.999999999941527,0.9999804617192226,500,0.1529291233429982,0.9999523261962661,500,0.03397731014063856,0.9999687959512598,500,0.14281275286988976,500,0.14083132601060344,500,0.09574955741790017,0.9964414403003904,500,0.03392661544508997,0.9995255508439,500,0.1402480193016329,0.9999999812786448,500,0.016270252345493726,0.9996795240696889,0.10671016963642996,0.9998347999056152,0.10521333795437215,0.9999993929157943,0.9960345732355477,0.9987245756416233,500,500,0.9999245127121733,0.9974422283392262,0.9999906874355741,0.13685190944774123,0.14836735525470932,0.02368202369024129,0.029959623787046297,0.15294687856541947,0.11180232200017551,0.04338072632369701,0.09599692587970755,0.14931262814301768,1.0120411261587279E-4,0.9999992832703631,0.999999851029023,0.999999994772845,0.08548216669075137,0.9999530483471295,0.16225054577236264,0.999526460735818,0.1164635502491205,0.9999999959367092,0.10621360667992566,0.9986292035987682,0.140141008834587,0.9999998363517774,0.15946310568504693,0.9997596969574133,0.10873640954779581,0.9999047488627354,0.02248729585449003,0.9956494543198058,0.10254304562508547,0.9996920184794987,0.1564609017273588,0.9995894606239313,0.9998240361989206,0.9999999587647252,0.9999999964069343,0.9979018941838504,0.9997719133611586,0.999999608459202,0.9993121527977437,0.9991156456526942,0.9999161376595935,0.012389180807382027,0.9999995221300332,0.010266216949294608,0.999999841772623,0.006413977880231152,0.9998764051786275,0.10321309131986069,0.9997213972622873,0.1269598201638713,0.9999949495281718,0.9999926592272488,0.10274606658597635,0.999990425799917,0.01681518606484599,0.9999999524459101,0.14581135950673435,0.9999999842047149,0.16317806800039186,0.9999646148614597,0.9999998192322663,0.11177684752384849,0.9999437186743951,0.9999994089992733,0.9994466466340878,0.9997975973645157,0.9999921779051435,0.9994451575390124,0.9999999976025161,0.9996852256714511,0.9999089961137084,5.601252664340087E-4,5.801151521684076E-7,0.041122976875682116,0.06056580403555174,0.14734027915558198,0.11834191885197852,0.9999884288517918,0.14830059042751148,0.9982939462478995,2.1092693096433305E-5,0.0037762201271740953,0.06384953681114872,0.9989693459956771,0.9999369411372089,0.9965706954231779,0.9976013563520717,0.9999999997858507,0.9963632952355093,0.9999999428202792,0.9980089351621658,0.999803346760233,0.1430961565743333,0.15132049013956772,0.1502119964533025,0.13737909999630193,0.023945765033829308,0.0021643193155961664,0.14722774257035226,0.11407548122439679,0.011873833432217559,0.08444507437703265,0.9987398021590133,0.9999996902494285,0.9999999982153186,0.9967199819644712,-5269.614244309225,-5083.604291265556,-5082.4668017319855,-5084.974286215248,-5090.609086191433,-5082.578543279731,-5084.586628940688,-5082.523225731365,-5082.469806671436,-5082.465888765179,-5082.759295669185,-5082.692167159708,-5082.4860770360965,-5082.639470318951,-5084.200056887375,-5082.477944321408,-5082.477222315416,-5082.465908899628,-5082.465900324274,-5087.93993902399,-5082.466197400867,-5082.6009329184335,-5082.465889058771,-5082.466124645737,-5082.465935389271,-5082.4737817732,-5082.46802211393,-5082.466165161595,-5082.465908020613,-5084.201869730186,-5082.468135208866,-5083.599230942354,-5082.619202996579,-5172.859687830023,-5106.7267330288305,-5082.46598702182,-5082.469192679577,-5086.475544927613,-5082.465904217924,-5082.466140216122,-5108.904145832135,-5082.465891146483,-5082.815281478797,-5104.216527327053,-5082.556852956663,-5082.465909715767,-5082.483371978957,-5083.839878894018,-5089.132386797763,-5082.639363841594,-5083.74418814325,-5429.581880054199,-5149.098660531146,-5082.491629890961,-5082.480989532083,-5100.202453894492,-5095.183717128175,-5082.470986632745,-5082.468395218071,-5082.524056795989,-5091.05049930602,-5087.061694455388,-5083.885501927396,-5088.884889253764,-5082.466380242749,-5082.467401451344,-5082.465903067591,-5082.465965207557,-5082.465897679789,-5186.605294749452,500,500,500,500,500,500,500,500,500,500,-5089.582371404726,-5082.739161997284,-5082.465889656574,-5082.500775075567,-5082.467123725926,-5082.520979929141,-5086.499687367197,500,500,500,500,500,500,500,500,500,500,-5082.930070264669,-5088.603761153068,-5096.701574755591,-5082.527370932712,-5098.118741523802,-5082.466055047968,-5082.466305581525,-5085.23336888974,500,-5082.465891952654,-5084.300784624469,-5082.466212910213,-5082.93366152633,-5082.795627985433,-5082.471749913255,-5085.459152364583,-5088.61741808139,-5084.113152401305,-5082.466440742182,-5086.0481143801135,-5082.470163453399,-5085.561858256013,-5083.035569344794,-5082.465888667975,0.0022415397252536114,0.14679346584191647,0.11286135765667674,0.0010000297149192331,0.1332386235119852,0.002205103517960036,0.1404564819574129,0.1596400502531794,0.1327948764117071,0.11821351094665981,500,500,500,0.9999078999619461,500,0.9976587621363261,500,500,500,0.9999996564052154,500,0.9999846941229682,500,0.9999988930997247,500,0.9999273922780226,0.9989688624643996,0.9999999966327382,0.9999999999984224,0.9999999996972131,0.14006867894467026,0.1501093280196773,0.03368845427485193,0.16121140067446227,0.09798855301851296,0.1634198890652796,0.06943224117811549,4.015806995628344E-5,500,0.018443623911730437,500,500,500,0.993011145481604,500,0.9999999999848875,0.9999999999876976,500,500,0.9638172305682118,500,0.9999999883594773,500,0.9991985615118819,500,0.9999999999472166,0.9999884683061544,0.9996301918489185,0.9992450460295601,0.1219658414875764,0.03694873133372288,0.02002607691006057,0.02006963371493206,0.14854655969958958,0.08942179955960013,0.001420465600234658,0.16033615953141284,0.08576214199032316,500,500,500,500,0.9998223947898943,500,0.9999991642995083,500,0.9999995080608108,0.9999480306047533,0.999999772548781,500,0.9999973679446066,500,0.9999401535885786,500,0.9999999937655627,500,0.9971955167972718,0.9999999997591416,0.999965607728018,0.16229213834131623,0.16411615861138037,500,500,500,500,0.9995839892075984,0.9999999627364895,500,0.999999742239999,500,0.9976669825823078,0.9997113811437633,0.9999950213357045,500,0.9999893437651687,500,0.9981826003557356,500,0.9999911569854951,500,0.9999964989830391,0.9999999995180818,500,500,500,-5082.660516703341,500,-5089.791546051457,500,500,-5088.666048162031,500,500,500,500,500,-5082.466906913844,500,-5091.741631893041,500,-5082.470995808779,500,-5082.465893461207,-5082.47170692287,-5082.466256033367,500,-5082.472960495806,500,-5133.279747795228,500,500,500,500,-5097.17338863594,-5100.522507463833,-5082.4659189475,-5089.644119498107,500,-5082.4659199212665,500,500,-5082.465890421732,500,-5082.466086916784,500,-5086.451068948647,-5097.362471392113,500,-5086.359430195944,500,-5082.509666583686,500,500,500,500,500,500,500,500,500,500,500,500,500,500,500,500,-5082.467024011768,500,-5107.883883120645,500,-5082.465961896106,500,-5087.883667872158,500,-5083.533477104052,500,-5099.69759013685,500,500,500,500,500,500,500,500,500,500,500,500,500,500,500,500,500,500,500,500,500,500,500,500,500,500,500,500,0.999947158312565,0.9999999999822972,0.9999997046732051,500,0.9999832398469279,500,0.9962384523655368,500,0.9911592142745272,500,0.999968226350863,0.9999181764689506,-5082.465888713059,0.9971365747378275,-5102.537009414375,0.9997908791185528,-5085.809594795028,0.9967870276220756,-5136.712872972183,-5082.466540900745,-5084.451695535621,-5137.547857417056,-5082.474083541743,-5082.465945363436,-5082.465888878639,500,500,500,500,500,0.07844154718749767,500,0.07015977519489672,0.16380261454176853,0.02597990296952799,4.5295176921000835E-4,500,0.1644558142192365,500,0.16094777014937398,500,0.001474036917530416,500,0.1341722798708062,-5082.465925786197,0.9968084676706208,-5082.467500944287,0.9999999791853089,-5262.536921588638,0.9999999791131567,-5082.465892904344,-5085.597665829995,-5082.470488602589,-5082.465888978056,-5082.465903051214,-5082.564003326301,-5082.4788123676435,500,500,500,500,500,500,500,0.11394848306565945,500,0.07742945838352851,0.009082541104802146,0.15911482325764123,-5082.475574544027,0.10002811652535984,0.00409897407153953,500,0.13473591423409184,500,0.14996244294503452,0.03910959327295015,0.11260888463076438,500,0.019309833001735104,-5082.485087364499,500,-5082.545985986109,500,-5090.614189055908,500,-5082.465916229519,-5093.6409433840845,-5095.726984384572,-5093.4861125962325,-5082.932279211132,500,500,500,500,500,500,-5082.470835120403,500,-5089.43658234394,500,500,500,500,500,0.02821783760802869,500,0.021464593673031426,500,0.009659949714070278,0.026426330460489828,-5082.476636576406,0.0010316494860502067,-5082.465910664414,0.05104739646898646,0.13212983474973722,500,0.06662319423872605,500,0.027407729143500797,500,0.1588493819394852,500,-5085.1218424403305,500,-5105.461466036259,500,-5085.225760176473,500,-5083.957673982677,-5088.667553104775,-5084.933672239821,500,-5082.552084662897,-5099.868197326825,500,500,500,500,-5082.477904415229,500,500,500,500,500,500,0.1528963591720917,500,0.132753819637795,500,0.010863095811936155,500,0.011765930552555037,0.14963302617924856,0.09422491098416508,0.13672347755950048,1.0,0.14654163110159563,0.14745161761778497,0.9995865228407774,0.069010770408497,0.9999221939479838,0.9999999887167318,0.9998154247472288,0.99877482278549,0.9999999990982152,0.9999994162341269,0.9999999967889374,0.9999919514438899,0.9999295521280773,0.9999989271689289,500,500,500,500,0.14373897369391236,500,0.15229527274380097,500,0.059062126801677155,500,0.001048808431356828,500,0.16134067135365437,0.01065624308778139,0.15705952904466416,0.11618485659484674,9.697514717994333E-4,500,0.009017212360195663,0.9971667726062051,0.9306895045608096,0.9999999973885682,0.9988815743914963,0.9999999941387723,-5082.529674712144,0.9841602334465737,-5101.0037307361345,0.9999999510177418,0.9998175571373626,-5082.465893541896,0.9997477030502497,0.9999999976633775,0.9999950927193094,-5082.579284000636,500,-5082.465977536554,500,-5082.619326771777,-5082.466522290764,-5082.466137975768,-5082.513176861237,-5094.8793270309525,0.1507439131600767,0.040331754775318335,0.1644179336668403,2.793566519454328E-4,0.14273733644065062,0.04556846910019953,0.1629427408944046,0.999997301008051,0.009876898638973966,0.03911323945885414,0.007055416729215881,0.9999993339669783,0.9995310261163524,0.999836727979931,0.9999996588997001,0.999999998875325,-5082.728671658957,0.9999999159066143,-5082.470061205263,0.9999999963131021,-5103.581211897822,0.9688248311775328,-5082.4678684729315,0.9999983521925446,0.9999831693409469,-5085.425503930613,-5092.248129341512,-5082.465935737065,-5085.195584011117,-5082.465921884436,-5083.549271820095,0.14808744583189598,0.15915228726749842,0.1176917334433218,0.00128617932618753,0.029671063726158232,0.018779953989014008,0.1562393757911353,0.14843049319633697,0.9999335490080357,0.005212664084318891,0.9999999999975075,0.015634745745569962,0.9999799114485023,0.9999999987857501,0.998122173904658,0.9999999372158382,0.999998677435972,-5082.465902751982,0.9999997133052092,-5082.465894948318,0.9999997231134554,-5082.496707945957,0.9999919128738106,-5082.528261269681,-5082.481112161167,0.9999999965517593,-5124.999688200889,-5082.465890733433,-5082.5393430822805,-5082.465891351416,-5084.3463559619195,0,-5082.575014930015,-5082.9180813823605,-5082.574891211021,-5086.328484282058,-5082.46592158699,-5082.4661826349875,-5089.984522571636,-5082.4665040556565,-5100.169176141033,-5082.466591329195,-5082.466635082199,-5082.465888893229,-5082.565193181855,-5082.467340006539,-5082.471752540324,-5091.147874786393,-5082.466011807017,-5082.73338826922,-5083.529258876676,-5082.465890142573,-5082.466021522079,-5090.145106865068,-5082.465889400482,-5087.0317934112645,-5090.997852144557,-5082.466022320148,-5083.40382307885,-5082.4658946895415,-5086.980061699205,-5096.77511106225,-5083.589408941592,-5082.472198015308,0.15444291375880884,0.00455574221794956,0.077210898934596,0.09186077134350373,0.01273163420901576,0.01786951678881986,500,500,500,500,500,500,500,500,500,500,0.1263067776993846,0.07083574995055343,0.11270332476719985,0.035329492490949715,0.1643582756765667,0.06018030162490162,0.02529282690224277,0.005305473818136579,0.04611519900919037,500,500,500,500,500,500,500,500,500,500,0.036066235859608414,0.0038904571074049707,0.026935705683474774,0.050071196650513926,0.047652556010187475,0.03979986054492185,0.023258975155477427,4.4113844089108627E-4,0.14995325083539232,500,500,500,500,500,500,500,500,500,0.998935160544191,500,0.9999997766014573,0.9950237720539031,0.9964598491936133,0.9997899908571825,9.627322826558586E-4,0.9966210346326936,0.04337822246377816,0.9999999855778542,0.007481891143729259,0.11193274046380357,0.9999999940282023,0.0011071304612351302,0.9985896399171474,0.0033043562756925452,0.9971145772532106,500,500,500,500,500,500,500,500,500,0.9970775900517815,500,0.9999999996407863,0.9999999609794263,0.9999999938366091,0.9985607156228041,0.9992345130828176,0.9999913865411938,0.9992165106282189,0.9987815746784505,0.9999617074351786,500,500,500,500,500,500,500,500,500,500,500,500,500,500,500,500,500,500,500,500,500,500,500,500,500,500,500,500,500,500,500,500,500,500,500,500,500,500,500,500,0.03244393241983306,0.13157139841285334,0.02472485918225543,0.0031693446989560538,0.07670200484352763,0.14673022023063256,0.0035970570597563993,0.007615763133135938,4.91602855751406E-5,0.16098469429700432,0.9999855476797559,0.9917007215234039,500,0.9960664428731627,500,0.9999999888307378,500,0.9999999999443974,500,0.9892785487649535,500,0.999609435380943,0.9993425420010987,500,0.9894393582593313,500,0.999999999976976,0.9999998716558786,500,500,500,0.11619886403792187,0.007100039771983693,0.12774699612152032,0.1002920700681632,0.16408473911049343,0.03249794291863689,0.035591325360648046,0.14147271766529018,0.11226069820508365,0.14057344744022185,0.9994632073889826,0.9994180201180248,0.99807899369846,500,0.9999999987501587,500,0.9999999994578664,500,0.9996301456993243,500,0.9999999995794577,500,0.9999970046981405,500,0.9999939361790697,500,0.999987728022269,500,0.9999999972147495,500,500,0.15932824876677207,0.1361809489940091,0.13149859662585772,0.13719759906667509,0.14953550273287763,0.06251511090665245,0.005505194913303767,8.595117156491991E-5,0.07389211848142897,500,1.2689170551811053E-4,0.9999999509333225,0.9999999825005196,0.9999698112005106,0.9999776893977922,500,0.9999991790194191,500,0.9999999934503457,500,0.9997868844844174,500,0.9999999907247733,500,500,0.9958626457726283,500,0.9999996104496985,500,0.9999482988213829,500,0.03948326239146725,0.10036313519584306,0.15102398977642298,0.019931075211108925,0.03742738202110296,3.0371561281000743E-5,0.012827113058184476,0.10579585622927648,0.051134189025032036,0.1513192925573133,500,500,500,0.9963658442301477,500,0.9999906958893071,500,0.997563546133654,500,0.9999998753174819,500,500,500,0.9999999990268789,500,0.9999874499274602,0.02326035022952099,0.15467644018768986,0.0025470194779350025,0.041226755703632545,0.002877801745783728,0.002944499467338049,0.16745858904540517,3.6213271611015553E-4,0.11579931967476433,0.9981782769104192,-5082.483035602516,-5082.465888870186,-5092.403561066683,0.999999927704916,-5082.727521704058,0.9999989951319463,-5090.80416977937,0.9999999990427547,-5088.788286171437,0.9999997996410362,-5082.473704423503,0.9999999956579397,0.9999986085710991,0.9901010929277696,0.9999988552170748,0.1519707796966022,0.9999978852868134,0.021928167973581426,0.0024542529246030682,0.1487367833848823,0.1263271481818919,0.019510954201114483,0.02570863579780575,0.12702335281700597,0.15085044330323583,0.9954958865925845,0.9999976358344467,0.9995146871517219,0.9994572764886771,0.9997065700616923,0.9994777010410796,0.9999980942460334,0.9999830407902527,0.996587694415337,0.9987812792948224,0.10664262401567044,0.15809814340706785,0.001401595099082283,0.14541521967274912,0.04929170252524989,0.10385554418493513,0.010394916142292945,0.029576344540943534,0.15411625203405763,0.9999842406954529,0.999999026748107,0.9986303604269122,0.9973976047325201,0.9983993482599046,0.9999999945629783,0.9999962225627568,0.9978364083544004,0.9999082437873514,0.9978060772417502,0.09525086221763181,0.15097729264648077,0.11760013423244015,0.1495131271165593,0.054169747127975766,4.573970108528901E-5,0.049741621821525965,2.4997673448880886E-4,0.14662566391263113,0.9999983876069867,0.9999996827627042,0.999980695820024,0.9999974571912488,0.9999999971558742,0.999999094927052,0.9657824665792107,0.9999999991523202,0.9999999926826552,0.9999999999248368,0.9993841869845511,0.15149762950091775,0.1207075201206613,0.01475770025539065,0.14375123781911628,-5082.465888662062,-5082.466436920155,-5091.055851578738,-5082.466273350359,-5082.465992704274,-5083.128377605881,-5082.469794187108,-5082.892151827928,-5082.468317355007,-5084.5956191078985,-5082.465889074983,-5082.467283410235,-5085.297952026966,0.9999999455843787,0.9999999907932035,0.9999984469812343,-5082.471282989181,-5082.533762033312,-5082.492612863271,-5082.472646576522,-5088.829814718703,-5104.758102989565,-5082.55680269749,-5085.819887464806,-5083.1909391239205,-5090.59526219303,-5082.466720332686,-5083.687514173258,-5082.950045368521,-5082.704529974776,-5084.873775982378,-5082.465909247578,-5089.4424780292,-5082.465992386516,-5086.3713316932335,0.9999999960051702,0.9996589102962257,0.999997627982748,0.9999658481141691,0.9999734300756296,-5082.544782755672,0.9999999961781205,-5082.465964814693,0.9996585538539526,-5084.81398981272,0.9999995802201059,-5083.1853502244085,-5103.085536626646,0.9999999999089557,-5165.195360245655,0.999999953556071,-5093.592397173743,0.9999999392411452,-5082.4658893804335,-5088.671048741838,-5082.511092577636,-5086.193489481176,-5119.412058798194,-5082.465892320373,-5082.514549607264,-5082.466130288092,-5082.46596887504,-5082.645738719657,-5082.466692781415,-5083.094132707392,-5083.882272115263,-5082.49155757647,0.9995067039717376,-5082.465911893654,-5082.466063068941,-5082.473823894754,0.999988718765704,0.9984003490628498,0.9999778351317683,0.9999998203360729,0.999955480568914,-5088.288886559332,0.999999997692413,-5082.466191327221,0.9989241126087274,-5082.49548249471,0.9999977700403013,-5082.46606113481,-5091.198202702033,-5082.4660502165525,0.9999960278415427,-5082.466301159951,0.9999422740570474,-5082.466005591117,-5082.469531352583,-5082.466645736064,-5082.465915162879,-5089.93797639694,-5086.868385956042,-5082.4684660037965,-5104.308634225853,-5082.466097997138,-5082.467257562123,-5082.5504772448785,-5083.3075758283985,-5083.651835264076,-5082.466169627925,-5082.8896633370805,-5082.475873872703,-5082.608687490142,-5086.394694989442,-5082.6825887395225,-5082.466058019047,-5082.742194730508,-5082.494884862127,-5082.466009441334,-5082.473384544805,-5082.465955331145,-5091.951591378812,-5085.162454662706,-5082.5256624520125,-5082.4659422254945,-5093.706834017441,-5085.003035142865,-5113.0440411676655,-5082.468529338525,-5097.405131914171,-5083.015447812594,4,-5094.847117768347,-5082.644423881729,-5082.466001752608,-5087.10387409543,-5082.465906085574,-5082.466136361779,-5082.465961159316,-5082.558093143458,-5085.883220360358,-5091.334228497088,-5082.465914523395,-5083.098930990998,-5082.658485610147,-5094.388897481,-5082.465889587924,-5082.472439364865,-5082.465901769123,-5233.347298963305,-5093.63316853846,-5082.949711507889,-5082.465910763307,-5084.469468820067,-5091.491322018126,-5082.4658894266595,-5082.849579125201,-5082.465903840699,-5095.499011565324,-5082.465901893251,-5082.513219827846,-5083.080703486674,-5084.162470109663,-5083.204727014932,0.11962331218574868,-5082.466001576464,0.11581253664763345,-5085.450394003261,0.0031314425265547294,-5082.477619805322,0.0019542054577870774,-5082.485507134985,0.10928789747548481,0.11470871757319913,0.15048183851650493,0.059444502402313755,0.11431049676074706,0.11320696986450854,-5087.489865134143,-5096.91229709194,-5082.519670489761,-5082.4799054261075,-5083.9305167989005,-5112.733945518528,-5277.288684043975,-5087.287698161563,-5083.428208492665,-5083.094679943615,-5082.722875544145,-5082.465892485512,-5082.465893688621,-5082.465891293567,-5088.64087954704,-5095.536750659856,-5082.498110092681,-5091.151667000038,-5088.87888277716,-5094.6862253486615,-5082.524699242607,-5082.786403326445,-5099.955188264745,-5099.191328118883,-5087.709556823613,-5082.467462893243,-5082.465897666623,-5083.465568569345,-5082.465889684448,-5085.279845315052,-5082.503198097025,-5082.751952613655,-5082.46889233885,-5092.605596532253,-5082.466807342047,-5101.0167806258905,-5082.46617921004,-5082.928454839173,-5083.494801341303,-5084.066222127409,-5083.360376010061,-5084.031676402015,-5084.5532979345635,-5082.4659007811715,-5104.674006041827,-5082.5056444373,-5085.287421984084,0.04329846864371617,0.1587961123166014,0.04603559448131932,0.027739198695204647,0.15050750319595468,500,500,500,500,500,500,500,500,500,500,0.09475182795415613,0.08854598494926513,0.06972063786297365,0.13751574447999942,0.06577541512835845,500,500,500,500,500,500,500,500,500,500,500,500,500,500,500,500,500,500,500,500,500,500,500,500,500,500,500,500,500,500,500,500,500,500,500,500,500,500,500,500,500,500,500,500,500,500,500,500,500,500,0.13282239585638442,0.14254634526639942,0.10803300375972778,0.016602937624880177,0.06506620191702553,0.08950148873124569,0.16368791632509164,0.013748347386526109,0.014592717743710104,0.10033871006747898,0.99999999899801,500,0.9999998921145627,500,0.9999999999057659,500,0.9999997255635666,500,0.9995811406311539,500,0.9998696690383116,500,0.9983127344831557,500,0.9999999242977136,500,0.9999999999870102,0.9999992315564626,0.999999979516197,500,500,0.06456057103581203,0.1366820968235378,0.17243453815078383,0.017341539706256594,0.0014081795537311836,0.1291740400007164,0.013371616319839512,0.01055854048478423,0.16496093995374334,500,0.005517467535908979,0.999999997383709,0.9982273497387585,500,0.9971656548800847,500,0.998786514690825,500,0.9999936603032719,500,0.9999494391186776,500,0.9940798685703139,500,0.9999894182615696,500,0.9999972421277944,500,0.9990124842169157,0.9997119102635215,500,0.00887808323326275,0.12312986892050705,0.005315857682827776,9.120062575881213E-4,0.09360815642231632,0.08388028209921948,0.09283460368742652,0.0023264117987885882,0.027263533186496672,0.1333530197785258,500,500,0.9999818586338364,0.9990882856701617,0.9999999512508829,500,0.9999987111058836,500,0.9998790467973073,500,0.9998546510599969,500,0.999999997000539,500,0.99780760027805,500,0.9999999974081316,500,0.9711692341922058,500,0.9999999998048423,0.1540755519378325,0.14129661006100183,0.12875126668786904,0.07300446113032497,0.04560469372125054,0.13713461337928748,0.13842331614866019,0.051967306975920495,500,0.15133449693159287,500,500,0.9999456383731693,0.9999719044091566,0.9999573650056447,0.9999999447056065,500,0.9999994804212817,500,0.999328075062629,0.9999999948986664,500,0.999999985722821,500,500,0.9970692454432164,500,0.9998918832291195,500,0.9940195796622473,9.265863641390191E-4,0.002820250542955082,9.372170374350822E-6,0.03252812956208116,0.03413540539730761,0.14749303201685823,0.12100247762601012,4.979211631322442E-4,0.040991700604005386,0.9983620895824619,0.9999999999460608,0.9980485300602217,0.9999966262540665,0.9999999656716053,0.9987575829018911,0.9999984622001183,0.9999485250572848,0.07009199493455874,0.9999984386936386,0.011756098313524635,0.9999999954160808,0.09252229020341911,0.07564924949811085,0.13654437420212623,0.10118371130768927,0.06692558077532464,0.07304005113300162,0.087764023776805,0.9999999404361644,0.9999999682003755,0.9999941772897248,0.9999999660521551,0.9988556078294468,0.9992321749942129,0.9999999188260411,0.9999999769806477,0.9982848214195713,0.15154181340060918,0.14812056082033154,0.1494496391418139,0.9999999795787174,0.14435046339000657,0.1547236753544306,1.5152928851506497E-4,0.14865637632377038,0.14725811170468459,0.14763832691431436,500,0.999999985003608,500,0.9999999992672192,500,500,0.9839832831326482,0.9995382129569768,500,0.9998584624445505,500,0.9999844774295155,0.9994430880043526,0.997815587171075,0.9999999998456668,0.9959593763650227,500,0.02280680849135743,500,0.03055951489437026,500,0.1482301930978528,500,0.1657296554595456,500,0.9999866457478792,500,0.9998573631137286,500,0.9984030603145051,500,500,0.9956330517639086,0.9999947418974771,500,0.9999986703360842,500,0.9999989386279156,0.9999821125262386,0.9993405195341203,0.9987494323146244,500,500,500,-5083.305651169401,-5085.220469181813,-5082.482732905446,-5082.465888771727,-5082.46591916384,-5082.465915705842,-5082.465889052983,-5082.532965570242,-5082.465908074275,-5088.029230721443,-5082.465963136001,EMCC,-5082.466303436762,-5101.369248389288,-5084.0952187410585,-5082.708200629235,-5084.878404864099,-5082.4659837466925,-5088.95646763358,-5100.616737762197,-5082.468974082682,-5102.700272828895,false,-5082.624487058263,-5082.936554545942,-5090.59630927135,-5083.880637059159,-5082.465915132058,-5086.937205770202,-5097.386284763488,-5082.465913050477,-5082.556626974503,0.9999999736891292,0.9971924948316534,0.9998154908570218,0.9999999988010742,0.9983241078082713,0.9999833570469754,-5086.964567826189,0.9999999762230988,-5082.466098172927,0.9999999868695422,-5082.467878589569,0.999999966665197,-5085.964254879536,0.9998344213448032,0.9999997306493061,-5082.730031352752,-5082.576338777739,-5083.625395625659,-5086.608786652751,-5082.465906857675,-5093.151860136326,0.14278931002731401,0.14837358482079224,0.14682066667777902,0.16505647913278393,0.03475078475898044,0.02870535452273812,0.0013840918796399375,0.1261876600769208,0.05028173543105852,0.1736727559091477,0.9991024422491053,-5082.474664424459,0.9997789907376124,-5089.842651267529,0.9999987585924681,-5082.465889068827,0.999112602556249,-5082.469753213475,-5097.164552771681,0.999999999841722,-5082.480185282218,-5086.416513565527,-5082.465986649699,-5086.355160259436,-5082.559050817388,0.010616281382078862,0.14845101160377,0.008425108706066642,0.15151506110440358,0.007623528333010946,0.08630094048701427,0.13756260782117222,0.05802352440221431,0.14532759817819332,0.14236202578968202,-5097.01804353648,-5247.613202474429,-5082.487348659299,-5082.465891355716,-5085.9763214344075,-5082.743828666928,-5086.499143370316,-5082.753475305902,-5089.127908003173,-5086.875063233147,0.06432272590691102,0.14690899660246054,0.12701302627819822,0.04846608361039321,0.030955101794916045,0.13820748279768102,0.04928435116766774,0.14012099282761867,0.10062223752543906,0.14098365431168247,-5082.518820391669,-5082.468050008094,-5082.4851872853615,-5084.272598976679,-5084.961956867404,-5082.477753244479,-5082.465927873633,-5094.699766754897,-5082.4659212658735,-5082.526510871619,0.9973052798367683,0.9999425695618984,0.9941176395503819,-5082.465888608709,0.9999172971900546,0.9978983726921838,0.9991843868658954,0.9989030109733641,0.9999999790128493,0.984065912277991,0.9996503573603251,-5082.881787931837,-5082.4662076944205,-5082.803645940274,-5082.465894767425,-5092.027831335932,-5098.848347495771,-5082.567990024849,-5097.0609416592215,-5083.528960653156,-5082.465906121607,-5082.472610491488,-5082.467622227271,-5082.479606167579,-5084.850550706573,-5083.295848577847,-5082.506991471439,-5082.46927368841,-5082.467345712954,-5082.467295862849,-5082.5514312863015,-5082.465894312163,-5082.474263535025,-5088.15661325238,-5460.968307571542,-5082.465901868554,-5246.0111725446695,-5096.9065839533105,-5082.466315997841,-5082.465907334574,-5082.4908298051505,-5082.465918385531,-5083.7485028366045,-5082.465900471845,-5082.861365971874,-5082.465945942868,-5083.393317424785,-5084.56824142838,-5164.2666670213,-5082.46613754671,500,0.9986466185939805,500,0.9986287061616156,500,0.9995281488026854,500,500,0.9985618565240426,500,0.9999997125929592,500,0.9999939051823453,500,0.9999997908578216,0.9999999265119925,0.9999999996576125,0.9989756792677362,0.9976445347179848,500,500,500,500,0.9999999983925582,500,0.9999999986123522,500,0.9998331961548299,500,0.9999966485428763,500,0.9999997613971638,500,0.999530055359535,500,0.9981153506594244,500,0.9999890365356838,0.9996278650157592,0.9999974179980099,0.9904506592767999,500,500,500,0.9997721786656539,500,0.9999607207070902,500,0.9999991646547255,500,0.9989536323714971,500,0.9999999920945022,500,0.999999890472591,500,0.9999429550567763,500,0.9999278628637409,500,0.9980242266629862,0.9998095068497586,0.9985902110035748,500,500,500,0.9999213776884792,0.9999980572658235,-5082.465888686015,-5082.467389584845,500,0.9999685346406737,500,0.9999883433480729,0.998612840961172,500,0.9999970628504092,500,0.9999999976163605,500,0.9999424743911396,500,0.9989118043407056,500,0.9999964568125791,0.9999999987104178,-5082.627382215179,-5082.73446886216,-5101.656010694916,-5127.799666692421,-5082.4659947527125,-5082.55107293002,-5098.738677925698,-5082.465994386001,0.07566328532522135,0.1366741341561774,0.1335174466900835,0.011665096691742953,0.15671378757106835,0.024997411714199388,0.05793972740747355,0.04192116373339386,500,500,500,500,500,500,500,500,500,500,0.14850613623257458,0.051168444111955126,0.11998561919157007,0.0060714284806739375,0.1558434211253278,2.1626008234865211E-4,0.0011459700497247524,0.10795076343570247,0.01530858442055361,500,500,500,500,500,500,500,500,500,500,0.16217657465151014,0.1383132991282955,0.07315868061005544,0.12127138854973268,0.14641462157755428,0.15276387368093702,0.06961865727078549,0.13114468455394518,0.11947961611347424,500,500,500,500,500,500,500,500,500,500,0.1408614534604333,0.025539219914824808,0.14898042003267356,0.1536981591886836,0.02272105723090282,0.14359034646881713,0.007165570662196225,0.14400748714138425,0.02772878983378532,500,500,500,500,500,500,500,500,500,500,0.13328372321268642,0.16413268709311907,0.0047855657273690455,0.007043762440900685,0.14448456503077256,0.16309323083832641,0.011918006575586086,0.10529215489399767,0.01635707379800432,0.03640269581393769,0.0035952877346004655,0.13376154159791123,0.007247783998448389,0.008900413480750097,0.005698547310819407,0.05304666727436326,0.15445897767684252,0.0962116657317415,0.09119452152791485,0.09286701304124081,0.09772810808552213,0.023472942303374964,0.15375962365818988,0.023939768164899334,0.14129789516219363,7.039519331352392E-6,0.12077112465803033,1,500,500,500,500,500,500,500,500,500,500,0.030247941174561088,0.11906148366600154,0.00718660208630011,0.01639416288611642,0.14090099157758912,0.06128600294999015,0.1568166103319202,0.02133676102591923,500,500,500,500,500,500,500,500,500,500,0.14929458282928895,0.13523781729289408,0.05755528913060036,1.654090085741837E-4,0.16683413799306696,0.007735710992351789,0.004086695703783842,6.304212762278901E-4,0.15434177571434698,3.145226211518793E-4,0.011384437365339874,0.039204075543216574,0.0018583223547396037,0.11059747362874688,7.668878312705643E-5,0.1494459645392681,0.14498845926598442,0.14374167602521595,0.027770223668554635,0.1545266617244131,0.15054050926165397,0.03780553832599509,0.05025437632370228,0.12180805735556742,0.15712342038175545,0.03224319808452995,5.9901330884142156E-5,0.15193238086899435,0.04134021356526961,0.1600546345796901,0.16253418011002976,0.005694874999809499,0.13487414050527716,0.030435215419398476,0.01005671776168399,0.12520577287695453,0.1557924687242477,0.00415222124592582,0.006505253754664319,0.12402583624377818,0.005865973983484756,0.12646357393379593,0.0920732572584185,0.15012791681208693,0.1460386747752311,0.07635637365068801,0.0776485205766095,0.10652184605087224,0.007650408971496496,0.10955126835308863,0.9977569020919045,0.999858512249836,0.9983818494884678,0.99999998030397,0.9901717874526652,-5082.834941662342,0.9999957169270605,-5082.934027013354,0.999996687819914,-5082.543681384637,0.9999999998203312,-5082.47151438516,-5082.465890134946,0.9986716311707673,-5082.467634905413,0.9995995548908961,-5082.465905710034,0.9999999992343965,-5082.465888604059,-5094.393074554627,0.9980772169222755,0.999999733342901,0.9999999870156626,0.9995775479394066,0.9999521067282253,0.998970622474506,0.9999999431040326,0.997578906068947,0.9999999816878032,0.9999998508639821,0.999756801646617,0.9997381509205844,0.9999982786353109,0.9991089102531822,0.9996895525094845,0.9985210107018018,0.9999999564030687,0.9997705738898927,0.9997130287680404,0.9999981975407575,0.9999999871963247,0.9933764854150097,0.9999859853711854,0.9999995261480928,0.9999999194313743,0.9999997887635631,0.9999560273768864,0.9998199313887741,0.9976495636427762,0.9980144683733242,0.9996870775260073,0.9999993034427395,0.9999169404293062,-5082.471341229214,-5083.404159203665,-5082.506795437164,-5082.823962727573,1,-5082.465904916157,-5082.46607798657,-5082.46885556791,-5084.581129220638,-5088.700448436934,-5082.465893179332,0.999999890684047,-5082.483682457617,-5082.467198652792,-5091.719577945694,-5082.510833313061,-5082.465891045374,-5082.520049123219,-5082.491192613474,-5083.368721365845,-5094.351098440542,-5083.933207583597,0.9998937665751031,0.9998910810584674,0.9999740297000842,-5096.759665466185,0.999999950268041,-5082.470136018834,0.999999967654083,-5082.770074145059,0.9992222743219277,-5082.465920282357,0.9999999618029158,-5082.640692157112,0.9995123086366607,-5082.479265963006,0.99999999930541,0.9999999727789614,-5082.465889820196,0.997640960048319,-5082.467044609364,-5082.46838886142,-5082.730035002162,-5087.7120194296,0.9999999977398213,0.9999887541123161,0.9999999749442731,0.996295131539917,-5082.465888864312,0.9999998237052559,-5118.236498877441,0.9989236951920295,-5082.465947758601,0.9766911630335279,-5086.542439478486,0.999999996150223,-5086.305815366224,0.9999999870336109,-5273.267303594177,0.9996939900072792,-5082.524498712524,0.9996597245680177,-5084.346121234594,-5082.46588867285,-5082.465888658568,0.14250607401552357,0.008959549963380978,0.12628544676834194,0.05063545840338453,0.9987911196735895,0.008196073993208637,0.9999988467585257,4.21353975881433E-4,6.431927538574911E-4,0.014103202582998048,0.9999991589016324,0.9996759978080962,0.11044253852227284,0.9999998913625605,0.02341157021824436,0.9994114073717119,0.9999999999858467,0.9993912236747361,0.9998879250910245,0.999295675993716,-5083.601379062822,-5082.466042096212,0.9999999969263181,-5082.465932453543,-5093.666337496592,-5096.29938290756,-5082.619513423719,-5090.982962145868,-5082.466927112859,-5082.465920326873,-5082.507080737078,0.009922532579666899,0.01906079651120762,0.00965214879630204,0.999999917956075,0.10558606018534031,0.9999879031961496,0.09195204983873108,0.9969296805897696,0.06350233245688756,0.14858551269384782,0.9999999361896061,0.15071773758760382,0.9994557810639273,0.002830512003616283,0.9999999993395702,0.07958061248538617,0.999999967249771,0.999907971860064,0.9999351263726645,0.9996391055316836,-5082.513537362287,-5082.969121941841,-5082.471372891836,-5083.94411543483,-5082.484200318182,-5082.472796557295,-5103.030803702366,-5087.017371316654,-5082.466038161472,-5082.4664737832445,2.990285579060398E-4,0.03113978547212753,0.9999997569822183,0.1525019563112633,0.999946235013733,0.09514248877245311,0.9999999997913351,0.1212218364518233,0.9986017550578085,0.12721758339199601,0.9987938002554091,0.06245731568415285,0.9999891606284917,0.1172914889152285,0.9992069597917848,0.0025349963397979106,0.9999931359617893,0.14152141057164605,0.9972068825394722,0.9999086783287963,-5087.976513582458,-5090.436146371595,-5082.537441141327,-5085.212661804101,-5100.444252557134,-5082.465938794059,-5082.583925320698,-5091.74534074748,-5082.999004709139,-5084.919220774927,0.0049215278759799025,0.07230784054245423,0.03531672358781241,0.09735635067799811,5.880604470292392E-4,0.04030027768271791,0.15127207775068233,0.0028276634938929,0.15818771010118438,0.147963734098126,-5102.6175220054965,-5095.563846204535,-5216.647977022198,-5082.466554640738,-5082.465942043658,-5085.526040278826,-5082.4915521161765,-5084.2728286292695,-5082.46680393482,-5082.562358734507,500,500,0.9987386233335169,500,0.9983137840193984,500,500,500,0.9999999849263103,500,0.9999999032661168,500,0.9999997023384148,500,0.9997207621354147,0.9997760638703783,0.999999229100114,0.9999999999667213,0.9995829080121135,500,0.9644853784287362,500,500,-5082.46590347692,-5086.828621654183,-5085.044210764177,500,0.9999949353000861,500,0.9997485515596575,500,0.9360694802792636,500,500,0.9999989969373723,500,0.999997028825868,500,0.9965223801488692,500,0.9870593328409383,0.9990965696633176,0.9999999982127281,0.9799214707433331,0.9999999971526519,-5083.381949895387,-5082.497151689263,-5090.481026003211,-5083.844713478255,-5082.475159199444,-5119.382370028707,-5141.410196176959,-5082.520342877914,-5082.465911848329,0.9999821026378546,0.9999999994981881,0.999931259968461,0.994825062972132,0.9986900521159527,0.9999999958445907,0.9999965600708087,0.995738691998162,0.9999995068101099,0.9999885552533941,0.997503950939123,-5082.465903552976,-5082.79172382129,-5082.477609755781,-5082.712882463442,-5082.650998759762,-5082.526803616675,-5082.465897737389,-5082.466162832336,0.999777059068816,-5082.480752388014,0.9999999806342474,0.9999698355524163,0.9825253719047033,0.9999995579681437,0.9999999504925221,0.999999349905841,0.9992117024261385,0.9952492377796767,-5082.4684942835465,0.9999658690626789,0.9997297337582011,-5094.164340651176,-5082.46590902262,-5082.46588859662,-5082.4659513581755,-5082.553096759635,-5082.481830790546,-5100.4097048547665,-5133.635877658338,0.12963635936086515,0.028608258890876138,0.0029362737155527326,0.15030070801347223,0.15209998432357194,0.16843693524842918,0.11582182859859178,500,0.14004919956714557,500,0.019863867209185766,500,500,0.1511045394280787,0.1415330007458478,0.006786630205520883,500,0.09166402223083463,0.0019334528749594337,0.08189627815647404,500,0.14231991411656186,0.01771756500165827,500,500,500,500,1325860,0.16519916309573965,0.11433865045505237,0.12801523804800263,0.140054024085833,0.0016007500363442457,0.00848344838841125,0.14641145737003655,0.04556079056886847,7.543648270898407E-4,500,500,500,500,500,500,500,500,500,500,0.1354236463903886,0.06447300115287993,0.12372015777927031,0.06162958421677954,0.06610787386311263,0.02701339428883277,0.009694461568606401,5.551749224958964E-4,0.15547232409899386,500,500,500,500,500,500,500,500,500,500,0.11833284121367843,0.02124879070111606,0.06372366112492686,0.030574050142517004,0.06584529083863255,0.12628061413838584,0.01778868651752104,0.008871108056569505,0.10329802043531726,500,500,500,500,500,500,500,500,500,500,0.13784106783115374,0.09464607873427172,0.003841584398835292,0.007662751733862933,0.0020110616747178304,0.007381055521779942,3.4182913477803706E-5,0.1290682036137284,0.0049971877092392205,0.0937877010633944,0.022903104384234405,0.12681311875063564,0.010532599067127021,0.14312520031051937,500,0.16030400294101235,0.09628344908911611,0.10614880221210711,0.16244318542023128,0.07825745820948778,500,500,500,500,500,500,500,500,0.14171208122900275,0.008942145478436503,0.07701150790801592,0.1316026169314279,500,0.15308278861637398,0.0031170787847415215,0.1591198097713498,3.7817884380282856E-4,0.006784641198591738,0.09690553932373633,0.002478792926281036,500,0.003316432293992626,500,0.07319199616207837,0.04897782511713075,1.6364054006098844E-4,0.1057855388262968,0.12669180302737684,500,500,500,500,500,500,500,500,0.1702686402580426,500,0.019375540530330766,0.013567660312190819,500,0.11323365093987656,500,0.01652387483371774,0.002135096320356429,8.397111394680725E-4,0.09339459720890517,0.0038477567315349875,500,500,0.017865424623479727,500,500,500,500,500,500,0.019423508462051025,500,0.00407325893436654,500,0.04759727790762776,500,0.11067081743230482,0.15862809367228695,0.13798866610732924,0.010371146452245461,0.11846167270833806,500,500,0.1446453722707089,0.06680456939496393,500,500,500,500,0.0019480809686980552,0.0764491798514766,0.14924352363966442,0.029312727248050646,0.14248478324022015,6.275288481323018E-6,0.007236569345338927,0.15045695130611803,0.12483168429592958,0.0945369564774395,0.14281822192881172,0.05228913412343006,0.1579102611261329,0.15373337845114726,0.05202725730865718,0.031234917387562424,0.009295512420742466,0.12087699344655443,0.09800089053965529,0.05565160958037461,500,500,500,500,500,500,500,500,500,500,0.11105124925267575,0.1330376284616779,0.022779438974162843,0.027200223334599788,0.13915943446646722,0.0815489950865894,0.00816943073727324,0.05035219174315713,0.029071834116175862,500,0.03490285139128396,500,500,500,500,500,500,500,500,500,0.025625100317733334,0.005647140837261322,0.028290093632080935,0.011636599280751631,0.07789670436595299,0.028264177991096127,4.286620109381402E-4,0.12259425568891857,0.023331752542084597,0.13601598681111912,0.130605580519396,0.05678071609484517,0.025124910159760903,0.1499940830620147,0.024961532256759896,0.134887761876352,0.15591457298304207,0.11803061607071946,0.027560376741587848,0.14168552003265833,0.0067739602769649266,0.08119031125459504,0.13744721426392775,2.4001455702005417E-4,0.07300406983194609,0.010043100859446178,0.12592381726041177,0.11071308493795333,0.03375912468634179,0.12506321966047637,0.040924108653111364,0.09615762012711193,0.13354655411447083,0.024425585360859127,0.14821238723559862,0.07193319990327468,0.1378837320283904,0.1373196354533513,0.1521722874872873,0.16047600252837216,0.9981542879164955,0.9975001704614805,0.9999319853465625,0.9999989758664447,0.9995279623271776,0.999990876706239,0.9998729636215387,0.9995970257801624,0.9990448702706344,0.9999999996805586,0.999997906813989,random_mc2_n5_mid3_d1000_05_mr098_r10_56_uai,0.9999262799496007,0.9996779783410406,0.9999924163281886,0.9999844366868734,0.9999416682895853,0.9989981508846223,0.9999998853363844,0.9998223063592111,0.9999998295530713,0.9993083350391272,0.9999989963543593,0.9999999999874142,0.99938096471022,0.998042936442126,0.9992693829762149,0.9961214174372612,0.9999998176990239,0.9999930278700947,0.9999999360494124,0.9973370073937535,0.999759642958391,0.9999998189765783,0.9998762061429511,0.9999740606091777,0.9995875800961171,0.9999997832933955,0.9993285474889556,0.9965130634105841,0.9999993264008251,0.9703515079979027,0.9979605643929893,0.9999999973096235,0.9975581894784236,-5082.476203628685,-5082.48988947197,-5083.847501274404,-5088.916677508996,-5082.465939861011,-5082.521173133362,-5082.476612162429,-5082.469623868527,-5082.468287380283,-5086.216884933989,-5082.477906716439,-5098.21558916801,-5085.362390338982,-5090.019545256624,-5082.586035771174,-5082.46984504858,-5082.72746848611,-5083.582239062502,-5135.284625080602,-5082.466053918255,-5097.171888631556,-5181.135970141063,-5082.484730174901,-5082.515069938051,-5082.465989170466,-5082.466619089413,-5082.465890717796,-5082.475612822691,-5082.565172690226,-5083.184453649697,0.9999079170467563,0.9999726648642464,-5087.750808415118,-5082.465935454702,-5082.4886610814065,-5083.183195683141,-5082.767551436167,-5084.555747455906,-5082.469406747841,-5133.70803881258,-5096.664017514198,-5082.471708227999,-5082.851397224807,-5082.466083388435,-5100.618005940248,-5082.489726761895,-5082.498188207065,-5082.468058952171,-5083.26324930591,-5082.531464477022,-5082.469718039374,-5082.6899235158435,-5082.465961426207,-5082.467486152036,-5082.465888787427,-5090.353338926869,-5102.970613661317,-5084.327228698727,-5082.623057037277,-5082.837564825897,-5084.164098706819,-5083.921901584165,-5082.4698088749155,-5082.492907254304,-5083.466536108526,-5082.465889237379,-5082.774983794279,-5088.7539362255575,-5082.47835745834,-5082.465919286855,-5082.465912095322,-5094.863133996598,0.9904908946541556,-5082.748865604446,-5082.467837116692,-5100.362713738854,0.9999999998325949,0.9999972881550628,0.9997682916724954,0.9999999807094923,0.9992363858227569,0.999632681266858,0.9998640598157602,0.9999219691897743,0.9977964200380423,0.9999445720100419,-5083.115871306902,-5088.748842685296,-5084.612336105303,-5082.496336927319,-5082.747615079808,-5094.259360688084,-5093.690242346495,-5082.46589121183,-5082.516819151569,0.9999999463481222,-5082.465905375979,-5082.704238164647,-5082.687183230284,-5089.7331802276185,-5082.466809061827,-5082.4867136464345,-5082.4890771264,-5084.36327903816,-5082.466135950597,-5082.465892050597,-5090.7673559547375,-5104.139710830638,-5082.568877650376,-5083.869712483138,-5082.466213487873,-5082.4941335661515,-5084.277090837235,-5082.465895312317,0.006238948891005532,0.003137440926501143,0.013393711262534367,0.09568297153794257,0.15235260253270153,0.04291748725077942,0.10211407658989169,0.1498473328012399,-5082.465888890181,-5112.395267204607,-5082.613057361799,-5082.469835582435,-5082.829961789363,-5082.465889161003,-5082.679772586203,-5086.136587054513,-5089.763112084406,-5082.465897154009,-5082.564366079355,-5085.065005621882,-5082.478286632657,-5082.495115421016,-5086.765998059307,-5094.2829264261745,-5217.687454438135,-5082.692526104619,-5082.481161325987,-5082.482619046356,-5082.46598663939,-5131.259576465525,-5082.479671492806,-5083.643811201166,500,500,500,500,500,500,500,500,500,500,-5082.862508475844,-5082.465889446872,-5084.333459521264,-5083.156893880715,-5082.4661612798955,-5086.349897488182,0.010193070309236241,0.061381626569818167,0.04954106713531597,0.011775367661540402,0.011312442571507212,0.007662731455517221,0.08760553828764384,0.07541351222423366,500,0.07944589950794738,500,500,500,500,500,500,500,500,500,0.015088525365832425,500,500,500,500,500,500,500,500,500,500,0.980955898066822,0.999980465750893,0.999858638800105,0.99999985627188,0.9999962928410294,0.9999903234242626,0.9971148706857789,0.9999999995825343,0.999998086714548,0.9999999802114907,0.9999992650674254,0.9969107425340282,0.9897145454749293,0.9999999674720476,0.9997804008248586,0.9999992215492349,0.9994304237297928,0.9985159867082195,0.9999976353816743,0.9999485355270982,0.999976361014986,500,500,500,500,500,500,500,500,500,500,500,500,500,500,500,500,500,500,500,500,500,500,500,500,500,500,500,500,500,500,0.014962452653454158,0.1503476910731256,0.0029376917307765986,0.043856352242830896,0.0011049539096754893,0.14656029758511055,0.12254706207956352,0.1367967488347644,0.11383020812737595,0.10529427126597482,500,500,500,500,500,500,500,500,500,500,0.0017282726902960717,0.004485398508370687,0.9999999959809709,0.15534963465748447,0.9999970754848474,0.10886139857652559,0.14815347629761422,0.0558170877212916,0.9999968633051655,0.09245392843288157,0.9999999999998861,0.021955788198735875,0.9999999876512434,0.006333700843494994,0.9977035581750315,500,0.15736652841693594,0.9999999697980922,0.14444160171208867,0.9999999937568035,500,0.9999918953106446,500,0.998327027685389,0.9997766366042278,500,500,500,500,500,500,500,0.022396723579128246,0.0022334692052165886,0.028618304391969013,0.9999358944369641,0.15310098874154024,0.9999892859687323,0.12803777431260174,0.999999995424999,0.15943393894458568,0.16452206460191993,0.999988014815664,0.15795505213479694,0.9999976938098623,0.004132983921356321,0.9999514051111851,0.014643905630037308,0.9999999970571499,500,0.0011059931442418199,0.9999994873185131,500,0.9964818872802226,500,0.9900324077745775,500,0.9999828416620675,500,500,500,500,500,500,0.021756040488627133,0.10035538600206224,0.047310090790323965,0.15536930869923163,0.9999938488714724,0.11548766853161899,0.9991423471513134,0.0656813961834408,0.9994929597342186,0.08013547611784712,0.9999999970721144,0.07067852372961571,0.9927888798366006,0.12163498497703053,0.9984254656158765,0.0036532399972285592,0.9997287830451316,0.9998197929432855,500,500,0.9999999982013952,500,0.9999999460426718,500,0.9999635799971774,500,500,500,500,500,500,0.07170404145077752,0.03185450110694815,0.1522903472445138,0.035677938505969446,0.09124278978983162,0.005314008384065737,0.02484562534326026,0.018880072290308046,0.14617295140577097,0.02053650189367631,500,500,500,0.9885353812802665,500,0.9999981759668051,500,500,500,500,500,500,0.06047480804171579,0.08251839142053485,0.071497467264274,0.09371153881802734,0.11136663126042055,0.005664182490628971,0.03570931030546171,0.1356628017750259,4.273223845588451E-4,0.12125694758758332,0.9996446020711056,0.9993982625084311,0.9999952777326762,-5083.830221341903,0.9999995280277012,-5082.469778941477,0.999262517422515,-5085.150869341191,0.9999978900903622,-5082.842048637101,0.9999891226154427,-5083.230371272697,0.9997282348304082,-5094.959953206557,0.9987323846465271,0.9999979704710401,-5082.465888789243,0.9999999899133667,-5120.650821771122,-5084.214692181902,-5082.471118838255,0.1465219444829096,0.10365693941057208,0.17837680710047338,0.13901908467781396,0.027257926204331987,0.10530911979659488,0.10412822313307205,0.05573925274281373,0.049304763265874296,0.01209822725937616,0.998177549832043,0.996475137640789,0.9999999901232947,0.9974295371417531,0.9999998199026549,0.9999810193891079,0.9999949506025003,0.9999999894839203,0.9742781017586025,0.9999998689524685,0.9960507262551916,0.11050652156487992,6.165610655385581E-4,0.011599479095648766,0.13179699078008003,0.10288329807250245,0.1241076051782975,6.506018215158405E-4,0.10005232245663252,0.1011894202610522,0.14323004043705545,0.9991052747831615,0.9999963970921659,0.9999986408267136,0.9997092362140053,0.9984342681950279,0.9998951178010062,0.9995175277969288,0.9999767762369708,0.9999859218852561,0.9994598508674589,0.9989169319135602,0.006281475169847954,0.046816454229749734,0.12857814140523008,0.005918633305609842,0.0022385324114712344,0.131106428836197,0.10261171291155882,0.14502180941982337,0.02539831779503857,0.9978011027502727,0.05074533567203575,0.9999997956667831,0.9972855805218357,0.9999697744780478,0.9999999913708223,0.9999009961827964,0.9999999705722715,0.9999998848615713,0.9959700585990182,0.9999989209391669,0.9999906249602888,500,0.005709787968983644,500,500,500,500,500,500,500,500,500,-5082.465892487195,-5132.913251014038,-5089.226258122244,-5084.501952535162,0.101690066352482,0.005771403620213016,0.0027501644690983346,0.005109425257046755,-5082.523046079368,0.013104302503362579,-5082.466015940922,0.009935150984633902,-5082.465889509202,0.13629143033014132,-5082.465900083322,0.007067591219684992,-5082.487657261391,0.024251426042313128,-5082.482722694103,500,500,500,500,500,500,500,500,500,500,-5084.1959155574905,-5101.365777769446,-5082.465954497273,-5084.021650024157,-5082.465908162401,-5083.019525702571,-5203.759469687728,-5083.005873718777,-5082.466784608223,-5087.942065103387,-5082.465888596041,-5082.466026946044,-5082.597885187471,-5084.945772732452,-5082.465892126271,-5094.483979837678,-5082.466082731426,-5086.421729384489,-5082.466444190704,-5082.466141357038,-5082.466052993066,-5082.468296933337,-5082.466298083366,500,0.9981218243431229,500,0.999694691742718,500,0.9999813584449602,500,0.9999985117342561,500,0.9997705208392289,0.99995748923275,500,0.9999996637499495,500,0.9999634645219904,0.9999951431049239,0.9973381234696796,0.9999999990436156,500,500,500,-5094.44004569915,-5082.537118467193,-5082.689387780894,-5083.38124599734,-5082.465893456832,-5082.466962198252,-5082.490573719482,-5096.030893629582,0.9983578412253018,-5082.474637388415,500,0.9995345336300189,500,0.9999975769330032,500,0.9933009151179593,500,0.9999776977541437,500,0.9964650014841321,500,0.9999860684127607,500,0.9999773988226381,500,0.9999901583768542,-5092.577362009605,0.9997742928306158,0.9999999999600633,500,500,-5082.466110175967,-5083.7970761803745,-5084.044217364993,-5089.993935154028,-5082.888071097112,-5086.998861123261,-5084.05680422914,-5082.469428827024,500,0.9970798764274603,0.9982976776539015,500,0.9995804420951148,500,0.9999999992604427,500,0.9999906187397322,500,0.9997059281221448,500,0.9999998157793811,500,0.9999941025447874,500,0.9999999947827174,500,0.9998705612146962,-5116.354134830063,-5083.632206558408,0.9999947076061283,500,-5082.709316174672,-5092.257194557156,-5082.465954588495,-5084.613894212974,-5082.465953670286,-5082.467243872012,-5083.924828767343,-5082.4750495501685,500,500,500,500,500,500,500,500,500,500,-5083.702236609075,-5087.703055778047,-5082.466646574876,-5082.465988700444,-5083.185097019085,-5090.703412927729,-5082.465981667157,-5093.891987056271,-5082.466177767871,-5094.800880086743,0.13522277003439767,0.004856074629561294,0.12161837801654306,0.15348263802570303,0.16080955707999828,0.09251552543099505,0.15073304260044545,0.1598947822081094,500,8.711306586615232E-4,500,500,500,500,500,500,500,500,500,0.15867676545247014,0.02296477134586445,0.10591948537359365,0.03546388238029321,-5091.132637451726,0.11670449015794887,6.854560662499336E-4,-5083.96093853618,0.10558056458873087,-5097.350782774325,0.15332994407295575,-5082.465892354816,0.1442916564409061,-5082.5135689786475,500,500,500,500,500,500,500,500,500,500,-5083.123841971695,-5084.5991723719835,-5082.495862387759,-5082.465915112702,-5082.466824891225,0.0071384486576788935,0.012189767616380666,0.09060036074487439,0.15256361326422369,0.07074601464120771,0.018538982300731224,0.02696134111188146,-5082.57924152787,0.05614033411461233,-5090.825832908011,0.003763788162185117,-5082.478203781238,-5116.743386864266,500,500,500,500,500,500,500,500,500,500,-5082.515908802248,-5084.832707218231,-5082.536696399424,-5082.5807609052745,-5082.492787149721,0.058509625628960255,-5100.496134862971,0.15289574519998317,0.14745270419416093,0.13740367350135985,0.1152388467102354,0.1477239545265817,0.02641913056249945,0.15501149063902286,-5082.473452667175,0.08934170522951862,-5084.018081296432,-5082.560635429869,500,500,500,500,500,500,500,500,500,500,-5082.651585701282,-5092.029614662398,-5082.681957305733,-5082.467597576027,0.02122961625669856,-5082.465888799019,0.0023895971707647346,-5083.632476310373,0.02767638931587277,0.11157999449489664,-5083.613296563452,0.14089146655442455,0.059451528344821876,0.1000409518373226,0.0787682617976874,0.16409756276360352,0.06154102580885289,0.04537526210906582,8.677769172741427E-4,0.13666823137123577,9.092303746178217E-4,0.04200240048470168,0.07996506336620106,0.15962945842689338,0.09258937195390693,0.11722343091795562,0.13947907445722424,0.0071690015635179904,0.00912589266443437,0.0020878127471800393,0.003461160429207479,0.13834604512025564,0.08422069473875039,7.69071595651623E-4,0.032017250671000405,0.12381907832583267,0.15981732061563547,0.009510025243051945,0.08307125700843969,0.07122702359549671,0.05066330219065195,0.05909049967155356,0.026870524440965004,0.0036319151564847348,0.14522142936930515,0.01014647253926129,0.13814114564613747,0.07925628955903267,0.1412886931379738,0.006369704181103431,0.11761111772250203,0.9999975606316611,0.9999806244493484,0.9994888724091104,0.9976803334245858,0.012425869717975714,0.009893202970658726,0.034699858147057776,0.1340494542407494,0.16674862674977772,0.025357701815560813,0.157093984335688,0.03082867545596589,0.006629517561476331,0.13764098949631653,0.14688191848364196,0.11508812465493844,0.023820841447481814,0.14151659577843062,0.023663108778407542,0.039994914060137915,0.11773776191925933,0.014167906692869324,/mnt/beegfs/rcabanas/dev/credici/papers/journalEM/models/synthetic/s12/random_mc2_n5_mid3_d1000_05_mr098_r10_56.uai,0.1475640207642185,0.13626165248606073,0.0010786094189076812,0.0669716199094224,0.0027078754429427404,0.15309190605330386,0.11357732331063322,0.04961016058163438,0.00663629475344151,0.14963147101793323,0.07858862183758619,4.5222351708210616E-4,0.9999992234117423,0.999278293377371,0.999928371951047,0.9999999998888409,0.9999710446646053,0.9999999907803296,0.9972142309421679,0.9999988549602846,0.9999993077869205,0.9999955194222979,0.998961246331024,0.9957536777081931,0.9999999513317847,0.9999944426949902,0.9999797368108896,0.9997238670606272,0.9983693092262435,0.9941457228863818,0.9985662940833062,0.9999999983161779,0.9999579190506324,0.9999999999421266,0.9999531057568104,0.9999999994853306,0.9999899792647344,0.9999959025863583,0.9999564610950339,0.9985721664821627,0.9999999966984654,0.9999999993202991,0.9996437640575377,0.9999999986785398,0.9999999360759487,0.998765324388472,0.9999996166191873,/mnt/beegfs/rcabanas/dev/credici/papers/journalEM/models/synthetic/s12/random_mc2_n5_mid3_d1000_05_mr098_r10_56_info.csv,0.9964910681558776,0.9999443259905443,0.9976849486339364,0.9995778542458348,0.9999940091779198,0.99987212907844,0.9999954375641527,0.9996268184750015,0.9999998188938914,0.9999999939614326,0.9999992345561106,0.9996560327028379,0.999998970925345,0.9925429531315176,0.9975477599970825,0.9994719958533901,0.9999259941510164,0.9997316329054156,0.9999999999619865,0.9998496069190616,0.9740840042599569,0.9999942495124323,0.9991546476749854,0.9999969950247801,0.9999967082129799,0.999955409951042,0.9999268762329868,0.999633906312682,0.9999946839752154,0.9999999953764017,0.9975667166959141,0.99999754669643,0.9987643246837395,0.9998031564670726,0.9999999998738138,0.9999992286665693,0.9999391877076551,0.9999870977914371,0.9999936449340799,0.9999995729720078,0.9999996856731501,0.9996659804684099,0.9997136043754585,0.9999690772973968,0.995981806163966,0.9999999999623439,0.998450510248373,0.999999985670309,0.9900184915407868,0.9999406498847186,0.999588979064511,0.9998588862412612,0.9999999616736461,0.9999992465388787,0.999955921977698,0.9998431399928033,0.9964411925529286,0.9999953097463771,0.9999241550463235
