CAUSAL 
50 
2 2 2 2 2 2 2 2 2 2 2 2 2 2 2 2 2 2 2 2 2 2 2 2 2 3 5 5 5 5 5 5 5 5 5 5 5 5 5 5 5 5 5 5 5 5 5 5 5 5 
50 
2	25 0 
3	26 0 1 
3	27 1 2 
3	28 2 3 
3	29 3 4 
3	30 4 5 
3	31 5 6 
3	32 6 7 
3	33 7 8 
3	34 8 9 
3	35 9 10 
3	36 10 11 
3	37 11 12 
3	38 12 13 
3	39 13 14 
3	40 14 15 
3	41 15 16 
3	42 16 17 
3	43 17 18 
3	44 18 19 
3	45 19 20 
3	46 20 21 
3	47 21 22 
3	48 22 23 
3	49 23 24 
1	25 
1	26 
1	27 
1	28 
1	29 
1	30 
1	31 
1	32 
1	33 
1	34 
1	35 
1	36 
1	37 
1	38 
1	39 
1	40 
1	41 
1	42 
1	43 
1	44 
1	45 
1	46 
1	47 
1	48 
1	49 

3	0 0 1 
10	0 1 1 1 0 1 0 1 0 0 
10	0 0 1 1 1 0 0 0 0 0 
10	1 1 1 1 0 1 0 1 1 0 
10	0 0 1 0 1 0 0 1 1 1 
10	0 0 1 0 1 1 0 1 1 1 
10	1 0 0 0 1 0 0 1 1 1 
10	0 0 0 1 1 0 1 0 1 1 
10	1 0 0 0 1 1 1 0 0 0 
10	1 0 0 0 0 0 1 1 0 1 
10	1 0 1 1 1 1 1 1 0 0 
10	1 1 1 1 1 1 0 0 0 1 
10	0 1 0 1 1 1 1 1 1 0 
10	0 0 1 1 0 0 0 0 1 0 
10	1 0 1 1 1 1 0 1 0 0 
10	0 1 1 0 1 1 0 0 1 1 
10	1 1 1 1 0 1 0 0 1 0 
10	0 0 1 0 1 0 0 1 1 0 
10	1 1 0 0 1 1 1 0 0 0 
10	0 1 1 0 1 0 1 1 1 1 
10	0 1 1 1 0 1 1 0 1 0 
10	0 0 0 1 0 1 0 0 1 1 
10	1 1 1 0 1 1 1 1 0 0 
10	1 1 1 1 1 1 0 1 1 0 
10	0 0 1 0 1 1 1 1 1 1 
3	0.387 0.051 0.562 
5	0.337 0.186 0.215 0.165 0.097 
5	0.372 0.013 0.02 0.004 0.591 
5	0.63 0.093 0.021 0.004 0.252 
5	0.604 0.132 0.168 0.065 0.031 
5	0.075 0.147 0.031 0.022 0.725 
5	0.895 0.01 0.031 0.056 0.008 
5	0.001 0.001 0.993 0.002 0.003 
5	0.012 0.917 0.001 0.068 0.002 
5	0.003 0.104 0.767 0.007 0.119 
5	0.024 0.041 0.878 0.009 0.048 
5	0.273 0.178 0.303 0.08 0.166 
5	0.001 0.685 0.031 0.265 0.018 
5	0.122 0.065 0.062 0.733 0.018 
5	0.023 0.063 0.066 0.028 0.82 
5	0.442 0.213 0.086 0.052 0.207 
5	0.247 0.002 0.006 0.374 0.371 
5	0.037 0.072 0.159 0.701 0.031 
5	0.139 0.201 0.179 0.109 0.372 
5	0.005 0.1 0.378 0.005 0.512 
5	0.912 0.024 0.047 0.012 0.005 
5	0.654 0.103 0.028 0.083 0.132 
5	0.469 0.071 0.187 0.248 0.025 
5	0.001 0.565 0.014 0.074 0.346 
5	0.006 0.189 0.039 0.507 0.259 
