CAUSAL 
50 
2 2 2 2 2 2 2 2 2 2 2 2 2 2 2 2 2 2 2 2 2 2 2 2 2 3 5 5 5 5 5 5 5 5 5 5 5 5 5 5 5 5 5 5 5 5 5 5 5 5 
50 
2	25 0 
3	26 0 1 
3	27 1 2 
3	28 2 3 
3	29 3 4 
3	30 4 5 
3	31 5 6 
3	32 6 7 
3	33 7 8 
3	34 8 9 
3	35 9 10 
3	36 10 11 
3	37 11 12 
3	38 12 13 
3	39 13 14 
3	40 14 15 
3	41 15 16 
3	42 16 17 
3	43 17 18 
3	44 18 19 
3	45 19 20 
3	46 20 21 
3	47 21 22 
3	48 22 23 
3	49 23 24 
1	25 
1	26 
1	27 
1	28 
1	29 
1	30 
1	31 
1	32 
1	33 
1	34 
1	35 
1	36 
1	37 
1	38 
1	39 
1	40 
1	41 
1	42 
1	43 
1	44 
1	45 
1	46 
1	47 
1	48 
1	49 

3	0 0 1 
10	1 1 0 1 1 1 1 1 1 0 
10	1 1 1 1 0 0 0 1 0 0 
10	0 1 1 0 1 0 0 1 1 1 
10	1 0 0 0 0 0 0 1 1 0 
10	0 1 0 1 1 0 0 0 0 1 
10	1 0 0 0 0 0 0 1 0 0 
10	0 0 0 1 1 1 1 0 0 0 
10	0 0 0 1 1 1 0 0 0 0 
10	1 0 1 0 0 1 0 0 0 1 
10	0 1 1 0 1 1 1 1 1 0 
10	0 1 1 0 1 0 0 0 1 1 
10	0 0 0 0 0 1 1 0 1 1 
10	1 1 0 0 0 1 0 1 0 0 
10	1 0 0 0 1 0 1 0 0 1 
10	0 0 0 1 0 0 0 1 1 0 
10	0 0 1 1 1 0 0 1 0 1 
10	1 1 0 1 0 0 1 1 0 1 
10	0 1 1 1 1 0 0 1 0 0 
10	1 0 0 0 1 1 0 0 0 1 
10	1 1 0 0 1 1 0 1 0 1 
10	1 0 0 1 0 1 1 1 0 0 
10	0 0 1 1 0 0 1 1 0 1 
10	1 1 1 1 0 0 1 1 0 1 
10	0 0 1 1 1 0 0 1 0 1 
3	0.101 0.329 0.57 
5	0.327 0.016 0.494 0.068 0.095 
5	0.362 0.005 0.243 0.22 0.17 
5	0.315 0.022 0.565 0.037 0.061 
5	0.028 0.344 0.13 0.102 0.396 
5	0.187 0.003 0.769 0.014 0.027 
5	0.182 0.096 0.019 0.061 0.642 
5	0.026 0.003 0.003 0.031 0.937 
5	0.186 0.363 0.434 0.012 0.005 
5	0.135 0.025 0.035 0.596 0.209 
5	0.128 0.088 0.618 0.119 0.047 
5	0.022 0.374 0.064 0.028 0.512 
5	0.316 0.402 0.239 0.016 0.027 
5	0.864 0.073 0.009 0.051 0.003 
5	0.034 0.034 0.07 0.379 0.483 
5	0.069 0.002 0.917 0.011 0.001 
5	0.002 0.007 0.056 0.006 0.929 
5	0.062 0.536 0.039 0.34 0.023 
5	0.001 0.785 0.188 0.008 0.018 
5	0.228 0.196 0.167 0.191 0.218 
5	0.393 0.301 0.033 0.183 0.09 
5	0.01 0.213 0.415 0.11 0.252 
5	0.016 0.017 0.004 0.953 0.01 
5	0.046 0.027 0.924 0.002 0.001 
5	0.082 0.023 0.215 0.078 0.602 
