CAUSAL 
50 
2 2 2 2 2 2 2 2 2 2 2 2 2 2 2 2 2 2 2 2 2 2 2 2 2 3 5 5 5 5 5 5 5 5 5 5 5 5 5 5 5 5 5 5 5 5 5 5 5 5 
50 
2	25 0 
3	26 0 1 
3	27 1 2 
3	28 2 3 
3	29 3 4 
3	30 4 5 
3	31 5 6 
3	32 6 7 
3	33 7 8 
3	34 8 9 
3	35 9 10 
3	36 10 11 
3	37 11 12 
3	38 12 13 
3	39 13 14 
3	40 14 15 
3	41 15 16 
3	42 16 17 
3	43 17 18 
3	44 18 19 
3	45 19 20 
3	46 20 21 
3	47 21 22 
3	48 22 23 
3	49 23 24 
1	25 
1	26 
1	27 
1	28 
1	29 
1	30 
1	31 
1	32 
1	33 
1	34 
1	35 
1	36 
1	37 
1	38 
1	39 
1	40 
1	41 
1	42 
1	43 
1	44 
1	45 
1	46 
1	47 
1	48 
1	49 

3	1 0 0 
10	1 0 1 0 1 1 0 0 1 0 
10	0 1 1 0 1 1 0 1 1 0 
10	0 0 1 1 1 1 1 1 1 0 
10	0 1 1 0 0 1 0 0 1 0 
10	0 1 1 0 0 1 1 1 0 0 
10	1 1 0 1 1 1 0 0 1 0 
10	1 0 1 1 0 1 0 0 0 1 
10	1 0 1 1 1 1 0 1 0 1 
10	1 1 0 0 0 1 1 1 0 1 
10	1 0 1 1 0 0 1 1 1 1 
10	1 1 0 1 0 0 1 1 0 0 
10	0 0 0 0 1 1 1 1 1 0 
10	1 1 0 1 1 0 1 1 1 0 
10	1 0 1 1 0 0 0 0 0 1 
10	0 0 0 1 0 1 1 1 1 1 
10	1 1 1 1 0 1 1 0 0 0 
10	1 1 0 1 1 1 0 0 0 1 
10	0 1 0 1 1 1 0 1 1 0 
10	0 1 0 0 0 1 0 1 0 1 
10	1 1 0 1 0 0 0 0 0 1 
10	1 1 1 0 1 0 1 1 0 0 
10	1 1 1 1 0 1 0 0 0 1 
10	0 1 1 1 0 0 1 1 0 1 
10	1 0 0 1 0 0 0 1 1 0 
3	0.404 0.383 0.213 
5	0.1 0.524 0.17 0.012 0.194 
5	0.319 0.003 0.548 0.011 0.119 
5	0.024 0.009 0.847 0.004 0.116 
5	0.04 0.089 0.031 0.167 0.673 
5	0.001 0.711 0.019 0.181 0.088 
5	0.074 0.001 0.017 0.053 0.855 
5	0.026 0.061 0.024 0.773 0.116 
5	0.392 0.355 0.045 0.028 0.18 
5	0.164 0.001 0.379 0.452 0.004 
5	0.204 0.103 0.019 0.111 0.563 
5	0.262 0.003 0.732 0.002 0.001 
5	0.002 0.047 0.188 0.38 0.383 
5	0.014 0.013 0.005 0.035 0.933 
5	0.467 0.179 0.015 0.332 0.007 
5	0.85 0.053 0.007 0.002 0.088 
5	0.206 0.033 0.481 0.275 0.005 
5	0.464 0.111 0.339 0.063 0.023 
5	0.292 0.225 0.107 0.261 0.115 
5	0.046 0.703 0.073 0.145 0.033 
5	0.002 0.904 0.024 0.069 0.001 
5	0.021 0.007 0.347 0.597 0.028 
5	0.273 0.054 0.593 0.048 0.032 
5	0.129 0.491 0.064 0.307 0.009 
5	0.001 0.002 0.235 0.751 0.011 
