CAUSAL 
50 
2 2 2 2 2 2 2 2 2 2 2 2 2 2 2 2 2 2 2 2 2 2 2 2 2 3 5 5 5 5 5 5 5 5 5 5 5 5 5 5 5 5 5 5 5 5 5 5 5 5 
50 
2	25 0 
3	26 0 1 
3	27 1 2 
3	28 2 3 
3	29 3 4 
3	30 4 5 
3	31 5 6 
3	32 6 7 
3	33 7 8 
3	34 8 9 
3	35 9 10 
3	36 10 11 
3	37 11 12 
3	38 12 13 
3	39 13 14 
3	40 14 15 
3	41 15 16 
3	42 16 17 
3	43 17 18 
3	44 18 19 
3	45 19 20 
3	46 20 21 
3	47 21 22 
3	48 22 23 
3	49 23 24 
1	25 
1	26 
1	27 
1	28 
1	29 
1	30 
1	31 
1	32 
1	33 
1	34 
1	35 
1	36 
1	37 
1	38 
1	39 
1	40 
1	41 
1	42 
1	43 
1	44 
1	45 
1	46 
1	47 
1	48 
1	49 

3	1 1 0 
10	1 1 1 0 0 0 0 1 1 0 
10	0 0 1 1 1 1 1 0 0 1 
10	0 1 1 1 0 0 1 1 1 1 
10	0 0 0 1 0 1 1 1 1 1 
10	1 0 1 1 0 1 0 0 0 1 
10	1 0 0 0 0 1 1 1 1 1 
10	0 1 1 0 1 1 0 0 1 0 
10	0 0 0 1 0 1 0 1 1 0 
10	0 0 0 0 1 0 1 1 0 0 
10	0 0 0 1 0 1 0 1 1 0 
10	0 1 1 0 1 1 0 0 0 1 
10	0 1 0 0 0 0 0 0 1 1 
10	1 1 1 0 0 1 0 0 1 0 
10	0 0 0 1 0 1 0 0 1 1 
10	0 0 1 0 0 1 1 0 1 1 
10	0 0 0 1 0 0 0 1 1 1 
10	1 1 0 1 1 1 1 0 0 1 
10	0 1 1 1 0 1 1 1 0 0 
10	1 1 1 0 0 1 1 0 0 0 
10	0 1 1 1 1 0 1 1 0 1 
10	0 0 0 1 1 0 1 0 1 0 
10	1 1 0 0 1 0 0 0 1 0 
10	1 1 1 1 0 0 1 0 0 0 
10	1 1 1 0 1 1 1 0 0 1 
3	0.254 0.586 0.16 
5	0.028 0.009 0.053 0.007 0.903 
5	0.246 0.567 0.005 0.179 0.003 
5	0.06 0.617 0.065 0.009 0.249 
5	0.508 0.185 0.103 0.1 0.104 
5	0.039 0.156 0.359 0.028 0.418 
5	0.443 0.012 0.111 0.005 0.429 
5	0.002 0.603 0.012 0.172 0.211 
5	0.375 0.086 0.001 0.032 0.506 
5	0.993 0.001 0.003 0.001 0.002 
5	0.05 0.314 0.123 0.208 0.305 
5	0.305 0.098 0.194 0.033 0.37 
5	0.113 0.295 0.11 0.159 0.323 
5	0.014 0.329 0.124 0.299 0.234 
5	0.002 0.001 0.312 0.028 0.657 
5	0.048 0.009 0.909 0.03 0.004 
5	0.021 0.02 0.005 0.471 0.483 
5	0.037 0.038 0.446 0.347 0.132 
5	0.001 0.957 0.001 0.004 0.037 
5	0.015 0.062 0.417 0.014 0.492 
5	0.311 0.077 0.003 0.023 0.586 
5	0.002 0.001 0.319 0.419 0.259 
5	0.055 0.508 0.217 0.149 0.071 
5	0.018 0.044 0.407 0.504 0.027 
5	0.644 0.01 0.145 0.13 0.071 
