CAUSAL 
50 
2 2 2 2 2 2 2 2 2 2 2 2 2 2 2 2 2 2 2 2 2 2 2 2 2 3 5 5 5 5 5 5 5 5 5 5 5 5 5 5 5 5 5 5 5 5 5 5 5 5 
50 
2	25 0 
3	26 0 1 
3	27 1 2 
3	28 2 3 
3	29 3 4 
3	30 4 5 
3	31 5 6 
3	32 6 7 
3	33 7 8 
3	34 8 9 
3	35 9 10 
3	36 10 11 
3	37 11 12 
3	38 12 13 
3	39 13 14 
3	40 14 15 
3	41 15 16 
3	42 16 17 
3	43 17 18 
3	44 18 19 
3	45 19 20 
3	46 20 21 
3	47 21 22 
3	48 22 23 
3	49 23 24 
1	25 
1	26 
1	27 
1	28 
1	29 
1	30 
1	31 
1	32 
1	33 
1	34 
1	35 
1	36 
1	37 
1	38 
1	39 
1	40 
1	41 
1	42 
1	43 
1	44 
1	45 
1	46 
1	47 
1	48 
1	49 

3	0 1 0 
10	0 0 1 1 1 1 1 0 0 1 
10	0 1 1 1 1 1 0 0 1 0 
10	0 1 0 1 0 0 1 1 1 0 
10	0 0 1 1 1 0 1 0 0 1 
10	0 1 1 0 0 1 0 0 1 0 
10	0 1 1 0 1 1 0 1 1 0 
10	0 0 1 0 0 0 1 0 0 0 
10	0 1 0 0 0 0 1 0 0 1 
10	0 1 1 0 0 1 1 0 1 1 
10	1 0 0 1 1 1 1 1 0 1 
10	1 0 1 0 1 1 1 0 0 1 
10	1 1 0 1 0 0 0 1 0 0 
10	0 0 0 1 0 1 0 0 0 0 
10	0 1 1 1 0 1 1 1 0 1 
10	0 0 0 0 0 0 1 0 1 0 
10	0 1 1 1 0 0 0 1 0 1 
10	0 1 0 1 1 1 0 0 1 0 
10	0 0 1 1 0 1 1 1 1 1 
10	0 1 1 1 1 1 0 0 0 1 
10	1 0 1 0 1 1 0 0 0 1 
10	0 0 1 0 1 0 0 1 1 0 
10	0 1 0 1 1 1 0 1 0 0 
10	1 0 1 1 1 1 0 1 0 0 
10	0 1 0 0 1 1 1 0 1 0 
3	0.172 0.799 0.029 
5	0.215 0.05 0.348 0.378 0.009 
5	0.005 0.002 0.952 0.009 0.032 
5	0.453 0.052 0.005 0.45 0.04 
5	0.013 0.024 0.877 0.058 0.028 
5	0.006 0.853 0.02 0.102 0.019 
5	0.095 0.278 0.1 0.506 0.021 
5	0.051 0.692 0.158 0.01 0.089 
5	0.499 0.126 0.062 0.183 0.13 
5	0.575 0.13 0.058 0.156 0.081 
5	0.141 0.369 0.243 0.228 0.019 
5	0.024 0.006 0.267 0.167 0.536 
5	0.095 0.224 0.134 0.305 0.242 
5	0.037 0.678 0.034 0.187 0.064 
5	0.009 0.325 0.652 0.002 0.012 
5	0.009 0.007 0.301 0.646 0.037 
5	0.11 0.864 0.002 0.007 0.017 
5	0.022 0.023 0.087 0.74 0.128 
5	0.004 0.008 0.366 0.12 0.502 
5	0.032 0.931 0.033 0.002 0.002 
5	0.332 0.165 0.196 0.286 0.021 
5	0.174 0.045 0.383 0.202 0.196 
5	0.015 0.017 0.479 0.401 0.088 
5	0.062 0.238 0.037 0.49 0.173 
5	0.042 0.142 0.083 0.593 0.14 
