CAUSAL 
50 
2 2 2 2 2 2 2 2 2 2 2 2 2 2 2 2 2 2 2 2 2 2 2 2 2 3 5 5 5 5 5 5 5 5 5 5 5 5 5 5 5 5 5 5 5 5 5 5 5 5 
50 
2	25 0 
3	26 0 1 
3	27 1 2 
3	28 2 3 
3	29 3 4 
3	30 4 5 
3	31 5 6 
3	32 6 7 
3	33 7 8 
3	34 8 9 
3	35 9 10 
3	36 10 11 
3	37 11 12 
3	38 12 13 
3	39 13 14 
3	40 14 15 
3	41 15 16 
3	42 16 17 
3	43 17 18 
3	44 18 19 
3	45 19 20 
3	46 20 21 
3	47 21 22 
3	48 22 23 
3	49 23 24 
1	25 
1	26 
1	27 
1	28 
1	29 
1	30 
1	31 
1	32 
1	33 
1	34 
1	35 
1	36 
1	37 
1	38 
1	39 
1	40 
1	41 
1	42 
1	43 
1	44 
1	45 
1	46 
1	47 
1	48 
1	49 

3	1 0 1 
10	0 0 0 1 0 1 1 0 1 1 
10	1 1 1 0 0 0 0 1 0 1 
10	0 1 1 1 0 1 0 0 1 0 
10	0 1 1 0 1 1 1 1 0 1 
10	0 1 1 0 1 0 1 1 1 1 
10	1 1 1 1 0 1 0 0 0 1 
10	0 0 0 0 0 0 0 1 1 0 
10	1 1 1 0 1 0 1 1 1 0 
10	1 1 0 0 1 0 1 1 0 0 
10	1 1 1 0 1 0 1 0 1 1 
10	0 0 0 1 1 1 1 1 0 0 
10	1 0 1 1 0 0 1 0 1 1 
10	1 0 1 0 1 0 0 0 1 1 
10	0 1 1 0 0 0 1 0 0 0 
10	0 1 1 1 0 1 0 1 0 1 
10	0 0 1 1 1 1 0 1 1 1 
10	0 1 0 0 1 1 0 1 1 0 
10	0 1 0 0 0 0 0 0 1 0 
10	0 1 1 0 0 0 0 1 0 0 
10	0 1 0 1 0 1 0 1 0 0 
10	1 1 0 0 0 1 1 1 0 0 
10	1 0 0 0 1 1 1 1 0 0 
10	0 1 0 0 0 1 0 1 1 1 
10	0 0 1 1 0 0 1 1 1 0 
3	0.3 0.345 0.355 
5	0.006 0.426 0.524 0.018 0.026 
5	0.02 0.004 0.969 0.004 0.003 
5	0.322 0.221 0.119 0.19 0.148 
5	0.005 0.198 0.009 0.775 0.013 
5	0.045 0.066 0.002 0.334 0.553 
5	0.329 0.341 0.064 0.254 0.012 
5	0.052 0.23 0.036 0.563 0.119 
5	0.078 0.111 0.64 0.114 0.057 
5	0.202 0.009 0.045 0.135 0.609 
5	0.73 0.041 0.052 0.057 0.12 
5	0.792 0.089 0.064 0.039 0.016 
5	0.004 0.117 0.002 0.005 0.872 
5	0.136 0.045 0.702 0.072 0.045 
5	0.009 0.208 0.054 0.022 0.707 
5	0.184 0.289 0.046 0.404 0.077 
5	0.004 0.205 0.585 0.141 0.065 
5	0.044 0.256 0.035 0.471 0.194 
5	0.12 0.609 0.084 0.125 0.062 
5	0.296 0.001 0.1 0.011 0.592 
5	0.028 0.237 0.668 0.06 0.007 
5	0.008 0.474 0.002 0.068 0.448 
5	0.009 0.023 0.115 0.849 0.004 
5	0.588 0.037 0.002 0.365 0.008 
5	0.022 0.014 0.76 0.13 0.074 
