CAUSAL 
30 
2 2 2 2 2 2 2 2 2 2 2 2 2 2 2 3 5 5 5 5 5 5 5 5 5 5 5 5 5 5 
30 
2	15 0 
3	16 0 1 
3	17 1 2 
3	18 2 3 
3	19 3 4 
3	20 4 5 
3	21 5 6 
3	22 6 7 
3	23 7 8 
3	24 8 9 
3	25 9 10 
3	26 10 11 
3	27 11 12 
3	28 12 13 
3	29 13 14 
1	15 
1	16 
1	17 
1	18 
1	19 
1	20 
1	21 
1	22 
1	23 
1	24 
1	25 
1	26 
1	27 
1	28 
1	29 

3	0 1 1 
10	1 1 1 0 0 1 1 0 1 0 
10	0 1 1 1 0 0 0 1 0 0 
10	0 1 1 1 0 1 1 1 1 1 
10	1 1 0 0 1 1 1 0 1 0 
10	1 1 1 0 0 1 1 1 1 0 
10	0 0 1 0 0 1 0 1 0 1 
10	0 0 0 0 1 0 0 1 0 0 
10	1 0 1 0 1 0 1 1 0 1 
10	1 0 0 1 1 1 1 0 1 0 
10	0 1 0 0 1 0 0 1 1 0 
10	0 1 0 1 0 0 0 1 1 0 
10	0 0 0 1 0 0 0 1 1 0 
10	0 0 1 0 1 0 0 1 0 0 
10	0 1 0 1 0 1 0 0 1 1 
3	0.988 0.005 0.007 
5	0.028 0.023 0.205 0.088 0.656 
5	0.018 0.573 0.073 0.145 0.191 
5	0.004 0.021 0.942 0.029 0.004 
5	0.292 0.068 0.13 0.305 0.205 
5	0.307 0.479 0.042 0.046 0.126 
5	0.289 0.014 0.028 0.246 0.423 
5	0.09 0.009 0.004 0.895 0.002 
5	0.537 0.152 0.083 0.002 0.226 
5	0.005 0.682 0.128 0.024 0.161 
5	0.182 0.027 0.033 0.754 0.004 
5	0.038 0.044 0.447 0.313 0.158 
5	0.329 0.412 0.185 0.016 0.058 
5	0.008 0.823 0.004 0.072 0.093 
5	0.095 0.405 0.413 0.024 0.063 
