CAUSAL 
30 
2 2 2 2 2 2 2 2 2 2 2 2 2 2 2 3 5 5 5 5 5 5 5 5 5 5 5 5 5 5 
30 
2	15 0 
3	16 0 1 
3	17 1 2 
3	18 2 3 
3	19 3 4 
3	20 4 5 
3	21 5 6 
3	22 6 7 
3	23 7 8 
3	24 8 9 
3	25 9 10 
3	26 10 11 
3	27 11 12 
3	28 12 13 
3	29 13 14 
1	15 
1	16 
1	17 
1	18 
1	19 
1	20 
1	21 
1	22 
1	23 
1	24 
1	25 
1	26 
1	27 
1	28 
1	29 

3	1 1 0 
10	1 1 1 1 0 0 0 1 0 0 
10	1 1 0 0 1 0 1 0 1 1 
10	0 0 0 1 0 1 0 1 1 0 
10	1 1 1 0 1 1 0 1 0 0 
10	1 1 0 1 0 0 0 0 1 1 
10	0 0 1 0 0 0 0 1 1 1 
10	0 1 0 0 0 0 0 1 0 0 
10	0 1 0 0 0 0 1 0 0 1 
10	0 0 0 0 1 0 1 1 1 0 
10	1 1 0 1 0 1 1 1 0 0 
10	0 1 1 0 0 0 1 0 1 1 
10	0 1 1 0 1 0 0 0 0 1 
10	0 1 1 1 0 0 0 1 1 0 
10	1 0 0 1 0 0 1 0 0 0 
3	0.748 0.189 0.063 
5	0.615 0.025 0.003 0.354 0.003 
5	0.011 0.288 0.015 0.37 0.316 
5	0.046 0.314 0.6 0.024 0.016 
5	0.065 0.89 0.009 0.005 0.031 
5	0.021 0.091 0.086 0.354 0.448 
5	0.076 0.1 0.017 0.804 0.003 
5	0.001 0.853 0.122 0.002 0.022 
5	0.025 0.733 0.019 0.122 0.101 
5	0.362 0.578 0.014 0.04 0.006 
5	0.166 0.06 0.457 0.033 0.284 
5	0.355 0.536 0.083 0.006 0.02 
5	0.432 0.018 0.13 0.355 0.065 
5	0.054 0.426 0.215 0.204 0.101 
5	0.01 0.069 0.149 0.223 0.549 
