CAUSAL 
30 
2 2 2 2 2 2 2 2 2 2 2 2 2 2 2 3 5 5 5 5 5 5 5 5 5 5 5 5 5 5 
30 
2	15 0 
3	16 0 1 
3	17 1 2 
3	18 2 3 
3	19 3 4 
3	20 4 5 
3	21 5 6 
3	22 6 7 
3	23 7 8 
3	24 8 9 
3	25 9 10 
3	26 10 11 
3	27 11 12 
3	28 12 13 
3	29 13 14 
1	15 
1	16 
1	17 
1	18 
1	19 
1	20 
1	21 
1	22 
1	23 
1	24 
1	25 
1	26 
1	27 
1	28 
1	29 

3	1 0 1 
10	0 1 1 1 0 0 1 1 1 1 
10	0 1 1 1 0 1 0 1 1 0 
10	1 1 1 1 0 1 1 1 0 1 
10	1 1 0 1 1 1 1 0 0 0 
10	0 1 0 1 0 0 0 1 1 1 
10	0 0 1 1 0 1 1 0 0 0 
10	1 1 1 1 0 1 1 0 0 0 
10	0 0 1 0 0 1 1 1 1 1 
10	1 1 0 1 0 0 0 0 0 1 
10	1 0 0 0 0 0 1 1 1 0 
10	0 0 1 1 1 0 1 1 1 1 
10	1 1 0 1 1 0 0 1 1 0 
10	1 0 1 0 1 1 1 0 1 1 
10	1 1 0 0 1 0 0 1 0 1 
3	0.127 0.206 0.667 
5	0.039 0.159 0.052 0.745 0.005 
5	0.349 0.196 0.004 0.396 0.055 
5	0.068 0.083 0.302 0.339 0.208 
5	0.137 0.041 0.175 0.048 0.599 
5	0.089 0.043 0.263 0.077 0.528 
5	0.04 0.083 0.859 0.008 0.01 
5	0.073 0.418 0.095 0.001 0.413 
5	0.09 0.012 0.137 0.704 0.057 
5	0.034 0.544 0.126 0.295 0.001 
5	0.861 0.026 0.106 0.005 0.002 
5	0.003 0.003 0.03 0.941 0.023 
5	0.403 0.261 0.029 0.191 0.116 
5	0.29 0.009 0.023 0.007 0.671 
5	0.111 0.712 0.13 0.021 0.026 
