CAUSAL 
30 
2 2 2 2 2 4 8 8 8 8 2 2 2 2 2 4 4 4 4 4 2 2 2 2 2 4 4 4 4 4 
30 
2	5 0 
3	6 0 1 
3	7 1 2 
3	8 2 3 
3	9 3 4 
1	5 
1	6 
1	7 
1	8 
1	9 
3	15 4 10 
3	16 10 11 
3	17 11 12 
3	18 12 13 
3	19 13 14 
1	15 
1	16 
1	17 
1	18 
1	19 
3	25 14 20 
3	26 20 21 
3	27 21 22 
3	28 22 23 
3	29 23 24 
1	25 
1	26 
1	27 
1	28 
1	29 

4	1 1 0 1 
16	0 0 1 0 1 1 1 1 0 0 0 1 0 0 1 1 
16	0 0 0 0 0 1 1 0 1 0 0 1 0 1 0 1 
16	1 1 0 0 1 1 1 0 0 1 1 1 0 1 0 1 
16	1 0 0 0 0 0 1 0 0 1 0 0 1 0 1 0 
4	0.165 0.294 0.066 0.475 
8	0.534 0.007 0.004 0.01 0.014 0.186 0.141 0.104 
8	0.191 0.119 0.043 0.166 0.123 0.153 0.096 0.109 
8	0.009 0.356 0.466 0.116 0.005 0.031 0.004 0.013 
8	0.008 0.011 0.593 0.293 0.001 0.004 0.003 0.087 
8	1 1 1 0 1 1 0 0 
8	1 1 1 0 1 0 0 1 
8	0 0 0 1 1 0 0 1 
8	1 1 1 1 0 1 0 0 
8	0 0 1 1 1 0 0 0 
4	0.0118 0.00667 0.06224 0.91929 
4	0.02456 0.07552 0.14142 0.7585 
4	0.25996 0.03639 0.35274 0.35091 
4	0.04204 0.03135 0.00755 0.91906 
4	0.29309 0.57768 0.0957 0.03353 
8	0 1 1 0 0 0 0 1 
8	0 0 1 0 0 1 0 0 
8	1 0 0 0 1 1 1 0 
8	1 1 1 0 0 0 0 1 
8	0 0 1 0 1 0 0 1 
4	0.40094 0.01942 0.28283 0.29681 
4	0.94038 0.04523 0.00743 0.00696 
4	0.05551 0.06294 0.49066 0.39089 
4	0.00703 0.14401 0.48033 0.36863 
4	0.86969 0.10389 0.01897 0.00745 
