CAUSAL 
30 
2 2 2 2 2 4 8 8 8 8 2 2 2 2 2 4 4 4 4 4 2 2 2 2 2 4 4 4 4 4 
30 
2	5 0 
3	6 0 1 
3	7 1 2 
3	8 2 3 
3	9 3 4 
1	5 
1	6 
1	7 
1	8 
1	9 
3	15 4 10 
3	16 10 11 
3	17 11 12 
3	18 12 13 
3	19 13 14 
1	15 
1	16 
1	17 
1	18 
1	19 
3	25 14 20 
3	26 20 21 
3	27 21 22 
3	28 22 23 
3	29 23 24 
1	25 
1	26 
1	27 
1	28 
1	29 

4	0 0 1 0 
16	1 1 1 0 1 0 0 1 0 0 1 1 1 0 1 1 
16	1 1 1 0 1 1 0 0 0 0 1 1 0 1 0 0 
16	0 1 1 0 0 0 0 0 1 1 1 1 1 0 1 0 
16	1 0 0 0 0 0 1 0 0 0 1 0 0 1 0 1 
4	0.388 0.503 0.09 0.019 
8	0.002 0.003 0.858 0.007 0.083 0.009 0.003 0.035 
8	0.037 0.009 0.016 0.076 0.01 0.498 0.001 0.353 
8	0.001 0.002 0.276 0.002 0.711 0.002 0.001 0.005 
8	0.007 0.511 0.049 0.044 0.004 0.372 0.004 0.009 
8	0 1 0 0 1 1 1 1 
8	0 1 1 0 0 0 1 1 
8	0 0 1 1 1 1 0 1 
8	0 1 1 1 1 0 0 1 
8	0 0 0 0 0 1 0 1 
4	0.16373 0.09541 0.47554 0.26532 
4	0.09072 0.12828 0.735 0.046 
4	0.09222 0.12303 0.14187 0.64288 
4	0.00628 0.92896 0.0577 0.00706 
4	0.25203 0.42978 0.18639 0.1318 
8	0 1 1 1 0 1 1 0 
8	0 0 0 1 0 1 1 0 
8	0 0 1 0 1 1 1 0 
8	0 1 0 0 1 1 0 0 
8	1 1 0 1 0 0 1 1 
4	0.26285 0.7 0.02098 0.01617 
4	0.383 0.13693 0.07104 0.40903 
4	0.02107 0.76618 0.05048 0.16227 
4	0.15529 0.0037 0.79473 0.04628 
4	0.44333 0.10497 0.19597 0.25573 
