CAUSAL 
30 
2 2 2 2 2 4 8 8 8 8 2 2 2 2 2 4 4 4 4 4 2 2 2 2 2 4 4 4 4 4 
30 
2	5 0 
3	6 0 1 
3	7 1 2 
3	8 2 3 
3	9 3 4 
1	5 
1	6 
1	7 
1	8 
1	9 
3	15 4 10 
3	16 10 11 
3	17 11 12 
3	18 12 13 
3	19 13 14 
1	15 
1	16 
1	17 
1	18 
1	19 
3	25 14 20 
3	26 20 21 
3	27 21 22 
3	28 22 23 
3	29 23 24 
1	25 
1	26 
1	27 
1	28 
1	29 

4	0 1 0 1 
16	1 0 0 0 1 0 1 0 1 0 0 1 1 0 1 0 
16	1 1 0 0 0 0 0 1 1 1 1 0 0 0 0 0 
16	0 1 1 0 0 1 1 1 0 1 1 0 1 1 1 0 
16	0 0 1 0 1 1 0 1 0 1 1 0 0 0 1 0 
4	0.001 0.009 0.004 0.986 
8	0.036 0.845 0.001 0.018 0.023 0.004 0.031 0.042 
8	0.263 0.002 0.001 0.001 0.296 0.024 0.256 0.157 
8	0.123 0.025 0.01 0.01 0.017 0.002 0.322 0.491 
8	0.002 0.129 0.116 0.002 0.002 0.013 0.098 0.638 
8	1 1 1 0 0 0 0 1 
8	0 0 1 1 0 1 1 0 
8	0 1 1 1 1 0 0 0 
8	1 1 1 0 1 0 0 1 
8	1 0 0 0 1 1 0 1 
4	0.42206 0.02419 0.30519 0.24856 
4	0.13212 0.21984 0.41215 0.23589 
4	0.14411 0.40855 0.13799 0.30935 
4	0.54731 0.06222 0.03561 0.35486 
4	0.07265 0.6737 0.04618 0.20747 
8	1 0 1 0 1 0 1 0 
8	0 0 1 1 0 1 1 1 
8	1 1 0 1 0 1 1 1 
8	0 0 0 1 0 0 1 0 
8	0 0 0 0 1 0 1 1 
4	5.1E-4 0.08141 0.70651 0.21157 
4	0.94679 0.00315 0.03253 0.01753 
4	0.45148 0.14817 0.02585 0.3745 
4	0.21232 0.53143 0.18722 0.06903 
4	0.04695 0.29393 0.62628 0.03284 
