CAUSAL 
30 
2 2 2 2 2 4 8 8 8 8 2 2 2 2 2 4 4 4 4 4 2 2 2 2 2 4 4 4 4 4 
30 
2	5 0 
3	6 0 1 
3	7 1 2 
3	8 2 3 
3	9 3 4 
1	5 
1	6 
1	7 
1	8 
1	9 
3	15 4 10 
3	16 10 11 
3	17 11 12 
3	18 12 13 
3	19 13 14 
1	15 
1	16 
1	17 
1	18 
1	19 
3	25 14 20 
3	26 20 21 
3	27 21 22 
3	28 22 23 
3	29 23 24 
1	25 
1	26 
1	27 
1	28 
1	29 

4	1 1 0 1 
16	0 1 1 0 0 1 1 1 1 1 1 1 1 0 1 1 
16	1 0 1 0 1 0 0 0 1 0 1 0 0 1 1 1 
16	0 0 0 1 1 1 1 1 1 1 1 0 0 1 0 0 
16	1 0 0 1 0 0 1 0 1 0 1 1 0 0 1 0 
4	0.163 0.722 0.097 0.018 
8	0.032 0.001 0.007 0.385 0.016 0.003 0.441 0.115 
8	0.124 0.059 0.548 0.145 0.12 0.001 0.002 0.001 
8	0.001 0.425 0.066 0.002 0.001 0.001 0.075 0.429 
8	0.007 0.002 0.884 0.001 0.089 0.012 0.002 0.003 
8	1 0 0 1 1 1 0 0 
8	0 1 1 0 0 0 0 1 
8	0 1 0 1 0 0 0 1 
8	0 0 0 0 1 0 1 0 
8	0 1 1 1 1 1 0 0 
4	0.79693 0.08207 0.1015 0.0195 
4	0.07459 0.3167 0.07403 0.53468 
4	0.91225 0.01723 0.04284 0.02768 
4	0.87406 0.10898 0.00402 0.01294 
4	0.19233 0.01974 0.75081 0.03712 
8	0 0 1 0 0 1 0 0 
8	1 0 0 1 0 1 0 0 
8	0 1 1 0 1 0 1 1 
8	1 1 1 0 0 1 0 1 
8	0 0 0 1 0 1 0 0 
4	0.03676 0.44789 0.41095 0.1044 
4	0.06777 0.70644 0.12695 0.09884 
4	0.06455 0.64089 0.19035 0.10421 
4	0.0362 0.54377 0.05608 0.36395 
4	0.42536 0.01708 0.52818 0.02938 
