CAUSAL 
30 
2 2 2 2 2 2 2 2 2 2 2 2 2 2 2 3 5 5 5 5 5 5 5 5 5 5 5 5 5 5 
30 
2	15 0 
3	16 0 1 
3	17 1 2 
3	18 2 3 
3	19 3 4 
3	20 4 5 
3	21 5 6 
3	22 6 7 
3	23 7 8 
3	24 8 9 
3	25 9 10 
3	26 10 11 
3	27 11 12 
3	28 12 13 
3	29 13 14 
1	15 
1	16 
1	17 
1	18 
1	19 
1	20 
1	21 
1	22 
1	23 
1	24 
1	25 
1	26 
1	27 
1	28 
1	29 

3	0 1 0 
10	0 0 1 1 0 1 1 1 0 0 
10	1 1 1 1 1 0 1 0 1 0 
10	0 1 1 1 1 0 0 1 0 0 
10	0 0 1 0 0 1 1 0 0 1 
10	1 1 0 1 0 1 1 1 1 0 
10	1 0 1 1 1 1 0 1 0 1 
10	0 0 1 1 1 1 0 1 0 0 
10	1 0 0 0 0 0 0 1 1 0 
10	1 0 0 1 0 1 0 1 0 1 
10	1 1 0 1 0 1 1 1 0 0 
10	0 0 1 0 1 1 1 0 0 0 
10	1 0 0 0 1 1 0 0 0 1 
10	0 0 1 1 1 1 0 0 0 0 
10	0 1 1 1 0 0 0 1 0 1 
3	0.057 0.245 0.698 
5	0.046 0.079 0.488 0.363 0.024 
5	0.011 0.09 0.039 0.837 0.023 
5	0.209 0.218 0.015 0.556 0.002 
5	0.012 0.014 0.067 0.012 0.895 
5	0.218 0.063 0.019 0.124 0.576 
5	0.217 0.028 0.06 0.633 0.062 
5	0.001 0.392 0.458 0.144 0.005 
5	0.002 0.001 0.005 0.991 0.001 
5	0.102 0.392 0.03 0.471 0.005 
5	0.159 0.004 0.031 0.717 0.089 
5	0.108 0.7 0.118 0.005 0.069 
5	0.436 0.403 0.132 0.016 0.013 
5	0.588 0.074 0.285 0.034 0.019 
5	0.228 0.001 0.756 0.005 0.01 
