CAUSAL 
30 
2 2 2 2 2 2 2 2 2 2 2 2 2 2 2 3 5 5 5 5 5 5 5 5 5 5 5 5 5 5 
30 
2	15 0 
3	16 0 1 
3	17 1 2 
3	18 2 3 
3	19 3 4 
3	20 4 5 
3	21 5 6 
3	22 6 7 
3	23 7 8 
3	24 8 9 
3	25 9 10 
3	26 10 11 
3	27 11 12 
3	28 12 13 
3	29 13 14 
1	15 
1	16 
1	17 
1	18 
1	19 
1	20 
1	21 
1	22 
1	23 
1	24 
1	25 
1	26 
1	27 
1	28 
1	29 

3	0 0 1 
10	1 1 1 0 0 0 1 0 1 1 
10	1 1 0 1 0 1 0 0 0 0 
10	1 1 0 1 1 0 0 0 0 1 
10	0 1 1 1 0 1 0 0 1 0 
10	0 1 0 1 1 1 1 0 0 1 
10	0 0 1 1 1 1 0 1 0 0 
10	1 0 0 1 0 1 0 1 0 1 
10	1 0 1 0 0 0 1 0 1 0 
10	0 0 0 1 1 0 0 1 0 1 
10	1 1 1 0 1 0 0 0 0 1 
10	1 1 1 0 0 1 1 0 0 0 
10	0 1 1 0 1 1 0 0 1 1 
10	1 0 1 1 0 0 0 1 1 1 
10	1 0 0 0 0 0 0 1 0 1 
3	0.11 0.287 0.603 
5	0.275 0.05 0.135 0.119 0.421 
5	0.028 0.012 0.784 0.073 0.103 
5	0.089 0.537 0.014 0.046 0.314 
5	0.015 0.621 0.211 0.078 0.075 
5	0.457 0.003 0.016 0.007 0.517 
5	0.026 0.162 0.56 0.219 0.033 
5	0.583 0.02 0.005 0.385 0.007 
5	0.554 0.017 0.013 0.206 0.21 
5	0.241 0.669 0.007 0.076 0.007 
5	0.626 0.236 0.077 0.029 0.032 
5	0.075 0.195 0.514 0.112 0.104 
5	0.084 0.006 0.717 0.189 0.004 
5	0.015 0.799 0.002 0.028 0.156 
5	0.041 0.597 0.247 0.101 0.014 
