CAUSAL 
30 
2 2 2 2 2 2 2 2 2 2 2 2 2 2 2 3 5 5 5 5 5 5 5 5 5 5 5 5 5 5 
30 
2	15 0 
3	16 0 1 
3	17 1 2 
3	18 2 3 
3	19 3 4 
3	20 4 5 
3	21 5 6 
3	22 6 7 
3	23 7 8 
3	24 8 9 
3	25 9 10 
3	26 10 11 
3	27 11 12 
3	28 12 13 
3	29 13 14 
1	15 
1	16 
1	17 
1	18 
1	19 
1	20 
1	21 
1	22 
1	23 
1	24 
1	25 
1	26 
1	27 
1	28 
1	29 

3	0 0 1 
10	1 0 0 1 1 0 0 1 0 0 
10	1 1 0 0 1 1 1 0 1 0 
10	1 0 0 0 1 0 1 0 0 0 
10	1 0 1 0 0 1 0 1 1 1 
10	1 0 0 0 1 1 1 0 0 1 
10	1 1 0 0 1 1 1 0 1 1 
10	1 1 0 1 0 1 1 0 0 1 
10	1 0 0 1 0 1 1 1 0 1 
10	0 1 0 1 1 1 0 1 0 1 
10	1 0 1 0 1 1 1 0 0 1 
10	1 0 0 1 0 1 1 0 0 0 
10	0 0 0 0 0 1 0 0 1 0 
10	1 1 1 1 1 1 0 0 1 0 
10	0 1 1 0 1 1 0 1 1 0 
3	0.121 0.685 0.194 
5	0.062 0.05 0.103 0.623 0.162 
5	0.518 0.061 0.023 0.036 0.362 
5	0.064 0.133 0.545 0.253 0.005 
5	0.969 0.009 0.002 0.008 0.012 
5	0.001 0.278 0.642 0.02 0.059 
5	0.989 0.007 0.001 0.001 0.002 
5	0.005 0.629 0.005 0.085 0.276 
5	0.026 0.806 0.015 0.087 0.066 
5	0.058 0.034 0.817 0.023 0.068 
5	0.035 0.004 0.035 0.752 0.174 
5	0.098 0.007 0.129 0.072 0.694 
5	0.424 0.021 0.012 0.164 0.379 
5	0.212 0.182 0.079 0.013 0.514 
5	0.129 0.005 0.011 0.778 0.077 
