CAUSAL 
30 
2 2 2 2 2 2 2 2 2 2 2 2 2 2 2 3 5 5 5 5 5 5 5 5 5 5 5 5 5 5 
30 
2	15 0 
3	16 0 1 
3	17 1 2 
3	18 2 3 
3	19 3 4 
3	20 4 5 
3	21 5 6 
3	22 6 7 
3	23 7 8 
3	24 8 9 
3	25 9 10 
3	26 10 11 
3	27 11 12 
3	28 12 13 
3	29 13 14 
1	15 
1	16 
1	17 
1	18 
1	19 
1	20 
1	21 
1	22 
1	23 
1	24 
1	25 
1	26 
1	27 
1	28 
1	29 

3	0 0 1 
10	0 0 1 0 0 1 0 1 0 1 
10	1 0 0 0 1 1 1 0 1 0 
10	1 0 0 1 1 0 1 0 0 0 
10	1 1 1 0 1 1 0 1 1 1 
10	0 1 0 0 1 1 0 1 0 1 
10	0 0 0 1 1 1 1 0 0 1 
10	1 0 0 0 1 0 1 1 1 0 
10	0 1 1 0 1 0 1 1 0 0 
10	0 1 1 0 0 1 1 0 1 1 
10	1 1 0 1 1 0 1 1 0 1 
10	1 1 0 1 0 0 0 1 0 0 
10	0 0 0 1 1 0 1 1 1 0 
10	1 0 1 0 1 0 1 1 0 0 
10	0 1 1 1 1 1 1 0 0 1 
3	0.009 0.884 0.107 
5	0.022 0.004 0.507 0.233 0.234 
5	0.014 0.053 0.003 0.439 0.491 
5	0.035 0.097 0.527 0.33 0.011 
5	0.111 0.12 0.213 0.015 0.541 
5	0.289 0.206 0.051 0.259 0.195 
5	0.095 0.31 0.359 0.165 0.071 
5	0.013 0.037 0.026 0.002 0.922 
5	0.242 0.115 0.56 0.014 0.069 
5	0.079 0.15 0.06 0.678 0.033 
5	0.487 0.153 0.092 0.22 0.048 
5	0.172 0.017 0.696 0.022 0.093 
5	0.211 0.041 0.152 0.003 0.593 
5	0.041 0.79 0.077 0.005 0.087 
5	0.228 0.183 0.174 0.02 0.395 
