CAUSAL 
30 
2 2 2 2 2 2 2 2 2 2 2 2 2 2 2 3 5 5 5 5 5 5 5 5 5 5 5 5 5 5 
30 
2	15 0 
3	16 0 1 
3	17 1 2 
3	18 2 3 
3	19 3 4 
3	20 4 5 
3	21 5 6 
3	22 6 7 
3	23 7 8 
3	24 8 9 
3	25 9 10 
3	26 10 11 
3	27 11 12 
3	28 12 13 
3	29 13 14 
1	15 
1	16 
1	17 
1	18 
1	19 
1	20 
1	21 
1	22 
1	23 
1	24 
1	25 
1	26 
1	27 
1	28 
1	29 

3	0 1 0 
10	0 0 1 1 1 1 0 1 0 0 
10	1 1 0 0 0 0 1 0 0 1 
10	1 0 1 0 0 0 0 1 0 1 
10	0 1 1 1 0 1 0 0 1 1 
10	1 0 0 1 1 1 0 0 1 1 
10	1 1 1 1 0 1 0 0 0 1 
10	0 0 0 1 1 0 0 1 1 1 
10	0 1 1 1 1 0 1 0 1 1 
10	1 1 0 0 0 0 0 1 1 1 
10	0 1 1 0 0 1 0 0 1 1 
10	1 1 1 1 0 1 1 0 1 0 
10	0 0 1 0 0 1 1 0 1 0 
10	0 0 0 1 1 1 0 0 1 0 
10	0 0 0 1 1 0 1 0 1 0 
3	0.337 0.225 0.438 
5	0.919 0.017 0.042 0.002 0.02 
5	0.267 0.178 0.135 0.122 0.298 
5	0.005 0.22 0.701 0.012 0.062 
5	0.113 0.242 0.349 0.17 0.126 
5	0.445 0.008 0.526 0.019 0.002 
5	0.059 0.427 0.458 0.031 0.025 
5	0.039 0.489 0.275 0.004 0.193 
5	0.004 0.047 0.527 0.417 0.005 
5	0.449 0.148 0.084 0.048 0.271 
5	0.034 0.068 0.1 0.324 0.474 
5	0.015 0.048 0.202 0.72 0.015 
5	0.271 0.057 0.363 0.012 0.297 
5	0.08 0.01 0.755 0.063 0.092 
5	0.119 0.401 0.072 0.019 0.389 
