CAUSAL 
30 
2 2 2 2 2 3 5 5 5 5 2 2 2 2 2 4 4 4 4 4 2 2 2 2 2 4 4 4 4 4 
30 
2	5 0 
3	6 0 1 
3	7 1 2 
3	8 2 3 
3	9 3 4 
1	5 
1	6 
1	7 
1	8 
1	9 
3	15 4 10 
3	16 10 11 
3	17 11 12 
3	18 12 13 
3	19 13 14 
1	15 
1	16 
1	17 
1	18 
1	19 
3	25 14 20 
3	26 20 21 
3	27 21 22 
3	28 22 23 
3	29 23 24 
1	25 
1	26 
1	27 
1	28 
1	29 

3	0 1 0 
10	1 0 0 0 1 0 1 1 0 1 
10	1 1 0 1 0 1 0 0 0 0 
10	0 1 1 0 0 0 1 0 1 0 
10	1 1 1 1 0 0 0 1 1 0 
3	0.262 0.095 0.643 
5	0.014 0.002 0.005 0.089 0.89 
5	0.023 0.009 0.112 0.518 0.338 
5	0.035 0.235 0.052 0.297 0.381 
5	0.001 0.002 0.982 0.001 0.014 
8	1 0 0 0 1 0 0 0 
8	0 1 0 0 1 1 0 0 
8	1 0 0 0 0 1 1 0 
8	1 0 0 1 1 1 0 1 
8	0 0 0 1 1 0 0 1 
4	0.13644 7.1E-4 0.64754 0.21531 
4	0.2188 0.06119 0.63717 0.08284 
4	0.01586 0.03883 0.69889 0.24642 
4	0.76859 0.00146 1.5E-4 0.2298 
4	0.59363 0.24836 0.00127 0.15674 
8	0 0 1 0 0 0 1 1 
8	0 1 1 0 0 0 0 0 
8	1 1 1 0 0 1 0 1 
8	1 0 0 1 1 0 0 0 
8	1 0 0 0 1 1 0 1 
4	0.0825 0.38837 0.28102 0.24811 
4	0.39628 0.05432 0.18075 0.36865 
4	0.00364 0.00194 0.00227 0.99215 
4	0.03759 0.01622 0.0037 0.94249 
4	0.37688 0.37704 0.15738 0.0887 
