CAUSAL 
30 
2 2 2 2 2 3 5 5 5 5 2 2 2 2 2 4 4 4 4 4 2 2 2 2 2 4 4 4 4 4 
30 
2	5 0 
3	6 0 1 
3	7 1 2 
3	8 2 3 
3	9 3 4 
1	5 
1	6 
1	7 
1	8 
1	9 
3	15 4 10 
3	16 10 11 
3	17 11 12 
3	18 12 13 
3	19 13 14 
1	15 
1	16 
1	17 
1	18 
1	19 
3	25 14 20 
3	26 20 21 
3	27 21 22 
3	28 22 23 
3	29 23 24 
1	25 
1	26 
1	27 
1	28 
1	29 

3	0 0 1 
10	0 1 1 0 0 0 1 0 1 0 
10	1 1 0 1 0 1 0 0 0 1 
10	1 0 1 1 0 1 0 0 0 1 
10	0 1 0 0 0 1 0 1 1 1 
3	0.061 0.927 0.012 
5	0.023 0.011 0.537 0.424 0.005 
5	0.43 0.032 0.33 0.092 0.116 
5	0.003 0.107 0.86 0.009 0.021 
5	0.423 0.008 0.002 0.123 0.444 
8	1 1 0 1 0 0 1 0 
8	1 1 1 0 1 0 0 1 
8	1 1 0 1 1 0 0 0 
8	0 1 1 0 1 1 1 0 
8	1 0 1 1 1 0 0 1 
4	0.04518 0.00203 0.07221 0.88058 
4	0.19467 0.00202 0.27859 0.52472 
4	0.86962 0.00431 0.12109 0.00498 
4	0.36604 0.39125 0.0522 0.19051 
4	0.57925 0.25446 0.09949 0.0668 
8	1 0 0 0 0 0 0 1 
8	0 1 0 1 1 1 1 0 
8	1 0 0 0 1 1 1 0 
8	1 0 0 1 1 1 1 1 
8	0 0 1 0 0 1 1 1 
4	0.39536 0.29188 0.27822 0.03454 
4	0.02923 0.06573 0.65795 0.24709 
4	0.12659 0.45913 0.1865 0.22778 
4	0.43869 0.12382 0.09129 0.3462 
4	0.88617 0.04852 0.05679 0.00852 
