CAUSAL 
30 
2 2 2 2 2 3 5 5 5 5 2 2 2 2 2 4 4 4 4 4 2 2 2 2 2 4 4 4 4 4 
30 
2	5 0 
3	6 0 1 
3	7 1 2 
3	8 2 3 
3	9 3 4 
1	5 
1	6 
1	7 
1	8 
1	9 
3	15 4 10 
3	16 10 11 
3	17 11 12 
3	18 12 13 
3	19 13 14 
1	15 
1	16 
1	17 
1	18 
1	19 
3	25 14 20 
3	26 20 21 
3	27 21 22 
3	28 22 23 
3	29 23 24 
1	25 
1	26 
1	27 
1	28 
1	29 

3	1 0 1 
10	0 1 0 0 0 1 1 1 0 1 
10	0 1 0 0 0 1 0 1 1 1 
10	0 1 0 1 1 1 0 0 1 1 
10	1 1 0 1 0 0 0 1 0 1 
3	0.02 0.974 0.006 
5	0.065 0.002 0.474 0.003 0.456 
5	0.002 0.008 0.973 0.001 0.016 
5	0.216 0.076 0.028 0.51 0.17 
5	0.001 0.353 0.643 0.001 0.002 
8	0 1 0 0 1 0 1 1 
8	1 1 0 1 1 1 1 0 
8	0 0 1 1 0 1 1 1 
8	1 1 0 0 1 0 1 1 
8	1 0 0 1 1 0 1 1 
4	0.03761 0.06484 0.11845 0.7791 
4	0.05342 0.48302 0.25511 0.20845 
4	0.30132 0.11301 0.10417 0.4815 
4	0.14408 0.0171 0.58988 0.24894 
4	0.37077 0.28368 0.28703 0.05852 
8	0 1 0 0 1 1 0 0 
8	1 1 1 1 1 0 0 0 
8	1 0 0 0 1 0 1 0 
8	0 1 1 0 0 0 0 1 
8	1 1 0 0 1 0 0 1 
4	0.06355 0.17952 0.69493 0.062 
4	0.6689 0.0209 0.03259 0.27761 
4	0.55875 8.8E-4 0.05864 0.38173 
4	0.21874 0.11015 0.14082 0.53029 
4	0.5484 0.0045 0.25713 0.18997 
