CAUSAL 
30 
2 2 2 2 2 2 2 2 2 2 2 2 2 2 2 3 5 5 5 5 5 5 5 5 5 5 5 5 5 5 
30 
2	15 0 
3	16 0 1 
3	17 1 2 
3	18 2 3 
3	19 3 4 
3	20 4 5 
3	21 5 6 
3	22 6 7 
3	23 7 8 
3	24 8 9 
3	25 9 10 
3	26 10 11 
3	27 11 12 
3	28 12 13 
3	29 13 14 
1	15 
1	16 
1	17 
1	18 
1	19 
1	20 
1	21 
1	22 
1	23 
1	24 
1	25 
1	26 
1	27 
1	28 
1	29 

3	1 1 0 
10	1 0 1 1 1 0 0 0 0 0 
10	0 0 0 1 0 1 1 1 1 0 
10	1 0 1 1 0 0 1 0 1 1 
10	0 0 1 1 0 0 0 1 1 1 
10	1 1 0 0 0 1 0 1 1 1 
10	0 0 1 0 1 1 1 0 0 0 
10	0 0 0 0 1 0 1 1 1 1 
10	1 0 0 0 0 0 1 1 0 0 
10	0 0 1 1 1 1 0 1 0 1 
10	1 0 0 1 0 1 1 1 1 0 
10	1 0 0 0 0 1 1 1 0 0 
10	1 0 1 0 1 1 1 0 0 0 
10	0 1 1 0 1 1 1 1 1 0 
10	0 0 1 1 1 0 1 1 1 1 
3	0.569 0.24 0.191 
5	0.865 0.047 0.054 0.019 0.015 
5	0.002 0.053 0.097 0.04 0.808 
5	0.221 0.272 0.198 0.127 0.182 
5	0.601 0.092 0.229 0.026 0.052 
5	0.561 0.014 0.067 0.134 0.224 
5	0.009 0.005 0.432 0.289 0.265 
5	0.04 0.009 0.146 0.61 0.195 
5	0.815 0.009 0.148 0.022 0.006 
5	0.01 0.471 0.067 0.369 0.083 
5	0.678 0.054 0.06 0.028 0.18 
5	0.048 0.423 0.456 0.022 0.051 
5	0.53 0.058 0.267 0.073 0.072 
5	0.38 0.385 0.129 0.087 0.019 
5	0.152 0.068 0.699 0.043 0.038 
