trueState,ll_89,ll_90,ll_91,ll_96,ll_97,ll_98,ll_99,datasize,ll_92,ll_93,ll_94,ll_95,ll_78,ll_79,ll_80,ll_85,ll_86,ll_87,ll_88,ll_81,ll_82,ll_83,ll_84,exactPath,stop_criteria,pns_199,pns_198,pns_197,pns_196,pns_195,pns_194,pns_193,pns_192,ll_1,ll_2,ll_0,ll_5,ll_6,ll_3,ll_4,ll_9,ll_7,ll_8,iter_9,iter_8,iter_7,iter_6,iter_5,iter_4,iter_3,iter_2,iter_1,iter_0,cause,time_pns,pns_108,ratio_62,pns_107,ratio_63,pns_106,ratio_64,pns_105,ratio_65,pns_104,ratio_66,pns_103,ratio_67,pns_102,ratio_68,pns_101,ratio_69,iter_119,pns_100,iter_117,iter_118,iter_111,iter_112,iter_110,iter_115,iter_116,iter_113,iter_114,ratio_60,pns_109,ratio_61,ratio_51,ratio_52,ratio_53,ratio_54,ratio_55,ratio_56,ratio_57,ratio_58,iter_108,ratio_59,iter_109,iter_106,iter_107,iter_100,iter_101,iter_104,iter_105,iter_102,iter_103,ratio_50,ratio_40,ratio_41,ratio_42,ratio_43,ratio_44,ratio_45,ratio_46,ratio_47,ratio_48,ratio_49,ratio_30,ratio_31,ratio_32,ratio_33,ratio_34,ratio_35,ratio_36,ratio_37,ratio_38,ratio_39,iter_155,iter_156,iter_153,iter_154,iter_159,iter_157,iter_158,iter_151,iter_152,iter_150,ratio_95,ratio_96,ratio_97,ratio_98,ratio_99,iter_144,iter_145,iter_142,iter_143,iter_148,iter_149,pns_u,iter_146,iter_147,ratio_90,iter_140,ratio_91,pns_l,iter_141,ratio_92,ratio_93,ratio_94,ratio_84,ratio_85,ratio_86,ratio_87,ratio_88,ratio_89,iter_139,iter_133,iter_134,iter_131,iter_132,iter_137,iter_138,iter_135,iter_136,ratio_80,iter_130,ratio_81,ratio_82,ratio_83,ratio_73,ratio_74,ratio_75,ratio_76,ratio_77,ratio_78,ratio_79,iter_128,iter_129,iter_122,pns_8,iter_123,pns_9,iter_120,pns_6,iter_121,pns_7,iter_126,pns_4,iter_127,pns_5,iter_124,pns_2,iter_125,pns_3,pns_0,pns_1,ratio_70,ratio_71,ratio_72,pns_189,pns_188,pns_187,pns_186,pns_185,pns_184,pns_183,pns_182,pns_181,iter_199,pns_191,pns_190,iter_197,iter_198,iter_191,iter_192,ll_10,iter_190,ll_11,iter_195,iter_196,iter_193,iter_194,pns_179,pns_178,pns_177,pns_176,pns_175,pns_174,pns_173,ratio_102,pns_172,ratio_101,pns_171,ratio_100,pns_170,iter_188,pns_180,iter_189,iter_186,iter_187,iter_180,iter_181,iter_184,iter_185,iter_182,iter_183,ll_27,ll_28,ll_29,ll_23,pns_169,ll_24,pns_168,ll_25,pns_167,ll_26,pns_166,pns_165,pns_164,pns_163,pns_162,ratio_113,pns_161,ratio_112,pns_160,ratio_111,ratio_110,iter_177,ratio_106,iter_178,ratio_105,iter_175,ratio_104,iter_176,ratio_103,ratio_109,iter_179,ratio_108,ratio_107,ll_30,iter_170,ll_31,ll_32,ll_33,iter_173,iter_174,iter_171,iter_172,ll_16,ll_17,ll_18,ll_19,pns_159,ll_12,pns_158,ll_13,pns_157,ll_14,pns_156,ll_15,pns_155,ratio_120,pns_154,pns_153,pns_152,pns_151,ratio_124,pns_150,ratio_123,ratio_122,ratio_121,iter_166,ratio_117,iter_167,ratio_116,iter_164,ratio_115,iter_165,ratio_114,iter_168,ratio_119,iter_169,ratio_118,ll_20,ll_21,ll_22,iter_162,iter_163,iter_160,iter_161,ll_49,ratio_20,pns_149,ratio_21,pns_148,ratio_22,ll_45,pns_147,ratio_23,ll_46,pns_146,ratio_24,ll_47,pns_145,ratio_25,ll_48,pns_144,ratio_26,pns_143,ratio_27,pns_142,ratio_28,pns_141,ratio_29,pns_140,falseState,ll_52,ll_53,ll_54,ll_55,ll_50,ll_51,ll_38,ll_39,pns_139,pns_138,ratio_10,pns_137,ratio_11,ll_34,pns_136,ratio_12,ll_35,pns_135,ratio_13,ll_36,pns_134,ratio_14,ll_37,pns_133,ratio_15,pns_132,ratio_16,pns_131,ratio_17,pns_130,ratio_18,ratio_19,effect,ll_41,ll_42,ll_43,ll_44,ll_40,pns_129,pns_128,pns_127,pns_126,ll_67,pns_125,ll_68,pns_124,ll_69,pns_123,pns_122,pns_121,pns_120,ll_74,ll_75,ll_76,ll_77,ll_70,ll_71,ll_72,ll_73,pns_119,pns_118,pns_117,pns_116,pns_115,ll_56,pns_114,ll_57,pns_113,ll_58,pns_112,ll_59,pns_111,pns_110,ll_63,ll_64,ll_65,ll_66,ll_60,ll_61,ll_62,pns_91,pns_92,pns_90,pns_95,ratio_171,pns_96,ratio_170,pns_93,pns_94,pns_99,ratio_175,ratio_174,pns_97,ratio_173,pns_98,ratio_172,ratio_179,ratio_178,ratio_177,ratio_176,ratio_169,pns_80,pns_81,pns_84,ratio_182,pns_85,ratio_181,pns_82,ratio_180,pns_83,pns_88,ratio_186,pns_89,ratio_185,pns_86,ratio_184,pns_87,ratio_183,ratio_189,ratio_188,ratio_187,pns_70,pns_73,ratio_193,pns_74,ratio_192,pns_71,ratio_191,pns_72,ratio_190,pns_77,ratio_197,pns_78,ratio_196,pns_75,ratio_195,pns_76,ratio_194,pns_79,ratio_199,ll_max,ratio_198,pns_62,pns_63,pns_60,pns_61,pns_66,pns_67,pns_64,pns_65,pns_68,pns_69,ratio_131,ratio_130,ratio_135,ratio_134,ratio_133,ratio_132,ratio_128,ll_129,ratio_127,ll_128,ratio_126,ratio_125,ratio_129,ll_121,ll_120,ll_123,ll_122,ll_125,ll_124,ll_127,ll_126,ratio_142,ratio_141,ratio_140,ratio_146,ratio_145,ratio_144,ratio_143,ratio_139,ll_118,ratio_138,ll_117,ratio_137,ratio_136,ll_119,ll_110,ll_112,ll_111,ll_114,ll_113,ll_116,ll_115,ratio_153,ratio_152,ratio_151,ratio_150,ratio_157,ratio_156,ratio_155,ratio_154,ll_107,ratio_149,ll_106,ratio_148,ll_109,ratio_147,ll_108,ll_101,ll_100,ll_103,ll_102,ll_105,ll_104,ratio_160,ratio_164,ratio_163,ratio_162,ratio_161,ratio_168,ratio_167,ratio_166,ratio_165,ratio_159,ratio_158,ll_161,ll_160,ll_163,ll_162,pns_11,pns_12,pns_10,pns_15,pns_16,pns_13,pns_14,pns_19,pns_17,pns_18,ll_165,time_learn,ll_164,ll_167,ll_166,ll_169,ll_168,ll_150,ll_152,ll_151,ll_154,ll_153,ll_156,ll_155,ll_158,ll_157,ll_159,ll_141,ll_140,ll_143,ll_142,ll_145,ll_144,ll_147,ll_146,ll_149,ll_148,ll_130,ll_139,ll_132,ll_131,ll_134,ll_133,ll_136,ll_135,ll_138,ll_137,pns_51,pns_52,pns_50,pns_55,pns_56,pns_53,pns_54,pns_59,pns_57,pns_58,ll_190,ll_192,ll_191,pns_40,ll_194,pns_41,ll_193,ll_196,ll_195,pns_44,pns_45,pns_42,pns_43,pns_48,pns_49,pns_46,pns_47,ll_198,ll_197,ll_199,ll_181,ll_180,ll_183,pns_30,ll_182,ll_185,iter_max,ll_184,pns_33,pns_34,pns_31,pns_32,pns_37,pns_38,pns_35,pns_36,pns_39,ll_187,ll_186,ll_189,ll_188,ll_170,ll_172,ll_171,ll_174,ll_173,pns_22,pns_23,pns_20,pns_21,pns_26,pns_27,pns_24,pns_25,pns_28,pns_29,ll_176,ll_175,ll_178,ll_177,ll_179,ratio_0,ratio_1,ratio_2,ratio_3,iter_10,iter_11,iter_16,iter_17,iter_18,iter_19,iter_12,iter_13,iter_14,iter_15,iter_30,iter_31,iter_32,iter_33,modelPath,iter_38,iter_39,iter_34,iter_35,iter_36,iter_37,iter_20,iter_21,iter_22,iter_27,iter_28,iter_29,iter_23,iter_24,iter_25,iter_26,iter_52,iter_53,iter_54,iter_55,iter_50,iter_51,iter_56,iter_57,iter_58,iter_59,iter_41,iter_42,iter_43,iter_44,method,modelID,iter_40,iter_49,iter_45,iter_46,iter_47,iter_48,exact,iter_74,iter_75,iter_76,iter_77,iter_70,iter_71,iter_72,iter_73,iter_78,iter_79,iter_80,iter_63,iter_64,iter_65,iter_66,iter_60,iter_61,iter_62,infoPath,iter_67,iter_68,iter_69,iter_96,iter_97,iter_98,iter_99,iter_92,iter_93,iter_94,iter_95,threshold,iter_85,ratio_4,iter_86,ratio_5,iter_87,ratio_6,iter_88,ratio_7,iter_81,ratio_8,iter_82,ratio_9,iter_83,iter_84,iter_89,iter_90,iter_91
0,-8075.843790279501,-8075.843790279501,-8075.843790279501,-8075.843790279501,-8075.843790279501,-8075.843790279501,-8075.843790279501,1000,-8075.843790279501,-8075.843790279501,-8075.843790279501,-8075.843790279501,-8075.843790279501,-8075.843790279501,-8075.843790279501,-8075.843790279501,-8075.843790279501,-8075.843790279501,-8075.843790279501,-8075.843790279501,-8075.843790279501,-8075.843790279501,-8075.843790279501,/mnt/beegfs/rcabanas/dev/credici/papers/journalEM/output/synthetic/s3/random_mc2_n8_mid3_d1000_05_mr098_r10_159_uai_ccve.csv,KL,0.1548703912736112,0.1548703912736112,0.1548703912736112,0.1548703912736112,0.1548703912736112,0.1548703912736112,0.1548703912736112,0.1548703912736112,-8075.843790279501,-8075.843790279501,-8075.843790279501,-8075.843790279501,-8075.843790279501,-8075.843790279501,-8075.843790279501,-8075.843790279501,-8075.843790279501,-8075.843790279501,500,500,500,500,500,500,500,500,500,500,1,849,0.1548703912736112,0.9999980842322943,0.1548703912736112,0.9999980842322943,0.1548703912736112,0.9999980842322943,0.1548703912736112,0.9999980842322943,0.1548703912736112,0.9999980842322943,0.1548703912736112,0.9999980842322943,0.1548703912736112,0.9999980842322943,0.1548703912736112,0.9999980842322943,500,0.1548703912736112,500,500,500,500,500,500,500,500,500,0.9999980842322943,0.1548703912736112,0.9999980842322943,0.9999980842322943,0.9999980842322943,0.9999980842322943,0.9999980842322943,0.9999980842322943,0.9999980842322943,0.9999980842322943,0.9999980842322943,500,0.9999980842322943,500,500,500,500,500,500,500,500,500,0.9999980842322943,0.9999980842322943,0.9999980842322943,0.9999980842322943,0.9999980842322943,0.9999980842322943,0.9999980842322943,0.9999980842322943,0.9999980842322943,0.9999980842322943,0.9999980842322943,0.9999980842322943,0.9999980842322943,0.9999980842322943,0.9999980842322943,0.9999980842322943,0.9999980842322943,0.9999980842322943,0.9999980842322943,0.9999980842322943,0.9999980842322943,500,500,500,500,500,500,500,500,500,500,0.9999980842322943,0.9999980842322943,0.9999980842322943,0.9999980842322943,0.9999980842322943,500,500,500,500,500,500,0.1548703912736112,500,500,0.9999980842322943,500,0.9999980842322943,0.1548703912736112,500,0.9999980842322943,0.9999980842322943,0.9999980842322943,0.9999980842322943,0.9999980842322943,0.9999980842322943,0.9999980842322943,0.9999980842322943,0.9999980842322943,500,500,500,500,500,500,500,500,500,0.9999980842322943,500,0.9999980842322943,0.9999980842322943,0.9999980842322943,0.9999980842322943,0.9999980842322943,0.9999980842322943,0.9999980842322943,0.9999980842322943,0.9999980842322943,0.9999980842322943,500,500,500,0.1548703912736112,500,0.1548703912736112,500,0.1548703912736112,500,0.1548703912736112,500,0.1548703912736112,500,0.1548703912736112,500,0.1548703912736112,500,0.1548703912736112,0.1548703912736112,0.1548703912736112,0.9999980842322943,0.9999980842322943,0.9999980842322943,0.1548703912736112,0.1548703912736112,0.1548703912736112,0.1548703912736112,0.1548703912736112,0.1548703912736112,0.1548703912736112,0.1548703912736112,0.1548703912736112,500,0.1548703912736112,0.1548703912736112,500,500,500,500,-8075.843790279501,500,-8075.843790279501,500,500,500,500,0.1548703912736112,0.1548703912736112,0.1548703912736112,0.1548703912736112,0.1548703912736112,0.1548703912736112,0.1548703912736112,0.9999980842322943,0.1548703912736112,0.9999980842322943,0.1548703912736112,0.9999980842322943,0.1548703912736112,500,0.1548703912736112,500,500,500,500,500,500,500,500,500,-8075.843790279501,-8075.843790279501,-8075.843790279501,-8075.843790279501,0.1548703912736112,-8075.843790279501,0.1548703912736112,-8075.843790279501,0.1548703912736112,-8075.843790279501,0.1548703912736112,0.1548703912736112,0.1548703912736112,0.1548703912736112,0.1548703912736112,0.9999980842322943,0.1548703912736112,0.9999980842322943,0.1548703912736112,0.9999980842322943,0.9999980842322943,500,0.9999980842322943,500,0.9999980842322943,500,0.9999980842322943,500,0.9999980842322943,0.9999980842322943,500,0.9999980842322943,0.9999980842322943,-8075.843790279501,500,-8075.843790279501,-8075.843790279501,-8075.843790279501,500,500,500,500,-8075.843790279501,-8075.843790279501,-8075.843790279501,-8075.843790279501,0.1548703912736112,-8075.843790279501,0.1548703912736112,-8075.843790279501,0.1548703912736112,-8075.843790279501,0.1548703912736112,-8075.843790279501,0.1548703912736112,0.9999980842322943,0.1548703912736112,0.1548703912736112,0.1548703912736112,0.1548703912736112,0.9999980842322943,0.1548703912736112,0.9999980842322943,0.9999980842322943,0.9999980842322943,500,0.9999980842322943,500,0.9999980842322943,500,0.9999980842322943,500,0.9999980842322943,500,0.9999980842322943,500,0.9999980842322943,-8075.843790279501,-8075.843790279501,-8075.843790279501,500,500,500,500,-8075.843790279501,0.9999980842322943,0.1548703912736112,0.9999980842322943,0.1548703912736112,0.9999980842322943,-8075.843790279501,0.1548703912736112,0.9999980842322943,-8075.843790279501,0.1548703912736112,0.9999980842322943,-8075.843790279501,0.1548703912736112,0.9999980842322943,-8075.843790279501,0.1548703912736112,0.9999980842322943,0.1548703912736112,0.9999980842322943,0.1548703912736112,0.9999980842322943,0.1548703912736112,0.9999980842322943,0.1548703912736112,1,-8075.843790279501,-8075.843790279501,-8075.843790279501,-8075.843790279501,-8075.843790279501,-8075.843790279501,-8075.843790279501,-8075.843790279501,0.1548703912736112,0.1548703912736112,0.9999980842322943,0.1548703912736112,0.9999980842322943,-8075.843790279501,0.1548703912736112,0.9999980842322943,-8075.843790279501,0.1548703912736112,0.9999980842322943,-8075.843790279501,0.1548703912736112,0.9999980842322943,-8075.843790279501,0.1548703912736112,0.9999980842322943,0.1548703912736112,0.9999980842322943,0.1548703912736112,0.9999980842322943,0.1548703912736112,0.9999980842322943,0.9999980842322943,6,-8075.843790279501,-8075.843790279501,-8075.843790279501,-8075.843790279501,-8075.843790279501,0.1548703912736112,0.1548703912736112,0.1548703912736112,0.1548703912736112,-8075.843790279501,0.1548703912736112,-8075.843790279501,0.1548703912736112,-8075.843790279501,0.1548703912736112,0.1548703912736112,0.1548703912736112,0.1548703912736112,-8075.843790279501,-8075.843790279501,-8075.843790279501,-8075.843790279501,-8075.843790279501,-8075.843790279501,-8075.843790279501,-8075.843790279501,0.1548703912736112,0.1548703912736112,0.1548703912736112,0.1548703912736112,0.1548703912736112,-8075.843790279501,0.1548703912736112,-8075.843790279501,0.1548703912736112,-8075.843790279501,0.1548703912736112,-8075.843790279501,0.1548703912736112,0.1548703912736112,-8075.843790279501,-8075.843790279501,-8075.843790279501,-8075.843790279501,-8075.843790279501,-8075.843790279501,-8075.843790279501,0.1548703912736112,0.1548703912736112,0.1548703912736112,0.1548703912736112,0.9999980842322943,0.1548703912736112,0.9999980842322943,0.1548703912736112,0.1548703912736112,0.1548703912736112,0.9999980842322943,0.9999980842322943,0.1548703912736112,0.9999980842322943,0.1548703912736112,0.9999980842322943,0.9999980842322943,0.9999980842322943,0.9999980842322943,0.9999980842322943,0.9999980842322943,0.1548703912736112,0.1548703912736112,0.1548703912736112,0.9999980842322943,0.1548703912736112,0.9999980842322943,0.1548703912736112,0.9999980842322943,0.1548703912736112,0.1548703912736112,0.9999980842322943,0.1548703912736112,0.9999980842322943,0.1548703912736112,0.9999980842322943,0.1548703912736112,0.9999980842322943,0.9999980842322943,0.9999980842322943,0.9999980842322943,0.1548703912736112,0.1548703912736112,0.9999980842322943,0.1548703912736112,0.9999980842322943,0.1548703912736112,0.9999980842322943,0.1548703912736112,0.9999980842322943,0.1548703912736112,0.9999980842322943,0.1548703912736112,0.9999980842322943,0.1548703912736112,0.9999980842322943,0.1548703912736112,0.9999980842322943,0.1548703912736112,0.9999980842322943,-8075.828318838773,0.9999980842322943,0.1548703912736112,0.1548703912736112,0.1548703912736112,0.1548703912736112,0.1548703912736112,0.1548703912736112,0.1548703912736112,0.1548703912736112,0.1548703912736112,0.1548703912736112,0.9999980842322943,0.9999980842322943,0.9999980842322943,0.9999980842322943,0.9999980842322943,0.9999980842322943,0.9999980842322943,-8075.843790279501,0.9999980842322943,-8075.843790279501,0.9999980842322943,0.9999980842322943,0.9999980842322943,-8075.843790279501,-8075.843790279501,-8075.843790279501,-8075.843790279501,-8075.843790279501,-8075.843790279501,-8075.843790279501,-8075.843790279501,0.9999980842322943,0.9999980842322943,0.9999980842322943,0.9999980842322943,0.9999980842322943,0.9999980842322943,0.9999980842322943,0.9999980842322943,-8075.843790279501,0.9999980842322943,-8075.843790279501,0.9999980842322943,0.9999980842322943,-8075.843790279501,-8075.843790279501,-8075.843790279501,-8075.843790279501,-8075.843790279501,-8075.843790279501,-8075.843790279501,-8075.843790279501,0.9999980842322943,0.9999980842322943,0.9999980842322943,0.9999980842322943,0.9999980842322943,0.9999980842322943,0.9999980842322943,0.9999980842322943,-8075.843790279501,0.9999980842322943,-8075.843790279501,0.9999980842322943,-8075.843790279501,0.9999980842322943,-8075.843790279501,-8075.843790279501,-8075.843790279501,-8075.843790279501,-8075.843790279501,-8075.843790279501,-8075.843790279501,0.9999980842322943,0.9999980842322943,0.9999980842322943,0.9999980842322943,0.9999980842322943,0.9999980842322943,0.9999980842322943,0.9999980842322943,0.9999980842322943,0.9999980842322943,0.9999980842322943,-8075.843790279501,-8075.843790279501,-8075.843790279501,-8075.843790279501,0.1548703912736112,0.1548703912736112,0.1548703912736112,0.1548703912736112,0.1548703912736112,0.1548703912736112,0.1548703912736112,0.1548703912736112,0.1548703912736112,0.1548703912736112,-8075.843790279501,1128562,-8075.843790279501,-8075.843790279501,-8075.843790279501,-8075.843790279501,-8075.843790279501,-8075.843790279501,-8075.843790279501,-8075.843790279501,-8075.843790279501,-8075.843790279501,-8075.843790279501,-8075.843790279501,-8075.843790279501,-8075.843790279501,-8075.843790279501,-8075.843790279501,-8075.843790279501,-8075.843790279501,-8075.843790279501,-8075.843790279501,-8075.843790279501,-8075.843790279501,-8075.843790279501,-8075.843790279501,-8075.843790279501,-8075.843790279501,-8075.843790279501,-8075.843790279501,-8075.843790279501,-8075.843790279501,-8075.843790279501,-8075.843790279501,-8075.843790279501,-8075.843790279501,-8075.843790279501,0.1548703912736112,0.1548703912736112,0.1548703912736112,0.1548703912736112,0.1548703912736112,0.1548703912736112,0.1548703912736112,0.1548703912736112,0.1548703912736112,0.1548703912736112,-8075.843790279501,-8075.843790279501,-8075.843790279501,0.1548703912736112,-8075.843790279501,0.1548703912736112,-8075.843790279501,-8075.843790279501,-8075.843790279501,0.1548703912736112,0.1548703912736112,0.1548703912736112,0.1548703912736112,0.1548703912736112,0.1548703912736112,0.1548703912736112,0.1548703912736112,-8075.843790279501,-8075.843790279501,-8075.843790279501,-8075.843790279501,-8075.843790279501,-8075.843790279501,0.1548703912736112,-8075.843790279501,-8075.843790279501,500,-8075.843790279501,0.1548703912736112,0.1548703912736112,0.1548703912736112,0.1548703912736112,0.1548703912736112,0.1548703912736112,0.1548703912736112,0.1548703912736112,0.1548703912736112,-8075.843790279501,-8075.843790279501,-8075.843790279501,-8075.843790279501,-8075.843790279501,-8075.843790279501,-8075.843790279501,-8075.843790279501,-8075.843790279501,0.1548703912736112,0.1548703912736112,0.1548703912736112,0.1548703912736112,0.1548703912736112,0.1548703912736112,0.1548703912736112,0.1548703912736112,0.1548703912736112,0.1548703912736112,-8075.843790279501,-8075.843790279501,-8075.843790279501,-8075.843790279501,-8075.843790279501,0.9999980842322943,0.9999980842322943,0.9999980842322943,0.9999980842322943,500,500,500,500,500,500,500,500,500,500,500,500,500,500,/mnt/beegfs/rcabanas/dev/credici/papers/journalEM/models/synthetic/s3/random_mc2_n8_mid3_d1000_05_mr098_r10_159.uai,500,500,500,500,500,500,500,500,500,500,500,500,500,500,500,500,500,500,500,500,500,500,500,500,500,500,500,500,500,500,EMCC,random_mc2_n8_mid3_d1000_05_mr098_r10_159_uai,500,500,500,500,500,500,false,500,500,500,500,500,500,500,500,500,500,500,500,500,500,500,500,500,500,/mnt/beegfs/rcabanas/dev/credici/papers/journalEM/models/synthetic/s3/random_mc2_n8_mid3_d1000_05_mr098_r10_159_info.csv,500,500,500,500,500,500,500,500,500,500,500,1.0E-8,500,0.9999980842322943,500,0.9999980842322943,500,0.9999980842322943,500,0.9999980842322943,500,0.9999980842322943,500,0.9999980842322943,500,500,500,500,500
