CAUSAL 
50 
2 2 2 2 2 2 2 2 2 2 2 2 2 2 2 2 2 2 2 2 2 2 2 2 2 3 5 5 5 5 5 5 5 5 5 5 5 5 5 5 5 5 5 5 5 5 5 5 5 5 
50 
2	25 0 
3	26 0 1 
3	27 1 2 
3	28 2 3 
3	29 3 4 
3	30 4 5 
3	31 5 6 
3	32 6 7 
3	33 7 8 
3	34 8 9 
3	35 9 10 
3	36 10 11 
3	37 11 12 
3	38 12 13 
3	39 13 14 
3	40 14 15 
3	41 15 16 
3	42 16 17 
3	43 17 18 
3	44 18 19 
3	45 19 20 
3	46 20 21 
3	47 21 22 
3	48 22 23 
3	49 23 24 
1	25 
1	26 
1	27 
1	28 
1	29 
1	30 
1	31 
1	32 
1	33 
1	34 
1	35 
1	36 
1	37 
1	38 
1	39 
1	40 
1	41 
1	42 
1	43 
1	44 
1	45 
1	46 
1	47 
1	48 
1	49 

3	1 0 0 
10	1 0 1 1 1 0 0 1 0 1 
10	1 1 1 0 0 0 1 0 1 0 
10	1 1 0 0 1 0 0 0 1 1 
10	1 0 1 1 0 1 1 1 1 1 
10	1 1 1 1 1 1 1 0 0 0 
10	1 0 0 1 0 0 0 0 1 1 
10	0 0 0 1 1 0 0 1 0 1 
10	1 0 0 0 0 1 1 1 0 0 
10	1 0 1 0 1 1 1 1 0 1 
10	0 0 1 0 0 0 1 1 1 0 
10	0 1 1 0 1 0 0 0 0 0 
10	0 0 0 0 0 1 1 1 1 0 
10	1 0 0 0 0 0 1 1 0 0 
10	0 1 1 1 0 1 1 0 0 0 
10	1 1 0 0 1 0 0 0 1 0 
10	1 0 0 1 1 0 1 1 0 0 
10	1 1 0 0 0 1 1 1 1 0 
10	1 0 1 0 1 1 1 0 0 0 
10	0 1 1 1 1 0 1 0 0 1 
10	1 1 1 1 1 1 1 0 1 1 
10	1 0 1 1 0 0 0 0 0 0 
10	0 1 1 0 1 1 0 0 1 0 
10	0 1 0 1 0 0 0 0 1 1 
10	1 0 1 1 0 1 1 0 1 1 
3	0.025 0.73 0.245 
5	0.06 0.267 0.499 0.144 0.03 
5	0.031 0.803 0.03 0.017 0.119 
5	0.069 0.164 0.396 0.163 0.208 
5	0.002 0.005 0.003 0.98 0.01 
5	0.333 0.067 0.448 0.007 0.145 
5	0.067 0.269 0.136 0.294 0.234 
5	0.104 0.384 0.326 0.092 0.094 
5	0.008 0.003 0.391 0.574 0.024 
5	0.019 0.797 0.165 0.005 0.014 
5	0.818 0.003 0.15 0.013 0.016 
5	0.047 0.193 0.602 0.069 0.089 
5	0.422 0.054 0.469 0.033 0.022 
5	0.02 0.008 0.012 0.958 0.002 
5	0.128 0.19 0.132 0.496 0.054 
5	0.507 0.072 0.313 0.007 0.101 
5	0.002 0.236 0.612 0.078 0.072 
5	0.479 0.029 0.368 0.095 0.029 
5	0.839 0.021 0.019 0.036 0.085 
5	0.001 0.002 0.001 0.668 0.328 
5	0.292 0.007 0.559 0.104 0.038 
5	0.405 0.227 0.103 0.237 0.028 
5	0.049 0.84 0.003 0.106 0.002 
5	0.02 0.379 0.074 0.171 0.356 
5	0.623 0.009 0.054 0.015 0.299 
