CAUSAL 
30 
2 2 2 2 2 3 5 5 5 5 2 2 2 2 2 4 4 4 4 4 2 2 2 2 2 4 4 4 4 4 
30 
2	5 0 
3	6 0 1 
3	7 1 2 
3	8 2 3 
3	9 3 4 
1	5 
1	6 
1	7 
1	8 
1	9 
3	15 4 10 
3	16 10 11 
3	17 11 12 
3	18 12 13 
3	19 13 14 
1	15 
1	16 
1	17 
1	18 
1	19 
3	25 14 20 
3	26 20 21 
3	27 21 22 
3	28 22 23 
3	29 23 24 
1	25 
1	26 
1	27 
1	28 
1	29 

3	1 0 1 
10	1 0 1 0 1 1 1 0 1 1 
10	0 1 1 1 1 1 1 0 1 1 
10	1 0 1 0 1 0 1 1 0 0 
10	0 0 0 1 1 1 0 0 1 1 
3	0.017 0.927 0.056 
5	0.232 0.272 0.317 0.045 0.134 
5	0.019 0.026 0.254 0.683 0.018 
5	0.317 0.003 0.007 0.181 0.492 
5	0.038 0.391 0.064 0.459 0.048 
8	0 1 1 0 0 1 0 0 
8	0 1 1 1 0 1 0 0 
8	0 1 1 0 1 1 0 1 
8	0 0 1 1 1 0 0 1 
8	1 1 0 1 1 0 0 0 
4	0.35078 0.10464 0.4445 0.10008 
4	0.00785 0.00317 0.01158 0.9774 
4	0.45067 0.12553 0.3838 0.04 
4	0.06048 0.03188 0.11658 0.79106 
4	0.87255 0.00123 0.1189 0.00732 
8	1 1 0 1 1 0 0 1 
8	1 1 0 1 0 1 0 0 
8	0 1 0 0 1 0 1 0 
8	0 1 1 0 0 0 1 0 
8	0 0 1 0 0 1 0 1 
4	0.10146 0.38003 0.4253 0.09321 
4	0.40648 0.00972 0.07121 0.51259 
4	0.01481 0.02987 0.93619 0.01913 
4	0.12318 0.01054 0.84483 0.02145 
4	0.4898 0.26484 0.13187 0.11349 
