CAUSAL 
30 
2 2 2 2 2 3 5 5 5 5 2 2 2 2 2 4 4 4 4 4 2 2 2 2 2 4 4 4 4 4 
30 
2	5 0 
3	6 0 1 
3	7 1 2 
3	8 2 3 
3	9 3 4 
1	5 
1	6 
1	7 
1	8 
1	9 
3	15 4 10 
3	16 10 11 
3	17 11 12 
3	18 12 13 
3	19 13 14 
1	15 
1	16 
1	17 
1	18 
1	19 
3	25 14 20 
3	26 20 21 
3	27 21 22 
3	28 22 23 
3	29 23 24 
1	25 
1	26 
1	27 
1	28 
1	29 

3	0 0 1 
10	1 0 0 0 0 0 1 1 1 0 
10	0 1 0 0 1 0 1 0 1 0 
10	1 0 1 0 1 1 1 1 0 0 
10	1 1 0 0 0 1 1 0 0 1 
3	0.096 0.023 0.881 
5	0.007 0.001 0.002 0.029 0.961 
5	0.37 0.227 0.019 0.336 0.048 
5	0.008 0.186 0.013 0.45 0.343 
5	0.376 0.406 0.049 0.121 0.048 
8	0 0 0 0 1 0 1 1 
8	1 1 1 0 0 1 1 0 
8	1 0 1 0 0 0 0 1 
8	1 1 0 0 1 0 1 0 
8	0 1 1 0 0 0 1 0 
4	0.73005 0.12 0.07096 0.07899 
4	0.49748 0.02266 0.11787 0.36199 
4	0.0111 0.0851 0.02904 0.87476 
4	0.08722 0.36919 0.33289 0.2107 
4	0.19636 0.07229 0.3506 0.38075 
8	1 0 0 0 1 1 0 1 
8	0 1 0 1 0 0 1 0 
8	0 0 1 1 0 1 0 0 
8	0 1 1 1 0 1 1 0 
8	1 1 0 0 0 1 1 0 
4	0.78464 0.11152 0.06379 0.04005 
4	0.10301 0.07808 0.23835 0.58056 
4	0.35499 0.09793 0.51713 0.02995 
4	2.5E-4 0.93094 0.06638 0.00243 
4	0.03309 0.43551 0.03991 0.49149 
