CAUSAL 
30 
2 2 2 2 2 3 5 5 5 5 2 2 2 2 2 4 4 4 4 4 2 2 2 2 2 4 4 4 4 4 
30 
2	5 0 
3	6 0 1 
3	7 1 2 
3	8 2 3 
3	9 3 4 
1	5 
1	6 
1	7 
1	8 
1	9 
3	15 4 10 
3	16 10 11 
3	17 11 12 
3	18 12 13 
3	19 13 14 
1	15 
1	16 
1	17 
1	18 
1	19 
3	25 14 20 
3	26 20 21 
3	27 21 22 
3	28 22 23 
3	29 23 24 
1	25 
1	26 
1	27 
1	28 
1	29 

3	1 1 0 
10	1 1 0 0 1 1 1 0 1 0 
10	0 1 1 1 1 1 0 1 0 1 
10	0 1 1 1 1 0 0 1 0 1 
10	1 0 1 1 0 0 1 1 0 0 
3	0.186 0.741 0.073 
5	0.023 0.211 0.415 0.139 0.212 
5	0.006 0.046 0.471 0.013 0.464 
5	0.025 0.526 0.088 0.014 0.347 
5	0.003 0.536 0.43 0.003 0.028 
8	0 0 1 0 0 1 1 0 
8	1 1 0 0 0 1 1 0 
8	1 0 0 0 1 1 1 0 
8	1 0 1 0 1 1 0 1 
8	1 1 1 0 0 0 1 0 
4	0.00699 0.01001 0.02233 0.96067 
4	1.0E-4 8.0E-5 0.99705 0.00277 
4	0.04744 0.86441 0.08514 0.00301 
4	0.99873 1.0E-5 0.00121 5.0E-5 
4	0.16284 0.69619 0.0806 0.06037 
8	0 1 1 1 1 0 1 1 
8	0 1 0 1 0 0 0 1 
8	0 1 1 1 0 1 1 0 
8	0 1 0 0 0 1 1 1 
8	0 0 1 0 1 1 1 1 
4	0.27561 0.01058 0.70626 0.00755 
4	0.1061 0.34333 0.08702 0.46355 
4	0.18172 0.27384 0.49938 0.04506 
4	0.34042 0.21469 0.19428 0.25061 
4	0.00589 0.49553 0.05644 0.44214 
