CAUSAL 
30 
2 2 2 2 2 3 5 5 5 5 2 2 2 2 2 4 4 4 4 4 2 2 2 2 2 4 4 4 4 4 
30 
2	5 0 
3	6 0 1 
3	7 1 2 
3	8 2 3 
3	9 3 4 
1	5 
1	6 
1	7 
1	8 
1	9 
3	15 4 10 
3	16 10 11 
3	17 11 12 
3	18 12 13 
3	19 13 14 
1	15 
1	16 
1	17 
1	18 
1	19 
3	25 14 20 
3	26 20 21 
3	27 21 22 
3	28 22 23 
3	29 23 24 
1	25 
1	26 
1	27 
1	28 
1	29 

3	1 0 0 
10	1 1 1 1 0 0 1 0 0 1 
10	1 1 0 1 0 0 0 1 0 0 
10	1 0 1 0 1 0 0 0 1 0 
10	1 0 1 0 0 0 1 1 0 0 
3	0.042 0.788 0.17 
5	0.006 0.19 0.105 0.477 0.222 
5	0.018 0.007 0.027 0.187 0.761 
5	0.345 0.389 0.037 0.052 0.177 
5	0.011 0.169 0.785 0.001 0.034 
8	0 1 0 0 1 1 0 0 
8	0 1 0 1 1 1 0 1 
8	1 1 1 1 0 0 1 0 
8	0 0 1 0 0 1 1 0 
8	1 1 1 0 1 0 0 0 
4	0.57325 0.01782 0.01161 0.39732 
4	0.01091 0.01935 0.95927 0.01047 
4	0.31128 0.53654 0.03856 0.11362 
4	0.49034 0.31605 0.01069 0.18292 
4	0.59138 0.34207 0.01447 0.05208 
8	0 1 1 1 0 0 1 1 
8	0 0 1 1 0 1 1 0 
8	1 0 0 1 1 1 0 0 
8	1 0 1 1 0 0 1 1 
8	1 0 0 1 0 0 0 0 
4	0.09429 0.60324 0.19939 0.10308 
4	0.97474 4.0E-5 0.02519 3.0E-5 
4	0.0229 0.49203 0.07406 0.41101 
4	0.87663 0.11321 0.00423 0.00593 
4	0.13112 0.49271 0.02702 0.34915 
