CAUSAL 
30 
2 2 2 2 2 3 5 5 5 5 2 2 2 2 2 4 4 4 4 4 2 2 2 2 2 4 4 4 4 4 
30 
2	5 0 
3	6 0 1 
3	7 1 2 
3	8 2 3 
3	9 3 4 
1	5 
1	6 
1	7 
1	8 
1	9 
3	15 4 10 
3	16 10 11 
3	17 11 12 
3	18 12 13 
3	19 13 14 
1	15 
1	16 
1	17 
1	18 
1	19 
3	25 14 20 
3	26 20 21 
3	27 21 22 
3	28 22 23 
3	29 23 24 
1	25 
1	26 
1	27 
1	28 
1	29 

3	1 0 1 
10	1 0 0 1 1 0 0 1 1 1 
10	1 0 1 0 1 0 1 0 1 1 
10	0 0 0 1 0 1 0 1 1 0 
10	1 0 0 0 0 1 1 0 0 1 
3	0.45 0.065 0.485 
5	0.699 0.169 0.006 0.109 0.017 
5	0.02 0.952 0.001 0.003 0.024 
5	0.439 0.162 0.396 0.002 0.001 
5	0.011 0.115 0.135 0.718 0.021 
8	0 0 1 1 0 1 1 0 
8	0 0 1 1 0 1 1 0 
8	0 1 1 1 0 1 0 0 
8	1 0 0 0 1 0 0 0 
8	1 1 1 0 1 0 0 0 
4	0.28571 0.04712 0.45168 0.21549 
4	0.36727 0.28279 0.16997 0.17997 
4	0.54262 0.02251 0.22032 0.21455 
4	0.00523 0.2112 0.10598 0.67759 
4	0.72888 0.16122 0.04768 0.06222 
8	0 0 1 0 0 0 0 0 
8	1 1 1 0 0 0 0 1 
8	0 0 0 0 1 0 0 1 
8	0 1 0 1 1 0 0 0 
8	1 1 0 1 0 0 0 1 
4	0.07538 0.14838 0.7504 0.02584 
4	0.25757 0.26112 0.20665 0.27466 
4	0.71428 0.09613 0.06611 0.12348 
4	0.38137 0.12297 0.34327 0.15239 
4	0.12029 0.02486 0.40835 0.4465 
