CAUSAL 
30 
2 2 2 2 2 3 5 5 5 5 2 2 2 2 2 4 4 4 4 4 2 2 2 2 2 4 4 4 4 4 
30 
2	5 0 
3	6 0 1 
3	7 1 2 
3	8 2 3 
3	9 3 4 
1	5 
1	6 
1	7 
1	8 
1	9 
3	15 4 10 
3	16 10 11 
3	17 11 12 
3	18 12 13 
3	19 13 14 
1	15 
1	16 
1	17 
1	18 
1	19 
3	25 14 20 
3	26 20 21 
3	27 21 22 
3	28 22 23 
3	29 23 24 
1	25 
1	26 
1	27 
1	28 
1	29 

3	1 1 0 
10	1 0 1 1 1 1 0 1 0 1 
10	0 0 1 1 0 0 0 0 1 0 
10	0 1 0 1 1 0 0 1 1 1 
10	1 1 1 0 0 0 0 0 1 1 
3	0.715 0.163 0.122 
5	0.049 0.113 0.493 0.192 0.153 
5	0.263 0.19 0.074 0.022 0.451 
5	0.655 0.012 0.305 0.021 0.007 
5	0.23 0.145 0.375 0.116 0.134 
8	1 0 1 0 0 0 0 1 
8	0 0 0 1 1 1 1 0 
8	1 0 1 1 0 0 1 0 
8	1 0 0 0 0 1 1 1 
8	1 1 1 0 0 1 0 0 
4	0.01842 0.39528 0.09693 0.48937 
4	0.19643 0.22678 0.155 0.42179 
4	0.00313 0.00512 0.00836 0.98339 
4	0.78492 0.08154 0.07315 0.06039 
4	0.44314 0.16827 0.22047 0.16812 
8	0 1 1 1 0 0 0 0 
8	1 1 1 0 1 1 0 0 
8	0 0 1 1 0 1 1 0 
8	1 1 0 1 1 0 0 1 
8	1 1 0 1 1 1 0 0 
4	0.0224 0.2351 0.58836 0.15414 
4	0.03734 0.08021 0.27624 0.60621 
4	9.1E-4 0.98276 0.00877 0.00756 
4	0.23208 0.26346 0.10564 0.39882 
4	0.02539 0.10028 0.86768 0.00665 
