CAUSAL 
30 
2 2 2 2 2 3 5 5 5 5 2 2 2 2 2 4 4 4 4 4 2 2 2 2 2 4 4 4 4 4 
30 
2	5 0 
3	6 0 1 
3	7 1 2 
3	8 2 3 
3	9 3 4 
1	5 
1	6 
1	7 
1	8 
1	9 
3	15 4 10 
3	16 10 11 
3	17 11 12 
3	18 12 13 
3	19 13 14 
1	15 
1	16 
1	17 
1	18 
1	19 
3	25 14 20 
3	26 20 21 
3	27 21 22 
3	28 22 23 
3	29 23 24 
1	25 
1	26 
1	27 
1	28 
1	29 

3	1 0 1 
10	1 0 0 1 1 1 0 0 1 0 
10	1 0 0 0 1 1 1 0 1 0 
10	0 1 0 1 0 1 0 0 0 0 
10	0 0 0 1 1 1 1 0 1 0 
3	0.276 0.142 0.582 
5	0.16 0.023 0.021 0.009 0.787 
5	0.058 0.004 0.05 0.057 0.831 
5	0.19 0.084 0.168 0.219 0.339 
5	0.244 0.017 0.591 0.01 0.138 
8	1 1 1 1 0 0 0 1 
8	0 1 0 1 1 1 1 1 
8	1 0 0 0 0 1 1 0 
8	1 1 1 0 0 0 1 0 
8	1 1 1 0 0 0 1 0 
4	0.00222 4.0E-5 0.97127 0.02647 
4	0.55613 0.19775 0.16974 0.07638 
4	0.82083 0.08791 0.03334 0.05792 
4	0.05846 0.77162 0.14386 0.02606 
4	0.57736 0.14157 0.21788 0.06319 
8	0 1 1 1 0 1 1 0 
8	0 1 0 0 1 1 0 1 
8	1 1 0 1 1 0 0 0 
8	0 0 0 0 0 1 1 0 
8	0 0 1 1 1 0 0 1 
4	0.0875 0.1373 0.06609 0.70911 
4	0.73966 0.11835 0.03211 0.10988 
4	0.67543 0.06199 0.18883 0.07375 
4	0.04941 0.57397 0.23157 0.14505 
4	0.8075 0.00806 0.16701 0.01743 
