CAUSAL 
30 
2 2 2 2 2 2 2 2 2 2 2 2 2 2 2 3 5 5 5 5 5 5 5 5 5 5 5 5 5 5 
30 
2	15 0 
3	16 0 1 
3	17 1 2 
3	18 2 3 
3	19 3 4 
3	20 4 5 
3	21 5 6 
3	22 6 7 
3	23 7 8 
3	24 8 9 
3	25 9 10 
3	26 10 11 
3	27 11 12 
3	28 12 13 
3	29 13 14 
1	15 
1	16 
1	17 
1	18 
1	19 
1	20 
1	21 
1	22 
1	23 
1	24 
1	25 
1	26 
1	27 
1	28 
1	29 

3	0 0 1 
10	1 0 0 0 1 0 1 0 0 1 
10	0 1 0 0 1 1 1 0 1 1 
10	0 1 0 1 0 0 0 0 0 0 
10	1 0 0 1 1 1 1 0 1 1 
10	0 1 1 1 1 1 1 1 1 0 
10	1 0 1 1 0 1 0 1 0 1 
10	0 1 0 1 0 0 1 1 0 0 
10	0 1 0 1 0 0 0 0 1 1 
10	0 1 0 1 1 0 1 0 1 1 
10	0 1 1 0 1 0 0 0 0 1 
10	1 1 1 1 1 0 1 0 0 1 
10	1 0 0 1 1 1 1 0 0 1 
10	1 0 0 0 0 1 1 0 0 0 
10	1 0 0 0 0 1 1 0 1 1 
3	0.345 0.255 0.4 
5	0.083 0.41 0.014 0.081 0.412 
5	0.057 0.186 0.03 0.69 0.037 
5	0.052 0.64 0.206 0.01 0.092 
5	0.022 0.047 0.001 0.928 0.002 
5	0.082 0.037 0.131 0.062 0.688 
5	0.013 0.017 0.031 0.878 0.061 
5	0.23 0.006 0.045 0.496 0.223 
5	0.005 0.007 0.036 0.876 0.076 
5	0.002 0.843 0.119 0.004 0.032 
5	0.034 0.6 0.141 0.15 0.075 
5	0.701 0.002 0.264 0.028 0.005 
5	0.072 0.46 0.23 0.192 0.046 
5	0.012 0.168 0.141 0.649 0.03 
5	0.102 0.085 0.086 0.57 0.157 
