CAUSAL 
30 
2 2 2 2 2 2 2 2 2 2 2 2 2 2 2 3 5 5 5 5 5 5 5 5 5 5 5 5 5 5 
30 
2	15 0 
3	16 0 1 
3	17 1 2 
3	18 2 3 
3	19 3 4 
3	20 4 5 
3	21 5 6 
3	22 6 7 
3	23 7 8 
3	24 8 9 
3	25 9 10 
3	26 10 11 
3	27 11 12 
3	28 12 13 
3	29 13 14 
1	15 
1	16 
1	17 
1	18 
1	19 
1	20 
1	21 
1	22 
1	23 
1	24 
1	25 
1	26 
1	27 
1	28 
1	29 

3	1 0 1 
10	1 0 1 1 0 0 0 0 0 1 
10	0 0 0 1 1 1 0 1 1 0 
10	1 1 1 0 1 1 0 0 0 1 
10	1 0 1 1 0 1 1 1 0 0 
10	1 0 1 1 1 0 1 0 1 0 
10	0 1 0 1 1 1 0 0 1 1 
10	1 1 1 1 0 0 0 1 0 0 
10	1 1 1 0 1 0 0 1 1 1 
10	1 0 1 0 1 0 0 1 0 1 
10	0 1 1 0 0 0 1 0 1 1 
10	1 0 1 0 0 1 0 1 0 1 
10	1 0 1 1 0 1 1 0 0 0 
10	1 0 1 0 1 1 0 0 0 0 
10	0 1 0 0 0 1 1 1 1 0 
3	0.207 0.484 0.309 
5	0.037 0.17 0.012 0.166 0.615 
5	0.188 0.589 0.15 0.048 0.025 
5	0.003 0.252 0.023 0.003 0.719 
5	0.02 0.018 0.001 0.797 0.164 
5	0.384 0.422 0.058 0.084 0.052 
5	0.004 0.119 0.721 0.001 0.155 
5	0.112 0.65 0.075 0.059 0.104 
5	0.186 0.488 0.113 0.065 0.148 
5	0.015 0.75 0.02 0.207 0.008 
5	0.344 0.084 0.399 0.134 0.039 
5	0.001 0.011 0.019 0.033 0.936 
5	0.056 0.007 0.144 0.758 0.035 
5	0.563 0.022 0.115 0.172 0.128 
5	0.287 0.195 0.281 0.092 0.145 
