CAUSAL 
30 
2 2 2 2 2 2 2 2 2 2 2 2 2 2 2 3 5 5 5 5 5 5 5 5 5 5 5 5 5 5 
30 
2	15 0 
3	16 0 1 
3	17 1 2 
3	18 2 3 
3	19 3 4 
3	20 4 5 
3	21 5 6 
3	22 6 7 
3	23 7 8 
3	24 8 9 
3	25 9 10 
3	26 10 11 
3	27 11 12 
3	28 12 13 
3	29 13 14 
1	15 
1	16 
1	17 
1	18 
1	19 
1	20 
1	21 
1	22 
1	23 
1	24 
1	25 
1	26 
1	27 
1	28 
1	29 

3	0 1 1 
10	0 0 0 1 0 1 0 0 1 0 
10	0 0 0 1 0 1 1 1 0 1 
10	1 0 1 0 1 1 0 0 1 1 
10	1 0 1 1 1 0 0 0 1 1 
10	1 1 0 1 1 1 0 1 1 0 
10	1 1 1 0 1 1 0 1 1 0 
10	0 1 1 1 0 0 1 1 0 1 
10	1 0 0 0 1 0 1 1 1 1 
10	0 0 1 1 0 1 1 0 0 1 
10	1 0 0 0 0 0 1 0 1 1 
10	0 0 0 0 0 0 1 1 0 1 
10	0 0 0 0 1 1 0 1 0 0 
10	1 1 0 1 0 1 1 0 1 0 
10	0 0 1 1 1 0 0 1 1 1 
3	0.577 0.295 0.128 
5	0.674 0.001 0.004 0.002 0.319 
5	0.547 0.075 0.172 0.197 0.009 
5	0.105 0.067 0.009 0.803 0.016 
5	0.039 0.478 0.285 0.071 0.127 
5	0.71 0.04 0.012 0.002 0.236 
5	0.569 0.031 0.269 0.012 0.119 
5	0.106 0.406 0.157 0.18 0.151 
5	0.403 0.211 0.013 0.372 0.001 
5	0.139 0.009 0.021 0.475 0.356 
5	0.075 0.106 0.273 0.457 0.089 
5	0.095 0.063 0.263 0.143 0.436 
5	0.053 0.442 0.328 0.12 0.057 
5	0.007 0.178 0.784 0.028 0.003 
5	0.106 0.122 0.065 0.675 0.032 
