CAUSAL 
30 
2 2 2 2 2 2 2 2 2 2 2 2 2 2 2 3 5 5 5 5 5 5 5 5 5 5 5 5 5 5 
30 
2	15 0 
3	16 0 1 
3	17 1 2 
3	18 2 3 
3	19 3 4 
3	20 4 5 
3	21 5 6 
3	22 6 7 
3	23 7 8 
3	24 8 9 
3	25 9 10 
3	26 10 11 
3	27 11 12 
3	28 12 13 
3	29 13 14 
1	15 
1	16 
1	17 
1	18 
1	19 
1	20 
1	21 
1	22 
1	23 
1	24 
1	25 
1	26 
1	27 
1	28 
1	29 

3	1 0 0 
10	0 1 1 1 0 1 1 1 0 0 
10	1 1 0 1 0 1 1 1 0 0 
10	0 0 0 0 1 0 0 1 1 1 
10	0 1 0 0 1 1 1 1 0 0 
10	1 1 0 1 0 1 0 0 0 0 
10	1 0 1 0 0 0 0 0 1 1 
10	0 0 0 0 0 1 1 0 0 0 
10	0 0 0 0 0 1 1 1 0 1 
10	1 0 1 1 0 0 1 1 1 1 
10	1 1 0 1 0 1 1 0 0 0 
10	1 0 0 0 0 0 1 1 1 0 
10	0 1 1 1 1 0 0 0 0 1 
10	0 1 0 0 0 1 1 0 1 0 
10	0 0 1 0 1 0 0 1 0 0 
3	0.531 0.435 0.034 
5	0.211 0.085 0.153 0.12 0.431 
5	0.002 0.001 0.879 0.114 0.004 
5	0.181 0.761 0.003 0.035 0.02 
5	0.407 0.41 0.165 0.012 0.006 
5	0.341 0.43 0.006 0.191 0.032 
5	0.001 0.002 0.001 0.003 0.993 
5	0.216 0.506 0.212 0.031 0.035 
5	0.323 0.127 0.239 0.017 0.294 
5	0.509 0.055 0.303 0.005 0.128 
5	0.348 0.112 0.014 0.385 0.141 
5	0.015 0.088 0.125 0.075 0.697 
5	0.165 0.679 0.022 0.067 0.067 
5	0.001 0.032 0.103 0.494 0.37 
5	0.144 0.47 0.208 0.078 0.1 
