CAUSAL 
30 
2 2 2 2 2 2 2 2 2 2 2 2 2 2 2 3 5 5 5 5 5 5 5 5 5 5 5 5 5 5 
30 
2	15 0 
3	16 0 1 
3	17 1 2 
3	18 2 3 
3	19 3 4 
3	20 4 5 
3	21 5 6 
3	22 6 7 
3	23 7 8 
3	24 8 9 
3	25 9 10 
3	26 10 11 
3	27 11 12 
3	28 12 13 
3	29 13 14 
1	15 
1	16 
1	17 
1	18 
1	19 
1	20 
1	21 
1	22 
1	23 
1	24 
1	25 
1	26 
1	27 
1	28 
1	29 

3	0 0 1 
10	1 0 0 0 1 0 1 0 0 1 
10	0 1 0 1 0 1 1 1 0 1 
10	1 0 0 1 0 1 0 1 1 1 
10	1 1 1 1 0 0 0 1 0 1 
10	0 0 1 1 1 0 0 1 1 1 
10	0 1 1 1 0 1 1 1 1 1 
10	0 1 0 0 0 0 1 1 0 1 
10	0 0 1 0 0 1 1 0 0 1 
10	0 1 0 1 1 1 1 1 1 1 
10	0 0 0 1 0 0 1 1 0 0 
10	1 1 1 1 0 0 1 0 0 0 
10	0 0 0 1 0 0 1 1 1 0 
10	1 1 0 1 0 0 0 1 1 1 
10	0 1 0 1 0 1 1 0 0 1 
3	0.375 0.001 0.624 
5	0.916 0.008 0.013 0.022 0.041 
5	0.026 0.487 0.238 0.063 0.186 
5	0.011 0.003 0.822 0.093 0.071 
5	0.06 0.006 0.667 0.059 0.208 
5	0.015 0.378 0.046 0.155 0.406 
5	0.012 0.05 0.541 0.031 0.366 
5	0.029 0.131 0.782 0.007 0.051 
5	0.34 0.273 0.027 0.202 0.158 
5	0.026 0.163 0.06 0.095 0.656 
5	0.097 0.127 0.053 0.502 0.221 
5	0.013 0.094 0.357 0.338 0.198 
5	0.011 0.885 0.001 0.002 0.101 
5	0.018 0.007 0.957 0.007 0.011 
5	0.637 0.009 0.093 0.234 0.027 
