CAUSAL 
30 
2 2 2 2 2 2 2 2 2 2 2 2 2 2 2 3 5 5 5 5 5 5 5 5 5 5 5 5 5 5 
30 
2	15 0 
3	16 0 1 
3	17 1 2 
3	18 2 3 
3	19 3 4 
3	20 4 5 
3	21 5 6 
3	22 6 7 
3	23 7 8 
3	24 8 9 
3	25 9 10 
3	26 10 11 
3	27 11 12 
3	28 12 13 
3	29 13 14 
1	15 
1	16 
1	17 
1	18 
1	19 
1	20 
1	21 
1	22 
1	23 
1	24 
1	25 
1	26 
1	27 
1	28 
1	29 

3	1 0 0 
10	0 1 1 1 0 1 1 0 0 1 
10	1 1 1 1 1 1 0 1 1 0 
10	0 1 1 0 1 0 0 0 0 0 
10	1 1 1 1 0 0 0 0 0 0 
10	1 1 1 1 0 0 1 0 0 0 
10	0 1 1 1 1 0 1 1 1 1 
10	0 1 1 1 0 0 0 0 0 1 
10	0 0 0 1 0 1 1 0 0 1 
10	0 1 1 1 0 0 0 0 1 1 
10	0 0 1 0 1 0 0 0 1 0 
10	1 1 0 1 0 0 0 0 1 1 
10	1 0 1 0 1 0 0 1 0 1 
10	0 1 0 1 0 0 0 1 0 1 
10	0 1 0 0 1 0 0 0 0 1 
3	0.298 0.501 0.201 
5	0.147 0.136 0.098 0.341 0.278 
5	0.133 0.115 0.377 0.34 0.035 
5	0.002 0.029 0.598 0.361 0.01 
5	0.116 0.531 0.05 0.3 0.003 
5	0.002 0.034 0.792 0.005 0.167 
5	0.165 0.223 0.009 0.584 0.019 
5	0.021 0.015 0.097 0.747 0.12 
5	0.005 0.005 0.815 0.084 0.091 
5	0.346 0.015 0.021 0.543 0.075 
5	0.012 0.017 0.282 0.037 0.652 
5	0.056 0.001 0.939 0.002 0.002 
5	0.153 0.397 0.08 0.136 0.234 
5	0.009 0.025 0.361 0.58 0.025 
5	0.006 0.108 0.099 0.115 0.672 
