CAUSAL 
30 
2 2 2 2 2 2 2 2 2 2 2 2 2 2 2 3 5 5 5 5 5 5 5 5 5 5 5 5 5 5 
30 
2	15 0 
3	16 0 1 
3	17 1 2 
3	18 2 3 
3	19 3 4 
3	20 4 5 
3	21 5 6 
3	22 6 7 
3	23 7 8 
3	24 8 9 
3	25 9 10 
3	26 10 11 
3	27 11 12 
3	28 12 13 
3	29 13 14 
1	15 
1	16 
1	17 
1	18 
1	19 
1	20 
1	21 
1	22 
1	23 
1	24 
1	25 
1	26 
1	27 
1	28 
1	29 

3	0 0 1 
10	0 1 0 0 0 0 0 0 0 0 
10	0 0 1 0 1 0 1 0 0 0 
10	0 0 0 1 1 1 0 0 1 1 
10	0 1 0 0 0 0 0 1 0 0 
10	0 1 0 1 0 1 0 1 1 1 
10	1 1 0 0 1 1 0 0 0 0 
10	1 1 1 1 0 1 0 1 0 0 
10	0 1 0 0 0 1 0 1 1 1 
10	0 0 0 1 1 0 1 1 1 1 
10	0 0 0 1 0 0 1 0 0 1 
10	1 1 0 0 0 0 1 1 1 1 
10	0 0 1 0 1 0 1 0 1 1 
10	0 1 0 0 0 1 1 0 0 1 
10	1 1 1 1 0 0 1 0 0 0 
3	0.583 0.373 0.044 
5	0.603 0.038 0.122 0.02 0.217 
5	0.049 0.014 0.805 0.089 0.043 
5	0.001 0.026 0.276 0.694 0.003 
5	0.156 0.277 0.336 0.057 0.174 
5	0.093 0.01 0.069 0.814 0.014 
5	0.744 0.098 0.115 0.039 0.004 
5	0.302 0.033 0.256 0.407 0.002 
5	0.244 0.018 0.715 0.014 0.009 
5	0.017 0.025 0.01 0.199 0.749 
5	0.009 0.238 0.123 0.225 0.405 
5	0.003 0.502 0.002 0.18 0.313 
5	0.151 0.504 0.214 0.019 0.112 
5	0.035 0.326 0.092 0.412 0.135 
5	0.225 0.603 0.073 0.062 0.037 
