pns_91,pns_92,trueState,pns_90,pns_95,ll_89,pns_96,pns_93,pns_94,pns_99,pns_97,pns_98,ll_90,ll_91,ll_96,ll_97,ll_98,ll_99,datasize,ll_92,ll_93,ll_94,ll_95,pns_80,pns_81,pns_84,ll_78,pns_85,ll_79,pns_82,pns_83,pns_88,pns_89,pns_86,pns_87,ll_80,ll_85,ll_86,ll_87,ll_88,ll_81,ll_82,ll_83,ll_84,pns_70,pns_73,pns_74,pns_71,pns_72,pns_77,pns_78,pns_75,pns_76,pns_79,ll_max,pns_62,pns_63,pns_60,pns_61,pns_66,pns_67,pns_64,pns_65,pns_68,pns_69,exactPath,stop_criteria,ll_1,ll_2,ll_0,ll_5,ll_6,ll_3,ll_4,pns_11,ll_9,pns_12,ll_7,pns_10,ll_8,pns_15,pns_16,pns_13,pns_14,pns_19,pns_17,pns_18,time_learn,iter_9,iter_8,iter_7,iter_6,iter_5,iter_4,iter_3,iter_2,iter_1,iter_0,pns_51,pns_52,pns_50,pns_55,pns_56,pns_53,pns_54,pns_59,pns_57,pns_58,pns_40,pns_41,pns_44,pns_45,pns_42,pns_43,pns_48,pns_49,pns_46,pns_47,pns_30,iter_max,pns_33,pns_34,cause,pns_31,pns_32,pns_37,pns_38,pns_35,pns_36,pns_39,pns_22,pns_23,pns_20,pns_21,pns_26,pns_27,pns_24,pns_25,time_pns,pns_28,pns_29,ratio_62,ratio_63,ratio_64,ratio_65,ratio_66,ratio_67,ratio_68,ratio_69,ratio_60,ratio_61,ratio_51,ratio_52,ratio_53,ratio_54,ratio_55,ratio_56,ratio_57,ratio_58,ratio_59,ratio_50,ratio_40,ratio_41,ratio_42,ratio_43,ratio_44,ratio_45,ratio_46,ratio_47,ratio_48,ratio_49,ratio_0,ratio_1,ratio_2,ratio_3,ratio_30,ratio_31,ratio_32,ratio_33,ratio_34,ratio_35,ratio_36,ratio_37,ratio_38,ratio_39,iter_10,iter_11,iter_16,iter_17,iter_18,iter_19,iter_12,iter_13,iter_14,iter_15,ratio_95,ratio_96,ratio_97,ratio_98,ratio_99,pns_u,ratio_90,ratio_91,pns_l,ratio_92,ratio_93,ratio_94,iter_30,ratio_84,iter_31,ratio_85,iter_32,ratio_86,iter_33,ratio_87,ratio_88,ratio_89,modelPath,iter_38,iter_39,iter_34,iter_35,iter_36,iter_37,ratio_80,ratio_81,ratio_82,ratio_83,ratio_73,iter_20,ratio_74,iter_21,ratio_75,iter_22,ratio_76,ratio_77,ratio_78,ratio_79,iter_27,iter_28,iter_29,iter_23,iter_24,iter_25,iter_26,pns_8,pns_9,pns_6,pns_7,pns_4,pns_5,pns_2,pns_3,pns_0,pns_1,ratio_70,ratio_71,ratio_72,iter_52,iter_53,iter_54,iter_55,iter_50,iter_51,iter_56,iter_57,iter_58,iter_59,ll_10,ll_11,iter_41,iter_42,iter_43,iter_44,method,modelID,iter_40,iter_49,iter_45,iter_46,iter_47,iter_48,exact,iter_74,ll_27,iter_75,ll_28,iter_76,ll_29,iter_77,iter_70,ll_23,iter_71,ll_24,iter_72,ll_25,iter_73,ll_26,iter_78,iter_79,ll_30,ll_31,ll_32,iter_80,ll_33,iter_63,ll_16,iter_64,ll_17,iter_65,ll_18,iter_66,ll_19,ll_12,iter_60,ll_13,iter_61,ll_14,iter_62,ll_15,infoPath,iter_67,iter_68,iter_69,ll_20,ll_21,ll_22,iter_96,ll_49,iter_97,iter_98,ratio_20,iter_99,ratio_21,iter_92,ratio_22,ll_45,iter_93,ratio_23,ll_46,iter_94,ratio_24,ll_47,iter_95,ratio_25,ll_48,ratio_26,ratio_27,ratio_28,threshold,ratio_29,falseState,ll_52,ll_53,ll_54,ll_55,ll_50,ll_51,iter_85,ratio_4,ll_38,iter_86,ratio_5,ll_39,iter_87,ratio_6,iter_88,ratio_7,ratio_10,iter_81,ratio_8,ratio_11,ll_34,iter_82,ratio_9,ratio_12,ll_35,iter_83,ratio_13,ll_36,iter_84,ratio_14,ll_37,ratio_15,ratio_16,ratio_17,ratio_18,iter_89,ratio_19,effect,ll_41,ll_42,iter_90,ll_43,iter_91,ll_44,ll_40,ll_67,ll_68,ll_69,ll_74,ll_75,ll_76,ll_77,ll_70,ll_71,ll_72,ll_73,ll_56,ll_57,ll_58,ll_59,ll_63,ll_64,ll_65,ll_66,ll_60,ll_61,ll_62
0.5754294614033673,0.2704681689394104,0,0.3951695755168791,0.09542635529590555,-2011.3931185657616,0.6088350838158818,0.5992937848878819,0.2510039813419383,0.29849663342304955,0.279985474832359,0.2820061705249438,-2065.183461240812,-2105.198913754456,-2064.2683400597684,-2010.5521687530343,-2009.8866382507956,-2012.6307857029044,1000,-2048.0043508536783,-2114.6453314433347,-2070.2298973779707,-2018.8439494043755,0.21168572934944702,0.3188800194644952,0.46946898644052354,-2015.4736607021614,0.44302533708840164,-2043.2836054955387,0.4681911034878281,0.5485093984116748,0.6448620288937649,0.2643531612357443,0.30609751869085766,0.19755026766719377,-2006.9397262858868,-2007.4816913527827,-2018.973716784601,-2007.3832822458526,-2146.9133332927618,-2013.6577639438613,-2023.837507705954,-2094.8456354132995,-2048.977247627368,0.25869917987410723,0.4524741446857993,0.4651378995399537,0.4677017577728116,0.3223293120264038,0.6497605339327053,0.3388724493819441,0.4762630056187834,0.25950882163544686,0.5357702368273459,-2005.887967245264,0.12860352716805895,0.3604307199030863,0.2717212462025649,0.42340101080704673,0.2595041737469971,0.6312657720627592,0.2908910185017725,0.022326839781156037,0.5411065130107112,0.35387130892949376,/mnt/beegfs/rcabanas/dev/credici/papers/journalEM/output/synthetic/s1/random_mc2_n5_mid3_d1000_05_mr098_r10_8_uai_ccve.csv,LLratio,-2008.7300956297947,-2085.461295571733,-2010.8034117591035,-2079.0899773039414,-2084.6561999675787,-2007.6039572066845,-2016.1734341989238,0.5306674626352301,-2019.4010257885593,0.15565462630800525,-2025.9855322625376,0.09610919645530969,-2019.3410022901605,0.32622037107470486,0.27009078448505097,0.3603294306741627,0.6286951637750988,0.40071606833435874,0.1945745289356381,0.523297805325088,90171,500,500,500,500,500,500,492,500,500,500,0.3776023917780584,0.4316551027628359,0.1618538004602228,0.3441465621632696,0.6182334722405028,0.3729373656970599,0.4007337429297199,0.09200084078781832,0.637407594219992,0.15682603172645176,0.351287474797392,0.3641895047148449,0.11308363543380638,0.4494538035405327,0.47612476603871484,0.02679112821421595,0.3034035035695564,0.5725605158603949,0.6070383016004505,0.5011358916722668,0.41957421852841864,500,0.10436295098742586,0.33629095918252044,2,0.2419901309812521,0.4936446787539881,0.5770191746234482,0.29720146948951026,0.3117723820972714,0.35195947429351365,0.2735449688244015,0.37502031400500235,0.518727028062114,0.542936346812752,0.5886235861288116,0.39347401640298074,0.3408751748245559,0.3449153448827368,0.5155045609674495,204,0.5605916682616955,0.3557073436195089,0.9855624547374483,0.9996253225408079,0.9871502596043703,0.9626229502268252,0.9904821033913541,0.9503694956682022,0.9694157525060204,0.9955791180018477,0.9662019156311576,0.9960145044009667,0.9912487737986373,0.9945622492459945,0.995290492027099,0.9663481842423889,0.9975388398573914,0.9578236893847163,0.9738088645248169,0.997677759960513,0.9892747314101563,0.9630876598311089,0.9905714281721949,0.989192082061925,0.9979510117937774,0.9416212339088479,0.9910040318217956,0.9751040893869459,0.981163368370869,0.9631386982470937,0.9869141488634955,0.9749063802893299,0.9975554823086664,0.9985851118621094,0.9618437760051292,0.9991452547424705,0.9986215522810774,0.9728706610763057,0.9923840360622281,0.9947058408887023,0.9942497078500216,0.9931159014302413,0.9814657461493786,0.9881947637337329,0.9906605489110412,0.9990964837444466,500,500,500,500,500,500,500,500,500,500,0.9935824746816444,0.9717186125071252,0.9976801390283432,0.9980104992344189,0.996649748922883,0.6497605339327053,0.9712880259268,0.9528258608436774,0.022326839781156037,0.9794354032544617,0.9485694539027786,0.9689203937136652,500,0.9789703470685194,500,0.9992061077745399,500,0.9935186132288156,500,0.9992550924311198,0.9343125016456979,0.9972630157328852,/mnt/beegfs/rcabanas/dev/credici/papers/journalEM/models/synthetic/s1/random_mc2_n5_mid3_d1000_05_mr098_r10_8.uai,500,98,500,500,500,500,0.9994759388999844,0.9961414512248697,0.9911309379372873,0.9575349769624032,0.9990331717436857,500,0.9994797614540709,500,0.9778461520324788,500,0.9720220908649004,0.9686642584831532,0.995243950023362,0.9816982634472786,500,500,500,500,500,500,500,0.3485840573030897,0.24042315427445168,0.10847174849281935,0.5348329384545413,0.5323685757753006,0.11351202587252687,0.10660775383053507,0.26402088791744543,0.43367139202672517,0.3373534615930606,0.9927276518598386,0.9996852626931674,0.993921539534583,500,500,500,500,500,500,500,500,500,500,-2022.7616244208089,-2059.1122952613946,500,500,500,500,EMCC,random_mc2_n5_mid3_d1000_05_mr098_r10_8_uai,500,500,500,500,500,500,false,17,-2021.1016447426314,500,-2034.2506126303895,500,-2037.837137501329,500,500,-2012.8953728037209,17,-2008.4138373802175,500,-2015.5191760319622,500,-2007.8647914741823,500,500,-2008.6567956232893,-2061.823886256485,-2021.2819778969958,16,-2016.5639778018585,20,-2008.0083209956554,500,-2038.1152550554311,500,-2079.3728317678897,500,-2019.6175425387723,-2073.6110521378782,500,-2021.6987079020275,500,-2060.938599043961,500,-2064.677590089067,/mnt/beegfs/rcabanas/dev/credici/papers/journalEM/models/synthetic/s1/random_mc2_n5_mid3_d1000_05_mr098_r10_8_info.csv,500,500,500,-2030.1076260317245,-2074.2701441508843,-2007.6887237484464,500,-2057.5185554226887,500,500,0.9880697661168819,500,0.9670331383313562,500,0.9991030698723954,-2057.1013793064685,500,0.9965187432724353,-2044.3975304294693,500,0.9987423557396676,-2082.657431267135,500,0.9952214749920367,-2032.4847602551777,0.9990154594884516,0.992472581704665,0.9860574477849359,0.999,0.9843220198179139,1,-2016.8551227094977,-2015.3794126575958,-2075.740400772697,-2010.8369590220937,-2082.7678008012535,-2023.5969216469784,270,0.9948985207427126,-2024.798473554021,500,0.9647913217524133,-2007.7019586011666,439,0.9622152407080172,500,0.9900801043752622,0.9916581089082227,500,0.9933379082435118,0.9741518089428078,-2017.489119089431,500,0.9933083828468305,0.9673405073614013,-2019.792417336661,500,0.9921794772905748,-2043.7676761670389,500,0.9732885628789552,-2029.850835948921,0.9715260033208059,0.9989440513128255,0.9841877009996225,0.9646600824056415,500,0.993201893425698,4,-2027.804309820277,-2010.0064467490845,500,-2130.249292402258,500,-2024.096676537,-2024.9806426847326,-2110.6400998644535,-2069.172036930365,-2014.795138804369,-2006.9320506570766,-2051.3328840901754,-2063.6238477465413,-2070.777309762948,-2020.5823455076602,-2006.5194937868462,-2018.1552441096587,-2007.8291932431448,-2094.2141956561964,-2059.837448926966,-2010.5569631267063,-2027.6348961081642,-2006.6398099507705,-2031.998622022531,-2083.7732642595024,-2025.1632617865769,-2076.054637021648,-2013.914414280208,-2035.2723032449817
