pns_91,pns_92,trueState,pns_90,pns_95,ll_89,pns_96,pns_93,pns_94,pns_99,pns_97,pns_98,ll_90,ll_91,ll_96,ll_97,ll_98,ll_99,datasize,ll_92,ll_93,ll_94,ll_95,pns_80,pns_81,pns_84,ll_78,pns_85,ll_79,pns_82,pns_83,pns_88,pns_89,pns_86,pns_87,ll_80,ll_85,ll_86,ll_87,ll_88,ll_81,ll_82,ll_83,ll_84,pns_70,pns_73,pns_74,pns_71,pns_72,pns_77,pns_78,pns_75,pns_76,pns_79,ll_max,pns_62,pns_63,pns_60,pns_61,pns_66,pns_67,pns_64,pns_65,pns_68,pns_69,exactPath,stop_criteria,ll_1,ll_2,ll_0,ll_5,ll_6,ll_3,ll_4,pns_11,ll_9,pns_12,ll_7,pns_10,ll_8,pns_15,pns_16,pns_13,pns_14,pns_19,pns_17,pns_18,time_learn,iter_9,iter_8,iter_7,iter_6,iter_5,iter_4,iter_3,iter_2,iter_1,iter_0,pns_51,pns_52,pns_50,pns_55,pns_56,pns_53,pns_54,pns_59,pns_57,pns_58,pns_40,pns_41,pns_44,pns_45,pns_42,pns_43,pns_48,pns_49,pns_46,pns_47,pns_30,iter_max,pns_33,pns_34,cause,pns_31,pns_32,pns_37,pns_38,pns_35,pns_36,pns_39,pns_22,pns_23,pns_20,pns_21,pns_26,pns_27,pns_24,pns_25,time_pns,pns_28,pns_29,ratio_62,ratio_63,ratio_64,ratio_65,ratio_66,ratio_67,ratio_68,ratio_69,ratio_60,ratio_61,ratio_51,ratio_52,ratio_53,ratio_54,ratio_55,ratio_56,ratio_57,ratio_58,ratio_59,ratio_50,ratio_40,ratio_41,ratio_42,ratio_43,ratio_44,ratio_45,ratio_46,ratio_47,ratio_48,ratio_49,ratio_0,ratio_1,ratio_2,ratio_3,ratio_30,ratio_31,ratio_32,ratio_33,ratio_34,ratio_35,ratio_36,ratio_37,ratio_38,ratio_39,iter_10,iter_11,iter_16,iter_17,iter_18,iter_19,iter_12,iter_13,iter_14,iter_15,ratio_95,ratio_96,ratio_97,ratio_98,ratio_99,pns_u,ratio_90,ratio_91,pns_l,ratio_92,ratio_93,ratio_94,iter_30,ratio_84,iter_31,ratio_85,iter_32,ratio_86,iter_33,ratio_87,ratio_88,ratio_89,modelPath,iter_38,iter_39,iter_34,iter_35,iter_36,iter_37,ratio_80,ratio_81,ratio_82,ratio_83,ratio_73,iter_20,ratio_74,iter_21,ratio_75,iter_22,ratio_76,ratio_77,ratio_78,ratio_79,iter_27,iter_28,iter_29,iter_23,iter_24,iter_25,iter_26,pns_8,pns_9,pns_6,pns_7,pns_4,pns_5,pns_2,pns_3,pns_0,pns_1,ratio_70,ratio_71,ratio_72,iter_52,iter_53,iter_54,iter_55,iter_50,iter_51,iter_56,iter_57,iter_58,iter_59,ll_10,ll_11,iter_41,iter_42,iter_43,iter_44,method,modelID,iter_40,iter_49,iter_45,iter_46,iter_47,iter_48,exact,iter_74,ll_27,iter_75,ll_28,iter_76,ll_29,iter_77,iter_70,ll_23,iter_71,ll_24,iter_72,ll_25,iter_73,ll_26,iter_78,iter_79,ll_30,ll_31,ll_32,iter_80,ll_33,iter_63,ll_16,iter_64,ll_17,iter_65,ll_18,iter_66,ll_19,ll_12,iter_60,ll_13,iter_61,ll_14,iter_62,ll_15,infoPath,iter_67,iter_68,iter_69,ll_20,ll_21,ll_22,iter_96,ll_49,iter_97,iter_98,ratio_20,iter_99,ratio_21,iter_92,ratio_22,ll_45,iter_93,ratio_23,ll_46,iter_94,ratio_24,ll_47,iter_95,ratio_25,ll_48,ratio_26,ratio_27,ratio_28,threshold,ratio_29,falseState,ll_52,ll_53,ll_54,ll_55,ll_50,ll_51,iter_85,ratio_4,ll_38,iter_86,ratio_5,ll_39,iter_87,ratio_6,iter_88,ratio_7,ratio_10,iter_81,ratio_8,ratio_11,ll_34,iter_82,ratio_9,ratio_12,ll_35,iter_83,ratio_13,ll_36,iter_84,ratio_14,ll_37,ratio_15,ratio_16,ratio_17,ratio_18,iter_89,ratio_19,effect,ll_41,ll_42,iter_90,ll_43,iter_91,ll_44,ll_40,ll_67,ll_68,ll_69,ll_74,ll_75,ll_76,ll_77,ll_70,ll_71,ll_72,ll_73,ll_56,ll_57,ll_58,ll_59,ll_63,ll_64,ll_65,ll_66,ll_60,ll_61,ll_62
0.3608995735574435,0.3316981763510917,0,0.30010408290921575,0.22160354713490749,-5226.123458548934,0.2700842132197916,0.39836085358190443,0.40489261368632906,0.3745904857397611,0.2788189987653043,0.3961581015904849,-5225.297596015067,-5211.199739794631,-5225.6994369287795,-5226.847840336851,-5227.364498903907,-5226.14468008744,1000,-5215.9073685163485,-5226.070157344982,-5224.178546940342,-5224.772628584543,0.40325193691031685,0.21398355490939128,0.43082585044277666,-5220.76227354933,0.2862676376350919,-5221.407602995432,0.41164477942821787,0.36009200334228086,0.36705751148328813,0.38732052761334296,0.3456277324507856,0.4012580995281664,-5225.891788072319,-5223.003396678061,-5227.21101963294,-5225.720601650682,-5220.266819673631,-5218.419002908608,-5223.609675527496,-5223.377161473361,-5225.31926658215,0.3609218045221593,0.29377954050994604,0.41331190256795436,0.38549022817948086,0.4299969949758546,0.4028189077117223,0.34636346171694044,0.45408897234876977,0.35133632359356204,0.3691020058971305,-5196.964717496936,0.4807187190554745,0.2157776547185235,0.36775679539658584,0.3667622664288057,0.3196917889110317,0.41945301815458613,0.4146867028849702,0.31979196557360134,0.3071724762535261,0.3646839871928583,/mnt/beegfs/rcabanas/dev/credici/papers/journalEM/output/synthetic/s1/random_mc2_n6_mid3_d1000_05_mr098_r10_42_uai_ccve.csv,LLratio,-5223.817332701544,-5224.305698008656,-5222.44003100176,-5229.666605680785,-5222.621126032462,-5226.996849543555,-5224.821029960696,0.44661573031562185,-5225.619369263698,0.29714170920736566,-5217.6134250595205,0.3563796326871377,-5211.193909438191,0.3309255926614548,0.48568347034795223,0.3972814042601466,0.3505877910448824,0.41539377790278387,0.25887335353053065,0.2937129661291751,15159,11,4,4,15,9,13,13,9,10,11,0.35207884811105344,0.3050724210709668,0.4798579716275944,0.39145373335958467,0.41571379235672756,0.25046746537601294,0.42187829201918486,0.4300019749265729,0.46409783808419236,0.45000590015798253,0.31394340025299633,0.2815758926609653,0.4933462309404201,0.38011523209708603,0.35882961764283466,0.290624075354483,0.4002646048168228,0.39692153764647004,0.4544690604429844,0.29570295174098216,0.4426392082450037,500,0.3745228072134227,0.4165292529459378,3,0.3412334864893163,0.39533892018294037,0.46717860513645043,0.3543831087903713,0.3668209668198684,0.3255896784761812,0.38819540554673004,0.1889857910123951,0.46913134052391103,0.3656029472066565,0.403816297335757,0.3889941654446277,0.32663629877262323,0.3267123422271042,0.439241665814095,231,0.4513742941514043,0.3814840981717636,0.9953897277820857,0.995705773908306,0.9951233385298046,0.9942993996600407,0.9949393458852391,0.9950587915296053,0.9946581505657799,0.9949913071909788,0.9951013893479862,0.9943107089860584,0.9962325688264053,0.9949935570460816,0.9940103971182425,0.994842475732247,0.9953546974882554,0.9979945288463409,0.9943455009001884,0.995908983734731,0.9962685896358123,0.9946038116198099,0.9950224302325383,0.9943425935029983,0.9975463014455447,0.9948739394367405,0.9970105707893044,0.9961395494195461,0.9936026860817609,0.9941621035443514,0.9940086548553848,0.995158680538517,0.9951219519317415,0.9948595799787046,0.9947665810363774,0.9942544193327298,0.9958245630583253,0.9950135447165707,0.9941380798391405,0.9949425974410866,0.9970287116916858,0.9941825887980584,0.9950835365612481,0.9955640261978937,0.9947167420913934,0.9953954229050754,9,8,35,9,13,16,20,9,7,3,0.994677680147176,0.9945012682457811,0.9942827639616174,0.9941844917427614,0.994416541374814,0.4933462309404201,0.9945777483487758,0.997268379066534,0.1889857910123951,0.9963682922872152,0.9944307215609917,0.9947907926195699,5,0.9945736236125222,3,0.9950146156907178,7,0.9942136825885921,9,0.9944972404103152,0.9955362239169699,0.994420579367619,/mnt/beegfs/rcabanas/dev/credici/papers/journalEM/models/synthetic/s1/random_mc2_n6_mid3_d1000_05_mr098_r10_42.uai,17,5,5,12,12,5,0.9944646633056184,0.9958887384474657,0.9948991292064966,0.9949434162688386,0.9949831785262632,9,0.9942936636133404,11,0.9957045751501282,16,0.995547339409262,0.9943512453476767,0.9954417468550593,0.995318717220147,15,10,12,13,4,7,8,0.38798857359261196,0.4191822329459813,0.3277199686625403,0.3705065771102758,0.4321615082757025,0.23455903737561523,0.3864135307808383,0.37035122804032916,0.24405837295050542,0.36901160232314933,0.9957086129474282,0.9954068792860884,0.9943136556443718,10,45,12,8,13,4,3,5,9,7,-5210.497453914658,-5225.097934138634,20,4,43,5,EMCC,random_mc2_n6_mid3_d1000_05_mr098_r10_42_uai,49,10,7,6,40,10,false,7,-5228.1534444687395,2,-5217.95704648751,11,-5225.201199994544,6,5,-5224.47990341667,4,-5225.911065553443,10,-5221.033512732098,11,-5210.421371955433,11,8,-5218.755301171005,-5223.009018412196,-5227.608541398842,6,-5223.381460260235,7,-5223.333923368647,22,-5224.496407309646,10,-5225.917621924935,8,-5223.003532569954,-5223.9885595239975,11,-5220.7143187034,11,-5223.301866531432,15,-5224.39393998055,/mnt/beegfs/rcabanas/dev/credici/papers/journalEM/models/synthetic/s1/random_mc2_n6_mid3_d1000_05_mr098_r10_42_info.csv,7,11,4,-5225.183100823453,-5221.0074675155365,-5224.760683414524,4,-5222.247284910047,13,29,0.9945995417228402,7,0.995394997963862,5,0.9946799542406175,-5217.105093884912,5,0.9947334114728357,-5230.425390646832,7,0.9944609948976539,-5227.482217405896,6,0.9953900324185874,-5228.289202625731,0.9974173577340737,0.9940344660302957,0.9959769065165638,0.99,0.9945960966062629,1,-5223.113939476742,-5228.280038683269,-5223.907145371678,-5221.218858575042,-5225.160668782446,-5216.617966645209,8,0.9946684657131748,-5224.56745482167,13,0.9937468502966657,-5221.005238631218,12,0.9950874459555107,6,0.9960424995337116,0.9974027937759463,16,0.9972694948243079,0.994615753236339,-5212.452416419487,7,0.9945165061322099,0.9948269714377929,-5227.374504496136,7,0.9954508904803735,-5222.641644194319,7,0.9949577585773373,-5220.121037663836,0.9947497790559575,0.9949516522859588,0.994730269165428,0.9944597472592125,29,0.9950145898024683,2,-5226.533341178113,-5209.747868310485,51,-5223.741935022699,5,-5212.5472585337275,-5222.962377121888,-5222.7715203723355,-5224.8752142038,-5223.125749880977,-5226.790542555367,-5219.384190047895,-5220.208534313106,-5226.487865140459,-5219.363024402528,-5220.945148806113,-5226.685450808785,-5223.168420992313,-5207.40802407455,-5226.518059157592,-5218.312920532096,-5216.429356060192,-5219.377906284513,-5222.432754089491,-5226.760389550493,-5223.398530764685,-5222.547946498305,-5226.70094018851,-5221.035110616164
