CAUSAL 
30 
2 2 2 2 2 2 2 2 2 2 2 2 2 2 2 3 5 5 5 5 5 5 5 5 5 5 5 5 5 5 
30 
2	15 0 
3	16 0 1 
3	17 1 2 
3	18 2 3 
3	19 3 4 
3	20 4 5 
3	21 5 6 
3	22 6 7 
3	23 7 8 
3	24 8 9 
3	25 9 10 
3	26 10 11 
3	27 11 12 
3	28 12 13 
3	29 13 14 
1	15 
1	16 
1	17 
1	18 
1	19 
1	20 
1	21 
1	22 
1	23 
1	24 
1	25 
1	26 
1	27 
1	28 
1	29 

3	0 1 1 
10	1 1 1 0 1 1 1 1 0 0 
10	0 0 1 1 0 1 0 1 1 1 
10	0 1 1 0 1 1 0 0 1 0 
10	0 1 0 1 0 0 1 0 0 0 
10	0 0 0 0 0 1 0 1 0 1 
10	0 1 0 1 0 1 1 1 1 0 
10	0 0 0 0 1 0 1 0 0 0 
10	1 0 0 0 1 1 1 0 0 1 
10	1 0 0 1 1 1 1 1 1 1 
10	0 1 1 1 0 0 0 0 1 1 
10	0 0 1 0 0 0 1 1 1 0 
10	0 0 0 0 0 0 0 0 0 1 
10	0 0 0 1 1 0 1 1 1 0 
10	1 0 0 1 0 0 0 0 1 1 
3	0.051 0.178 0.771 
5	0.018 0.007 0.022 0.066 0.887 
5	0.093 0.005 0.086 0.134 0.682 
5	0.119 0.029 0.196 0.651 0.005 
5	0.001 0.002 0.001 0.935 0.061 
5	0.002 0.187 0.772 0.034 0.005 
5	0.365 0.336 0.003 0.101 0.195 
5	0.013 0.022 0.037 0.88 0.048 
5	0.008 0.782 0.145 0.033 0.032 
5	0.221 0.015 0.697 0.046 0.021 
5	0.001 0.218 0.196 0.047 0.538 
5	0.003 0.398 0.471 0.039 0.089 
5	0.036 0.002 0.872 0.004 0.086 
5	0.013 0.009 0.026 0.003 0.949 
5	0.057 0.566 0.115 0.08 0.182 
