CAUSAL 
30 
2 2 2 2 2 2 2 2 2 2 2 2 2 2 2 3 5 5 5 5 5 5 5 5 5 5 5 5 5 5 
30 
2	15 0 
3	16 0 1 
3	17 1 2 
3	18 2 3 
3	19 3 4 
3	20 4 5 
3	21 5 6 
3	22 6 7 
3	23 7 8 
3	24 8 9 
3	25 9 10 
3	26 10 11 
3	27 11 12 
3	28 12 13 
3	29 13 14 
1	15 
1	16 
1	17 
1	18 
1	19 
1	20 
1	21 
1	22 
1	23 
1	24 
1	25 
1	26 
1	27 
1	28 
1	29 

3	0 1 0 
10	0 0 0 0 0 1 1 1 0 0 
10	0 0 1 0 0 1 1 1 1 0 
10	0 1 0 0 1 1 0 1 0 1 
10	0 1 1 0 0 1 1 1 1 0 
10	0 1 0 0 1 1 0 1 0 0 
10	0 0 1 0 1 1 0 0 0 1 
10	1 0 1 1 1 0 1 1 1 0 
10	0 1 0 1 0 1 0 1 0 0 
10	1 0 1 0 1 0 1 1 1 1 
10	0 0 1 0 0 0 0 0 0 1 
10	0 0 0 1 1 1 0 1 0 1 
10	0 0 0 0 0 1 1 0 0 1 
10	0 0 0 1 1 1 0 1 0 1 
10	0 0 0 1 0 1 1 0 1 1 
3	0.202 0.346 0.452 
5	0.773 0.045 0.117 0.034 0.031 
5	0.16 0.768 0.012 0.058 0.002 
5	0.234 0.033 0.244 0.269 0.22 
5	0.973 0.002 0.001 0.022 0.002 
5	0.326 0.055 0.202 0.192 0.225 
5	0.041 0.939 0.01 0.006 0.004 
5	0.005 0.006 0.865 0.09 0.034 
5	0.685 0.075 0.002 0.026 0.212 
5	0.26 0.014 0.07 0.037 0.619 
5	0.201 0.021 0.045 0.167 0.566 
5	0.26 0.078 0.034 0.024 0.604 
5	0.176 0.632 0.017 0.129 0.046 
5	0.035 0.5 0.282 0.151 0.032 
5	0.29 0.006 0.691 0.01 0.003 
