CAUSAL 
30 
2 2 2 2 2 2 2 2 2 2 2 2 2 2 2 3 5 5 5 5 5 5 5 5 5 5 5 5 5 5 
30 
2	15 0 
3	16 0 1 
3	17 1 2 
3	18 2 3 
3	19 3 4 
3	20 4 5 
3	21 5 6 
3	22 6 7 
3	23 7 8 
3	24 8 9 
3	25 9 10 
3	26 10 11 
3	27 11 12 
3	28 12 13 
3	29 13 14 
1	15 
1	16 
1	17 
1	18 
1	19 
1	20 
1	21 
1	22 
1	23 
1	24 
1	25 
1	26 
1	27 
1	28 
1	29 

3	1 0 0 
10	0 0 1 0 1 1 0 0 0 0 
10	0 0 0 1 1 0 0 1 0 1 
10	0 0 1 1 1 0 0 1 0 0 
10	0 0 0 1 1 0 1 0 1 1 
10	0 0 0 1 1 1 0 0 1 1 
10	0 0 1 0 1 0 1 0 1 0 
10	1 0 1 1 1 0 0 0 0 1 
10	0 1 1 0 0 1 1 1 0 0 
10	1 1 0 1 0 0 1 1 0 0 
10	1 0 1 1 0 0 1 0 0 1 
10	1 0 1 0 1 0 1 0 0 1 
10	0 0 0 0 0 1 0 0 1 1 
10	1 1 1 0 1 1 1 0 0 0 
10	1 1 1 0 0 1 1 1 1 0 
3	0.134 0.108 0.758 
5	0.398 0.027 0.001 0.012 0.562 
5	0.396 0.042 0.535 0.021 0.006 
5	0.107 0.026 0.743 0.055 0.069 
5	0.009 0.288 0.005 0.672 0.026 
5	0.085 0.136 0.617 0.015 0.147 
5	0.005 0.506 0.473 0.007 0.009 
5	0.087 0.298 0.058 0.12 0.437 
5	0.007 0.053 0.398 0.49 0.052 
5	0.07 0.572 0.121 0.235 0.002 
5	0.034 0.593 0.018 0.337 0.018 
5	0.004 0.009 0.982 0.003 0.002 
5	0.017 0.753 0.06 0.06 0.11 
5	0.02 0.004 0.75 0.194 0.032 
5	0.12 0.316 0.255 0.27 0.039 
