CAUSAL 
30 
2 2 2 2 2 2 2 2 2 2 2 2 2 2 2 3 5 5 5 5 5 5 5 5 5 5 5 5 5 5 
30 
2	15 0 
3	16 0 1 
3	17 1 2 
3	18 2 3 
3	19 3 4 
3	20 4 5 
3	21 5 6 
3	22 6 7 
3	23 7 8 
3	24 8 9 
3	25 9 10 
3	26 10 11 
3	27 11 12 
3	28 12 13 
3	29 13 14 
1	15 
1	16 
1	17 
1	18 
1	19 
1	20 
1	21 
1	22 
1	23 
1	24 
1	25 
1	26 
1	27 
1	28 
1	29 

3	0 1 0 
10	0 0 1 1 0 1 1 1 0 1 
10	1 0 1 1 1 1 1 0 1 1 
10	0 0 0 0 1 0 1 0 1 0 
10	1 1 0 0 1 1 1 1 1 0 
10	0 1 1 0 1 0 1 1 1 1 
10	0 0 1 0 1 1 0 0 0 1 
10	1 0 0 1 1 1 1 1 0 0 
10	0 0 0 1 0 1 0 0 0 1 
10	1 0 0 1 0 0 0 0 1 1 
10	1 0 0 0 0 0 0 1 1 0 
10	0 1 1 1 1 0 0 0 1 1 
10	1 0 0 1 1 1 0 0 0 0 
10	1 0 1 1 0 1 0 0 0 0 
10	1 0 0 0 0 0 1 0 1 0 
3	0.055 0.572 0.373 
5	0.051 0.41 0.068 0.058 0.413 
5	0.023 0.115 0.203 0.562 0.097 
5	0.025 0.711 0.002 0.003 0.259 
5	0.821 0.031 0.02 0.127 0.001 
5	0.035 0.252 0.613 0.039 0.061 
5	0.179 0.007 0.002 0.01 0.802 
5	0.627 0.123 0.002 0.002 0.246 
5	0.018 0.05 0.003 0.003 0.926 
5	0.03 0.051 0.022 0.57 0.327 
5	0.093 0.663 0.025 0.124 0.095 
5	0.211 0.014 0.481 0.035 0.259 
5	0.691 0.092 0.003 0.19 0.024 
5	0.128 0.149 0.276 0.06 0.387 
5	0.259 0.21 0.069 0.07 0.392 
