CAUSAL 
30 
2 2 2 2 2 2 2 2 2 2 2 2 2 2 2 3 5 5 5 5 5 5 5 5 5 5 5 5 5 5 
30 
2	15 0 
3	16 0 1 
3	17 1 2 
3	18 2 3 
3	19 3 4 
3	20 4 5 
3	21 5 6 
3	22 6 7 
3	23 7 8 
3	24 8 9 
3	25 9 10 
3	26 10 11 
3	27 11 12 
3	28 12 13 
3	29 13 14 
1	15 
1	16 
1	17 
1	18 
1	19 
1	20 
1	21 
1	22 
1	23 
1	24 
1	25 
1	26 
1	27 
1	28 
1	29 

3	1 0 0 
10	1 0 1 1 0 0 0 1 1 1 
10	0 1 0 1 1 1 0 0 0 0 
10	0 1 1 1 0 0 0 0 0 1 
10	0 0 0 0 0 0 0 1 1 0 
10	1 1 0 1 0 0 1 0 1 0 
10	1 1 0 1 1 1 1 1 1 0 
10	1 0 0 0 0 0 0 0 1 1 
10	0 0 0 1 0 0 1 0 0 0 
10	0 1 0 1 0 0 0 0 1 1 
10	0 0 0 1 0 1 0 1 0 1 
10	1 0 0 0 0 0 1 0 0 0 
10	1 1 0 0 0 0 0 1 0 0 
10	0 1 0 0 0 1 1 1 1 1 
10	1 1 1 0 0 1 0 1 0 0 
3	0.037 0.912 0.051 
5	0.502 0.023 0.028 0.404 0.043 
5	0.443 0.265 0.094 0.147 0.051 
5	0.037 0.014 0.267 0.005 0.677 
5	0.856 0.001 0.111 0.03 0.002 
5	0.033 0.004 0.951 0.002 0.01 
5	0.283 0.132 0.089 0.451 0.045 
5	0.045 0.659 0.161 0.046 0.089 
5	0.687 0.035 0.054 0.121 0.103 
5	0.014 0.013 0.019 0.006 0.948 
5	0.436 0.234 0.016 0.303 0.011 
5	0.263 0.046 0.073 0.356 0.262 
5	0.213 0.373 0.139 0.096 0.179 
5	0.185 0.109 0.666 0.022 0.018 
5	0.062 0.506 0.253 0.018 0.161 
