CAUSAL 
30 
2 2 2 2 2 2 2 2 2 2 2 2 2 2 2 3 5 5 5 5 5 5 5 5 5 5 5 5 5 5 
30 
2	15 0 
3	16 0 1 
3	17 1 2 
3	18 2 3 
3	19 3 4 
3	20 4 5 
3	21 5 6 
3	22 6 7 
3	23 7 8 
3	24 8 9 
3	25 9 10 
3	26 10 11 
3	27 11 12 
3	28 12 13 
3	29 13 14 
1	15 
1	16 
1	17 
1	18 
1	19 
1	20 
1	21 
1	22 
1	23 
1	24 
1	25 
1	26 
1	27 
1	28 
1	29 

3	1 1 0 
10	1 1 1 0 0 1 1 1 0 0 
10	1 1 1 1 0 0 0 0 0 0 
10	0 1 1 1 0 0 0 1 1 0 
10	1 0 0 0 1 0 0 0 0 1 
10	1 0 0 0 1 0 1 1 0 1 
10	0 1 0 1 1 1 1 0 0 1 
10	1 0 1 1 1 1 1 1 0 1 
10	0 1 0 0 1 0 0 1 1 0 
10	1 0 0 1 1 0 0 0 0 0 
10	1 0 0 0 0 1 1 1 0 1 
10	0 1 1 1 1 1 0 1 0 0 
10	0 0 0 1 0 1 0 1 1 0 
10	0 0 1 1 1 0 1 0 1 0 
10	1 0 1 1 0 0 0 1 1 1 
3	0.5 0.167 0.333 
5	0.182 0.377 0.312 0.005 0.124 
5	0.132 0.055 0.416 0.074 0.323 
5	0.001 0.019 0.355 0.493 0.132 
5	0.028 0.102 0.838 0.011 0.021 
5	0.337 0.28 0.001 0.006 0.376 
5	0.832 0.007 0.001 0.007 0.153 
5	0.76 0.037 0.127 0.043 0.033 
5	0.015 0.04 0.321 0.353 0.271 
5	0.004 0.022 0.002 0.97 0.002 
5	0.551 0.412 0.008 0.023 0.006 
5	0.952 0.009 0.002 0.006 0.031 
5	0.203 0.131 0.031 0.389 0.246 
5	0.027 0.01 0.347 0.606 0.01 
5	0.501 0.001 0.495 0.002 0.001 
