CAUSAL 
30 
2 2 2 2 2 2 2 2 2 2 2 2 2 2 2 3 5 5 5 5 5 5 5 5 5 5 5 5 5 5 
30 
2	15 0 
3	16 0 1 
3	17 1 2 
3	18 2 3 
3	19 3 4 
3	20 4 5 
3	21 5 6 
3	22 6 7 
3	23 7 8 
3	24 8 9 
3	25 9 10 
3	26 10 11 
3	27 11 12 
3	28 12 13 
3	29 13 14 
1	15 
1	16 
1	17 
1	18 
1	19 
1	20 
1	21 
1	22 
1	23 
1	24 
1	25 
1	26 
1	27 
1	28 
1	29 

3	0 0 1 
10	0 0 1 0 1 0 0 0 1 1 
10	0 0 1 1 0 0 0 1 1 1 
10	1 1 1 0 1 1 0 0 0 1 
10	1 1 0 1 1 1 0 1 0 1 
10	0 1 1 0 0 0 1 1 1 1 
10	1 1 1 1 0 0 1 1 0 1 
10	1 0 1 1 0 1 0 0 1 1 
10	1 1 0 0 1 1 0 1 1 1 
10	0 1 0 1 1 0 0 0 0 1 
10	0 0 0 1 0 0 0 1 0 1 
10	1 0 0 0 1 1 0 1 0 0 
10	1 1 1 1 0 0 1 1 1 1 
10	1 0 0 1 1 0 1 1 0 1 
10	1 0 1 0 0 0 1 1 0 1 
3	0.427 0.559 0.014 
5	0.105 0.001 0.006 0.003 0.885 
5	0.556 0.069 0.196 0.154 0.025 
5	0.416 0.029 0.07 0.473 0.012 
5	0.107 0.08 0.541 0.014 0.258 
5	0.096 0.19 0.611 0.098 0.005 
5	0.403 0.166 0.016 0.303 0.112 
5	0.024 0.036 0.317 0.084 0.539 
5	0.121 0.394 0.162 0.207 0.116 
5	0.062 0.188 0.161 0.576 0.013 
5	0.209 0.078 0.051 0.237 0.425 
5	0.452 0.087 0.424 0.002 0.035 
5	0.205 0.683 0.01 0.098 0.004 
5	0.101 0.463 0.125 0.221 0.09 
5	0.157 0.428 0.314 0.098 0.003 
