CAUSAL 
30 
2 2 2 2 2 2 2 2 2 2 2 2 2 2 2 3 5 5 5 5 5 5 5 5 5 5 5 5 5 5 
30 
2	15 0 
3	16 0 1 
3	17 1 2 
3	18 2 3 
3	19 3 4 
3	20 4 5 
3	21 5 6 
3	22 6 7 
3	23 7 8 
3	24 8 9 
3	25 9 10 
3	26 10 11 
3	27 11 12 
3	28 12 13 
3	29 13 14 
1	15 
1	16 
1	17 
1	18 
1	19 
1	20 
1	21 
1	22 
1	23 
1	24 
1	25 
1	26 
1	27 
1	28 
1	29 

3	1 1 0 
10	0 1 1 1 1 1 0 1 0 1 
10	0 1 1 1 1 1 0 1 1 0 
10	0 0 0 0 1 1 1 0 0 1 
10	0 0 1 1 1 0 1 1 1 1 
10	1 1 1 0 1 1 0 1 0 0 
10	1 1 1 0 1 1 1 0 0 1 
10	1 1 1 1 0 0 1 1 1 0 
10	0 0 0 0 0 0 1 1 1 0 
10	1 0 0 1 0 0 0 1 1 1 
10	0 1 0 1 0 0 0 1 1 1 
10	0 1 0 0 0 0 0 0 1 1 
10	0 0 1 1 0 1 0 1 0 1 
10	0 1 0 0 0 1 0 1 1 1 
10	0 0 0 1 1 1 0 1 0 1 
3	0.053 0.838 0.109 
5	0.045 0.154 0.098 0.438 0.265 
5	0.758 0.163 0.002 0.027 0.05 
5	0.029 0.218 0.438 0.004 0.311 
5	0.001 0.008 0.056 0.003 0.932 
5	0.452 0.077 0.073 0.31 0.088 
5	0.006 0.078 0.017 0.034 0.865 
5	0.041 0.221 0.547 0.055 0.136 
5	0.041 0.447 0.22 0.181 0.111 
5	0.011 0.066 0.378 0.066 0.479 
5	0.046 0.182 0.004 0.23 0.538 
5	0.958 0.019 0.002 0.019 0.002 
5	0.13 0.484 0.369 0.001 0.016 
5	0.009 0.003 0.002 0.003 0.983 
5	0.038 0.033 0.091 0.473 0.365 
