CAUSAL 
30 
2 2 2 2 2 2 2 2 2 2 2 2 2 2 2 3 5 5 5 5 5 5 5 5 5 5 5 5 5 5 
30 
2	15 0 
3	16 0 1 
3	17 1 2 
3	18 2 3 
3	19 3 4 
3	20 4 5 
3	21 5 6 
3	22 6 7 
3	23 7 8 
3	24 8 9 
3	25 9 10 
3	26 10 11 
3	27 11 12 
3	28 12 13 
3	29 13 14 
1	15 
1	16 
1	17 
1	18 
1	19 
1	20 
1	21 
1	22 
1	23 
1	24 
1	25 
1	26 
1	27 
1	28 
1	29 

3	0 1 0 
10	0 1 0 1 1 0 0 1 1 0 
10	0 0 1 1 1 1 1 0 0 1 
10	1 1 1 1 1 0 1 0 1 1 
10	1 0 1 1 0 1 0 1 0 1 
10	0 1 1 1 1 0 1 0 1 1 
10	1 0 1 1 0 1 0 0 0 0 
10	0 1 1 0 0 1 0 0 0 1 
10	1 1 1 1 0 0 1 0 1 1 
10	0 0 0 1 0 0 1 1 1 0 
10	1 1 0 0 1 1 1 0 1 0 
10	1 0 0 1 1 0 0 0 0 1 
10	1 0 1 1 0 1 0 0 0 1 
10	1 1 0 1 1 1 1 0 0 0 
10	0 0 1 0 0 0 0 1 0 0 
3	0.555 0.325 0.12 
5	0.769 0.107 0.017 0.069 0.038 
5	0.159 0.093 0.056 0.137 0.555 
5	0.019 0.493 0.163 0.25 0.075 
5	0.034 0.268 0.648 0.017 0.033 
5	0.014 0.18 0.049 0.749 0.008 
5	0.007 0.356 0.025 0.061 0.551 
5	0.833 0.026 0.091 0.04 0.01 
5	0.333 0.572 0.064 0.011 0.02 
5	0.601 0.168 0.061 0.011 0.159 
5	0.109 0.182 0.115 0.013 0.581 
5	0.455 0.452 0.01 0.022 0.061 
5	0.031 0.324 0.01 0.227 0.408 
5	0.008 0.002 0.138 0.076 0.776 
5	0.025 0.926 0.009 0.01 0.03 
