CAUSAL 
30 
2 2 2 2 2 2 2 2 2 2 2 2 2 2 2 3 5 5 5 5 5 5 5 5 5 5 5 5 5 5 
30 
2	15 0 
3	16 0 1 
3	17 1 2 
3	18 2 3 
3	19 3 4 
3	20 4 5 
3	21 5 6 
3	22 6 7 
3	23 7 8 
3	24 8 9 
3	25 9 10 
3	26 10 11 
3	27 11 12 
3	28 12 13 
3	29 13 14 
1	15 
1	16 
1	17 
1	18 
1	19 
1	20 
1	21 
1	22 
1	23 
1	24 
1	25 
1	26 
1	27 
1	28 
1	29 

3	0 1 1 
10	1 0 0 0 1 0 1 0 1 0 
10	1 1 0 1 1 0 0 0 1 0 
10	1 1 0 1 0 0 1 1 0 0 
10	0 0 0 1 0 0 1 1 1 1 
10	0 1 0 0 0 1 0 1 0 0 
10	1 1 1 0 1 0 1 1 0 0 
10	1 0 1 0 1 0 0 0 0 1 
10	0 0 1 0 0 0 0 1 0 1 
10	1 1 0 1 1 0 1 1 1 1 
10	1 0 1 0 0 1 0 0 1 1 
10	0 0 0 1 1 0 1 0 1 1 
10	0 1 1 1 0 1 1 1 0 0 
10	1 0 1 0 1 1 0 0 1 0 
10	1 1 0 0 0 1 0 0 0 1 
3	0.633 0.239 0.128 
5	0.32 0.396 0.034 0.183 0.067 
5	0.177 0.066 0.179 0.194 0.384 
5	0.82 0.002 0.158 0.002 0.018 
5	0.01 0.013 0.968 0.008 0.001 
5	0.352 0.106 0.337 0.035 0.17 
5	0.025 0.64 0.009 0.025 0.301 
5	0.29 0.03 0.583 0.05 0.047 
5	0.183 0.108 0.066 0.168 0.475 
5	0.412 0.276 0.112 0.118 0.082 
5	0.009 0.031 0.542 0.383 0.035 
5	0.08 0.05 0.019 0.113 0.738 
5	0.007 0.723 0.019 0.219 0.032 
5	0.021 0.339 0.076 0.027 0.537 
5	0.367 0.012 0.01 0.041 0.57 
