CAUSAL 
30 
2 2 2 2 2 2 2 2 2 2 2 2 2 2 2 3 5 5 5 5 5 5 5 5 5 5 5 5 5 5 
30 
2	15 0 
3	16 0 1 
3	17 1 2 
3	18 2 3 
3	19 3 4 
3	20 4 5 
3	21 5 6 
3	22 6 7 
3	23 7 8 
3	24 8 9 
3	25 9 10 
3	26 10 11 
3	27 11 12 
3	28 12 13 
3	29 13 14 
1	15 
1	16 
1	17 
1	18 
1	19 
1	20 
1	21 
1	22 
1	23 
1	24 
1	25 
1	26 
1	27 
1	28 
1	29 

3	0 1 0 
10	1 1 0 0 1 0 0 0 0 1 
10	0 0 0 1 0 0 0 1 1 1 
10	0 1 1 1 1 1 0 0 1 0 
10	1 0 1 1 1 1 0 0 1 0 
10	0 1 0 0 1 1 0 0 1 0 
10	1 0 0 1 1 1 1 1 1 0 
10	0 0 1 1 0 0 1 1 1 0 
10	0 1 0 0 1 0 1 0 0 1 
10	0 1 1 0 1 1 0 1 0 0 
10	0 0 1 1 0 0 1 1 0 1 
10	1 1 1 0 1 1 0 0 0 0 
10	1 1 0 1 0 1 0 0 1 0 
10	0 0 0 0 0 0 1 0 1 1 
10	1 0 0 0 1 1 0 0 1 1 
3	0.586 0.282 0.132 
5	0.008 0.02 0.134 0.82 0.018 
5	0.042 0.003 0.875 0.035 0.045 
5	0.036 0.013 0.105 0.73 0.116 
5	0.341 0.222 0.073 0.088 0.276 
5	0.011 0.016 0.003 0.441 0.529 
5	0.391 0.002 0.102 0.03 0.475 
5	0.607 0.051 0.002 0.207 0.133 
5	0.124 0.414 0.004 0.228 0.23 
5	0.812 0.002 0.18 0.005 0.001 
5	0.01 0.003 0.009 0.617 0.361 
5	0.386 0.561 0.005 0.036 0.012 
5	0.57 0.029 0.244 0.032 0.125 
5	0.094 0.073 0.219 0.148 0.466 
5	0.039 0.022 0.043 0.247 0.649 
