CAUSAL 
30 
2 2 2 2 2 2 2 2 2 2 2 2 2 2 2 3 5 5 5 5 5 5 5 5 5 5 5 5 5 5 
30 
2	15 0 
3	16 0 1 
3	17 1 2 
3	18 2 3 
3	19 3 4 
3	20 4 5 
3	21 5 6 
3	22 6 7 
3	23 7 8 
3	24 8 9 
3	25 9 10 
3	26 10 11 
3	27 11 12 
3	28 12 13 
3	29 13 14 
1	15 
1	16 
1	17 
1	18 
1	19 
1	20 
1	21 
1	22 
1	23 
1	24 
1	25 
1	26 
1	27 
1	28 
1	29 

3	1 1 0 
10	1 1 1 0 1 1 0 0 0 0 
10	1 0 1 1 0 1 1 0 0 0 
10	0 1 0 1 1 0 1 0 0 1 
10	1 0 1 0 1 1 1 1 0 1 
10	1 0 1 1 0 0 0 1 0 1 
10	0 0 1 0 0 0 0 1 1 0 
10	1 1 0 1 1 0 0 0 1 0 
10	1 0 1 0 0 0 0 0 1 1 
10	1 1 0 0 1 0 0 1 0 0 
10	0 0 1 0 0 1 1 0 1 0 
10	1 0 0 0 1 1 0 0 1 1 
10	1 1 0 0 1 1 1 1 0 0 
10	1 0 1 0 1 0 1 0 0 1 
10	0 1 0 0 1 0 1 1 1 0 
3	0.179 0.559 0.262 
5	0.031 0.377 0.236 0.159 0.197 
5	0.002 0.127 0.001 0.231 0.639 
5	0.064 0.221 0.268 0.398 0.049 
5	0.648 0.007 0.002 0.065 0.278 
5	0.444 0.27 0.001 0.276 0.009 
5	0.858 0.001 0.018 0.002 0.121 
5	0.786 0.093 0.013 0.003 0.105 
5	0.011 0.001 0.983 0.002 0.003 
5	0.094 0.037 0.514 0.138 0.217 
5	0.01 0.967 0.002 0.005 0.016 
5	0.158 0.499 0.066 0.068 0.209 
5	0.026 0.119 0.789 0.059 0.007 
5	0.153 0.116 0.019 0.098 0.614 
5	0.695 0.058 0.177 0.04 0.03 
