CAUSAL 
30 
2 2 2 2 2 2 2 2 2 2 2 2 2 2 2 3 5 5 5 5 5 5 5 5 5 5 5 5 5 5 
30 
2	15 0 
3	16 0 1 
3	17 1 2 
3	18 2 3 
3	19 3 4 
3	20 4 5 
3	21 5 6 
3	22 6 7 
3	23 7 8 
3	24 8 9 
3	25 9 10 
3	26 10 11 
3	27 11 12 
3	28 12 13 
3	29 13 14 
1	15 
1	16 
1	17 
1	18 
1	19 
1	20 
1	21 
1	22 
1	23 
1	24 
1	25 
1	26 
1	27 
1	28 
1	29 

3	1 1 0 
10	0 1 0 1 1 1 0 0 0 1 
10	1 0 0 0 1 0 1 1 0 0 
10	0 0 1 1 1 1 0 1 1 1 
10	1 0 0 0 0 1 0 1 1 1 
10	0 1 0 1 0 1 1 0 1 0 
10	1 0 0 1 1 0 0 0 1 0 
10	1 0 1 0 1 0 1 1 1 0 
10	0 1 1 0 1 0 0 1 1 1 
10	1 0 1 0 0 1 1 1 1 1 
10	1 0 0 0 1 1 0 1 0 0 
10	0 0 1 1 0 1 1 0 0 1 
10	1 0 1 0 1 1 1 0 0 0 
10	0 1 0 1 1 1 1 0 0 0 
10	0 1 1 0 0 1 1 0 1 1 
3	0.633 0.326 0.041 
5	0.021 0.946 0.008 0.01 0.015 
5	0.164 0.07 0.036 0.724 0.006 
5	0.055 0.235 0.608 0.003 0.099 
5	0.312 0.023 0.105 0.019 0.541 
5	0.005 0.005 0.896 0.081 0.013 
5	0.118 0.004 0.104 0.302 0.472 
5	0.094 0.876 0.02 0.003 0.007 
5	0.035 0.065 0.047 0.653 0.2 
5	0.077 0.705 0.044 0.013 0.161 
5	0.2 0.011 0.277 0.307 0.205 
5	0.009 0.04 0.741 0.106 0.104 
5	0.038 0.028 0.008 0.095 0.831 
5	0.003 0.004 0.605 0.081 0.307 
5	0.164 0.511 0.116 0.175 0.034 
