CAUSAL 
27 
2 2 2 2 2 2 2 2 2 2 2 2 2 2 2 9 9 9 9 5 5 5 5 5 5 5 5 
27 
2	17 0 
3	18 0 1 
4	18 17 1 2 
3	19 2 3 
3	20 3 4 
3	21 4 5 
3	22 5 6 
3	16 6 7 
3	16 7 8 
3	23 8 9 
3	24 9 10 
3	25 10 11 
3	26 11 12 
3	15 12 13 
3	15 13 14 
1	15 
1	16 
1	17 
1	18 
1	19 
1	20 
1	21 
1	22 
1	23 
1	24 
1	25 
1	26 

9	1 0 1 1 0 1 0 0 0 
18	0 0 1 0 1 1 0 1 0 1 0 1 1 1 1 0 0 0 
162	0 1 0 1 0 0 0 1 1 1 0 0 0 1 0 0 0 0 0 1 0 0 1 0 1 0 1 1 0 1 0 0 0 1 0 0 0 1 1 1 0 1 1 1 1 0 0 1 1 1 1 1 0 0 0 1 0 0 0 1 0 1 1 0 1 1 0 0 1 0 0 0 0 0 1 1 0 0 1 0 0 1 1 1 0 1 0 1 0 0 0 1 0 1 0 1 1 1 0 1 0 0 0 1 1 1 1 0 1 1 1 0 1 0 0 0 1 0 0 0 1 1 0 1 1 1 0 1 0 1 0 1 1 1 0 0 1 0 0 1 0 0 0 0 1 0 0 0 0 0 1 1 0 1 0 1 0 0 1 0 0 1 
10	1 0 1 1 0 0 1 1 1 0 
10	0 0 1 0 0 0 1 1 0 1 
10	1 0 1 0 1 0 0 1 0 1 
10	1 0 0 1 1 1 0 1 0 0 
18	0 0 0 0 0 1 0 1 1 1 1 0 1 0 1 1 0 1 
18	1 1 0 1 1 0 0 1 1 0 1 1 1 1 0 0 0 1 
10	0 1 0 0 1 0 1 0 1 1 
10	0 0 0 1 0 1 0 0 1 0 
10	0 1 1 0 1 1 1 1 0 0 
10	0 0 1 0 0 0 1 0 0 1 
18	1 0 0 0 0 0 1 0 1 1 1 0 0 0 0 0 1 0 
18	0 0 0 1 0 0 0 1 0 1 1 1 0 1 1 1 1 1 
9	0.137 0.003 0.027 0.006 0.001 0.003 0.001 0.743 0.079 
9	0.001 0.001 0.002 0.001 0.001 0.86 0.001 0.132 0.001 
9	0.037 0.017 0.03 0.179 0.223 0.049 0.017 0.078 0.37 
9	0.005 0.233 0.074 0.018 0.066 0.004 0.006 0.593 0.001 
5	0.754 0.007 0.164 0.03 0.045 
5	0.572 0.057 0.044 0.152 0.175 
5	0.164 0.155 0.53 0.101 0.05 
5	0.397 0.003 0.006 0.005 0.589 
5	0.434 0.342 0.078 0.125 0.021 
5	0.002 0.065 0.856 0.059 0.018 
5	0.003 0.12 0.028 0.542 0.307 
5	0.05 0.277 0.327 0.105 0.241 
