ll_206,ll_205,ll_208,ll_207,ll_209,ll_200,datasize,ll_202,ll_201,ll_204,ll_203,exactPath,ll_240,ll_249,ll_242,stop_criteria,ll_241,ll_244,ll_243,ll_246,ll_245,ll_248,ll_247,ll_239,ll_238,ll_231,ll_230,ll_233,ll_232,ll_235,ll_234,ll_237,ll_236,ll_228,ll_227,ll_229,ll_220,ll_222,ll_221,ll_224,ll_223,ll_226,ll_225,ll_217,ll_216,ll_219,ll_218,ll_211,ll_210,ll_213,ll_212,ll_215,ll_214,ll_280,ll_282,ll_281,ll_284,ll_283,ll_286,ll_285,ll_288,ll_287,ll_289,ll_271,ll_270,ll_273,ll_272,ll_275,ll_274,ll_277,ll_276,ll_279,ll_278,ll_260,ll_262,ll_261,ll_264,ll_263,ll_266,ll_265,ll_268,ll_267,ll_269,ll_251,ll_250,ll_253,ll_252,ll_255,ll_254,ll_257,ll_256,ll_259,ll_258,iter_438,iter_439,iter_436,iter_437,iter_430,iter_431,iter_434,iter_435,iter_432,iter_433,iter_427,iter_428,iter_425,iter_426,iter_429,iter_420,iter_423,iter_424,iter_421,iter_422,iter_416,iter_417,iter_414,iter_415,iter_418,iter_419,iter_412,iter_413,iter_410,iter_411,ll_291,ll_290,ll_293,ll_292,ll_295,ll_294,iter_405,iter_406,iter_403,iter_404,iter_409,iter_407,iter_408,time_pns,iter_401,iter_402,iter_400,ll_297,ll_296,ll_299,ll_298,ratio_62,pns_349,ratio_63,pns_348,ratio_64,pns_347,ratio_65,pns_346,ratio_66,pns_345,ratio_67,pns_344,ratio_68,pns_343,ratio_69,pns_342,pns_341,iter_359,pns_340,iter_353,ratio_722,iter_354,ratio_721,iter_351,ratio_720,iter_352,iter_357,ratio_726,iter_358,ratio_725,iter_355,ratio_724,iter_356,ratio_723,ratio_729,ratio_728,ratio_727,iter_350,ratio_60,ratio_61,pns_339,ratio_51,pns_338,ratio_52,pns_337,ratio_53,pns_336,ratio_54,pns_335,ratio_55,pns_334,ratio_56,pns_333,ratio_57,pns_332,ratio_58,pns_331,ratio_59,pns_330,iter_348,iter_349,ratio_740,iter_342,ratio_733,iter_343,ratio_732,iter_340,ratio_731,iter_341,ratio_730,iter_346,ratio_737,iter_347,ratio_736,iter_344,ratio_735,iter_345,ratio_734,ratio_739,ratio_738,ratio_50,pns_328,ratio_40,pns_327,ratio_41,pns_326,ratio_42,pns_325,ratio_43,pns_324,ratio_44,pns_323,ratio_45,pns_322,ratio_46,pns_321,ratio_47,iter_339,pns_320,ratio_48,ratio_49,iter_337,iter_338,ratio_751,ratio_750,iter_331,ratio_744,iter_332,ratio_743,ratio_742,iter_330,ratio_741,iter_335,ratio_748,iter_336,ratio_747,iter_333,ratio_746,iter_334,ratio_745,ratio_749,pns_329,pns_317,pns_316,ratio_30,pns_315,ratio_31,pns_314,ratio_32,pns_313,ratio_33,pns_312,ratio_34,pns_311,ratio_35,pns_310,ratio_36,iter_328,ratio_37,iter_329,ratio_38,iter_326,ratio_39,iter_327,ratio_762,ratio_761,ratio_760,iter_320,ratio_755,iter_321,ratio_754,ratio_753,ratio_752,iter_324,ratio_759,iter_325,ratio_758,iter_322,ratio_757,iter_323,ratio_756,pns_319,pns_318,pns_306,pns_305,pns_304,pns_303,pns_302,pns_301,pns_300,iter_397,iter_398,iter_395,iter_396,iter_399,iter_390,iter_393,iter_394,pns_309,iter_391,pns_308,iter_392,pns_307,ratio_95,ratio_96,ratio_97,ratio_98,ratio_99,iter_386,iter_387,iter_384,iter_385,pns_u,iter_388,iter_389,ratio_90,iter_382,ratio_91,pns_l,iter_383,ratio_92,iter_380,ratio_93,iter_381,ratio_94,ratio_84,ratio_85,ratio_86,ratio_87,ratio_88,ratio_89,iter_375,ratio_700,iter_376,iter_373,iter_374,iter_379,ratio_704,ratio_703,iter_377,ratio_702,iter_378,ratio_701,ratio_708,ratio_707,ratio_706,ratio_705,iter_371,ratio_80,iter_372,ratio_81,ratio_82,iter_370,ratio_83,ratio_709,ratio_73,ratio_74,ratio_75,ratio_76,ratio_77,ratio_78,ratio_79,iter_364,pns_8,ratio_711,iter_365,pns_9,ratio_710,iter_362,pns_6,iter_363,pns_7,iter_368,pns_4,ratio_715,iter_369,pns_5,ratio_714,iter_366,pns_2,ratio_713,iter_367,pns_3,ratio_712,pns_0,ratio_719,pns_1,ratio_718,ratio_717,ratio_716,iter_360,iter_361,ratio_70,ratio_71,ratio_72,pns_399,pns_398,pns_397,pns_396,pns_395,pns_394,pns_393,pns_392,pns_391,pns_390,ratio_20,ratio_21,ratio_22,pns_389,ratio_23,pns_388,ratio_24,pns_387,ratio_25,pns_386,ratio_26,pns_385,ratio_27,pns_384,ratio_28,pns_383,ratio_29,pns_382,ratio_773,pns_381,ratio_772,pns_380,ratio_771,ratio_770,ratio_766,ratio_765,ratio_764,ratio_763,ratio_769,ratio_768,ratio_767,ratio_10,pns_379,ratio_11,pns_378,ratio_12,pns_377,ratio_13,pns_376,ratio_14,pns_375,ratio_15,ratio_780,pns_374,ratio_16,pns_373,ratio_17,pns_372,ratio_18,pns_371,ratio_19,ratio_784,pns_370,ratio_783,ratio_782,ratio_781,ratio_777,ratio_776,ratio_775,ratio_774,ratio_779,ratio_778,pns_369,pns_368,pns_367,pns_366,pns_365,pns_364,ratio_791,pns_363,ratio_790,pns_362,pns_361,pns_360,ratio_795,ratio_794,ratio_793,ratio_792,ratio_788,ratio_787,ratio_786,ratio_785,ratio_789,pns_359,pns_358,pns_357,pns_356,pns_355,pns_354,pns_353,pns_352,pns_351,pns_350,ratio_799,ratio_798,ratio_797,ratio_796,ll_129,ll_128,ll_121,ll_120,ll_123,ll_122,ll_125,ll_124,ll_127,ll_126,ll_118,ll_117,ll_119,ll_110,ll_112,ll_111,ll_114,ll_113,ll_116,ll_115,ll_107,ll_106,ll_109,ll_108,ll_101,ll_100,ll_103,ll_102,ll_105,ll_104,ll_161,ll_160,ll_163,ll_162,ll_165,ll_164,ll_167,ll_166,ll_169,ll_168,ll_150,ll_152,ll_151,ll_154,ll_153,ll_156,ll_155,ll_158,ll_157,ll_159,ll_141,ll_140,ll_143,ll_142,ll_145,ll_144,ll_147,ll_146,ll_149,ll_148,ll_130,ll_139,ll_132,ll_131,ll_134,ll_133,ll_136,ll_135,ll_138,ll_137,iter_317,iter_318,iter_315,iter_316,iter_319,iter_310,iter_313,iter_314,iter_311,iter_312,ll_190,ll_192,ll_191,ll_194,ll_193,ll_196,ll_195,iter_306,iter_307,iter_304,iter_305,iter_308,iter_309,iter_302,iter_303,iter_300,iter_301,ll_198,ll_197,ll_199,ll_181,ll_180,ll_183,ll_182,ll_185,iter_max,ll_184,ll_187,ll_186,ll_189,ll_188,ll_170,ll_172,ll_171,ll_174,ll_173,ll_176,ll_175,ll_178,ll_177,ll_179,pns_229,pns_228,pns_227,pns_226,pns_225,pns_224,pns_223,pns_222,pns_221,pns_220,iter_238,iter_239,iter_232,ratio_601,iter_233,ratio_600,iter_230,iter_231,iter_236,ratio_605,iter_237,ratio_604,iter_234,ratio_603,iter_235,ratio_602,ratio_609,ratio_608,ratio_607,ratio_606,pns_218,pns_217,pns_216,pns_215,pns_214,pns_213,pns_212,pns_211,iter_229,pns_210,iter_227,iter_228,iter_221,ratio_612,iter_222,ratio_611,ratio_610,iter_220,iter_225,ratio_616,iter_226,ratio_615,iter_223,ratio_614,iter_224,ratio_613,ratio_619,ratio_618,ratio_617,pns_219,pns_207,pns_206,pns_205,pns_204,pns_203,pns_202,pns_201,pns_200,iter_218,iter_219,iter_216,iter_217,ratio_630,iter_210,ratio_623,iter_211,ratio_622,ratio_621,ratio_620,iter_214,ratio_627,iter_215,ratio_626,iter_212,ratio_625,iter_213,ratio_624,ratio_629,ratio_628,pns_209,pns_208,iter_207,iter_208,iter_205,iter_206,ratio_641,ratio_640,iter_209,ratio_634,iter_200,ratio_633,ratio_632,ratio_631,iter_203,ratio_638,iter_204,ratio_637,iter_201,ratio_636,iter_202,ratio_635,ratio_639,iter_10,iter_11,iter_16,ll_918,iter_17,ll_917,iter_18,iter_19,ll_919,iter_12,iter_13,iter_14,iter_15,iter_276,ll_921,iter_277,ll_920,iter_274,ll_923,iter_275,ll_922,ll_925,ll_924,iter_278,ll_927,iter_279,ll_926,iter_272,iter_273,iter_270,iter_271,ll_907,ll_906,ll_909,ll_908,iter_265,ll_910,iter_266,iter_263,ll_912,iter_264,ll_911,iter_269,ll_914,ll_913,iter_267,ll_916,iter_268,ll_915,iter_261,iter_262,iter_260,iter_30,iter_31,iter_32,iter_33,iter_38,iter_39,iter_34,iter_35,iter_36,iter_37,iter_254,iter_255,iter_252,ll_901,iter_253,ll_900,iter_258,ll_903,iter_259,ll_902,iter_256,ll_905,iter_257,ll_904,iter_250,iter_251,iter_20,iter_21,iter_22,iter_27,iter_28,iter_29,iter_249,iter_23,iter_24,iter_25,iter_26,iter_243,iter_244,iter_241,iter_242,iter_247,iter_248,iter_245,iter_246,iter_240,iter_52,iter_53,iter_54,iter_55,iter_50,iter_51,ratio_692,ratio_691,ratio_690,iter_56,ratio_696,iter_57,ratio_695,iter_58,ratio_694,iter_59,ratio_693,ratio_689,ll_965,ratio_688,ll_964,ratio_687,ll_967,ratio_686,ll_966,ll_969,ll_968,ll_961,ll_960,ll_963,ll_962,iter_41,iter_42,iter_43,iter_44,iter_40,pns_299,iter_49,pns_298,pns_297,pns_296,pns_295,iter_45,pns_294,iter_46,pns_293,iter_47,pns_292,iter_48,pns_291,ll_954,ratio_699,ll_953,ratio_698,ll_956,ratio_697,ll_955,ll_958,ll_957,ll_959,ll_950,ll_952,ll_951,iter_74,iter_75,iter_76,iter_77,iter_70,iter_71,iter_72,pns_289,iter_73,pns_288,pns_287,pns_286,ll_939,pns_285,pns_284,iter_78,pns_283,iter_79,pns_282,pns_281,pns_280,iter_298,pns_290,ll_943,iter_299,ll_942,iter_296,ll_945,iter_297,ll_944,ll_947,ll_946,ll_949,ll_948,iter_290,iter_291,iter_80,iter_294,iter_295,iter_292,ll_941,iter_293,ll_940,iter_63,iter_64,iter_65,iter_66,iter_60,pns_279,iter_61,pns_278,iter_62,pns_277,pns_276,ll_929,pns_275,ll_928,pns_274,pns_273,iter_67,pns_272,iter_68,pns_271,iter_69,pns_270,iter_287,ll_932,iter_288,ll_931,iter_285,ll_934,iter_286,ll_933,ll_936,ll_935,iter_289,ll_938,ll_937,iter_280,iter_283,iter_284,iter_281,ll_930,iter_282,iter_96,iter_97,iter_98,iter_99,iter_92,pns_269,iter_93,pns_268,iter_94,pns_267,iter_95,pns_266,pns_265,pns_264,pns_263,threshold,pns_262,pns_261,ratio_652,pns_260,ratio_651,ratio_650,ratio_645,ratio_644,ratio_643,ratio_642,ratio_649,ratio_648,ratio_647,ratio_646,iter_85,iter_86,iter_87,iter_88,pns_259,iter_81,pns_258,iter_82,pns_257,iter_83,pns_256,iter_84,pns_255,pns_254,pns_253,pns_252,pns_251,iter_89,pns_250,ratio_663,ratio_662,ratio_661,ratio_660,ratio_656,ll_998,ratio_655,ll_997,ratio_654,ratio_653,ll_999,ratio_659,ratio_658,ratio_657,ll_990,iter_90,ll_992,iter_91,ll_991,ll_994,ll_993,ll_996,ll_995,pns_249,pns_248,pns_247,pns_246,pns_245,pns_244,pns_243,ratio_670,pns_242,pns_241,pns_240,ratio_674,ratio_673,ratio_672,ratio_671,ratio_667,ll_987,ratio_666,ll_986,ratio_665,ll_989,ratio_664,ll_988,ratio_669,ratio_668,ll_981,ll_980,ll_983,ll_982,ll_985,ll_984,pns_239,pns_238,pns_237,pns_236,pns_235,pns_234,pns_233,pns_232,ratio_681,pns_231,ratio_680,pns_230,ratio_685,ratio_684,ratio_683,ratio_682,ratio_678,ll_976,ratio_677,ll_975,ratio_676,ll_978,ratio_675,ll_977,ll_979,ratio_679,ll_970,ll_972,ll_971,ll_974,ll_973,trueState,ll_89,ll_90,ll_91,ll_96,ll_97,ll_98,ll_99,ll_92,ll_93,ll_94,ll_95,ll_78,ll_79,ll_80,ll_85,ll_86,ll_87,ll_88,ll_81,ll_82,ll_83,ll_84,ll_899,ll_898,ll_891,ll_890,ll_893,ll_892,ll_895,ll_894,ll_897,ll_896,pns_625,pns_624,pns_623,pns_622,pns_621,pns_620,iter_636,iter_637,iter_634,iter_635,iter_638,iter_639,iter_632,iter_633,iter_630,iter_631,pns_629,pns_628,pns_627,pns_626,pns_614,pns_613,pns_612,pns_611,pns_610,iter_625,iter_626,iter_623,iter_624,iter_629,iter_627,iter_628,iter_621,iter_622,iter_620,pns_619,pns_618,pns_617,pns_616,pns_615,pns_603,pns_602,pns_601,pns_600,iter_614,iter_615,iter_612,iter_613,iter_618,iter_619,iter_616,iter_617,iter_610,ratio_902,iter_611,ratio_901,ratio_900,ratio_906,ratio_905,pns_609,ratio_904,pns_608,ratio_903,pns_607,pns_606,ratio_909,pns_605,ratio_908,pns_604,ratio_907,iter_609,iter_603,iter_604,iter_601,iter_602,iter_607,iter_608,iter_605,iter_606,ratio_913,iter_600,ratio_912,ratio_911,ratio_910,ratio_917,ratio_916,ratio_915,ratio_914,ratio_919,ratio_918,iter_678,iter_679,iter_672,iter_673,iter_670,iter_671,iter_676,iter_677,iter_674,iter_675,iter_669,iter_667,iter_668,iter_661,iter_662,iter_660,iter_665,iter_666,iter_663,iter_664,iter_658,iter_659,iter_656,iter_657,iter_650,iter_651,iter_654,iter_655,iter_652,iter_653,iter_647,iter_648,iter_645,iter_646,iter_649,iter_640,iter_643,iter_644,iter_641,iter_642,pns_589,pns_588,pns_587,pns_586,pns_585,pns_584,pns_583,pns_582,pns_581,pns_580,ratio_971,ratio_970,iter_595,ratio_964,iter_596,ratio_963,iter_593,ratio_962,iter_594,ratio_961,iter_599,ratio_968,ratio_967,iter_597,ratio_966,iter_598,ratio_965,ratio_969,iter_591,iter_592,iter_590,pns_579,pns_578,pns_577,pns_576,pns_575,pns_574,pns_573,pns_572,pns_571,pns_570,ratio_982,ratio_981,ratio_980,iter_584,ratio_975,iter_585,ratio_974,iter_582,ratio_973,iter_583,ratio_972,iter_588,ratio_979,iter_589,ratio_978,iter_586,ratio_977,iter_587,ratio_976,iter_580,iter_581,pns_569,pns_568,pns_567,pns_566,pns_565,pns_564,pns_563,pns_562,pns_561,iter_579,pns_560,ratio_993,ratio_992,ratio_991,ratio_990,iter_573,ratio_986,iter_574,ratio_985,iter_571,ratio_984,iter_572,ratio_983,iter_577,iter_578,ratio_989,iter_575,ratio_988,iter_576,ratio_987,iter_570,pns_559,pns_558,pns_557,pns_556,pns_555,pns_554,pns_553,pns_552,pns_551,pns_550,iter_568,iter_569,iter_562,ratio_997,iter_563,ratio_996,iter_560,ratio_995,iter_561,ratio_994,iter_566,iter_567,iter_564,ratio_999,iter_565,ratio_998,pns_548,pns_547,pns_546,pns_545,pns_544,pns_543,pns_542,pns_541,pns_540,ratio_920,ll_800,ll_802,ll_801,ratio_924,ll_804,ratio_923,ll_803,ratio_922,ll_806,ratio_921,ll_805,ratio_928,ratio_927,ratio_926,ratio_925,pns_549,ratio_929,pns_537,pns_536,pns_535,pns_534,pns_533,pns_532,pns_531,pns_530,ratio_931,ratio_930,ratio_935,ratio_934,ratio_933,ratio_932,ratio_939,ratio_938,ratio_937,ratio_936,pns_539,pns_538,pns_526,pns_525,pns_524,pns_523,pns_522,pns_521,pns_520,ratio_942,ratio_941,ratio_940,ratio_946,ratio_945,ratio_944,ratio_943,ratio_949,ratio_948,ratio_947,pns_529,pns_528,pns_527,pns_515,pns_514,pns_513,pns_512,pns_511,pns_510,ratio_960,ratio_953,ratio_952,ratio_951,ratio_950,ratio_957,ratio_956,ratio_955,ratio_954,ratio_959,ratio_958,pns_519,pns_518,pns_517,pns_516,ll_844,ll_843,ll_846,ll_845,ll_848,ll_847,ll_849,ll_10,ll_11,ll_840,ll_842,ll_841,ll_829,ratio_102,ratio_101,ratio_100,ll_833,ll_832,ll_835,ll_834,ll_837,ll_836,ll_839,ll_838,ll_831,ll_830,ll_27,ll_28,ll_29,ll_23,ll_24,ll_25,ll_26,ll_819,ll_818,ratio_113,ratio_112,ratio_111,ratio_110,ratio_106,ll_822,ratio_105,ll_821,ratio_104,ll_824,ratio_103,ll_823,ll_826,ratio_109,ll_825,ratio_108,ll_828,ratio_107,ll_827,ll_30,ll_31,ll_32,ll_33,ll_820,ll_16,ll_17,ll_18,ll_19,ll_12,ll_13,ll_14,ll_15,ratio_120,ll_808,ll_807,ll_809,ratio_124,ratio_123,ratio_122,ratio_121,ratio_117,ll_811,ratio_116,ll_810,ratio_115,ll_813,ratio_114,ll_812,ll_815,ll_814,ratio_119,ll_817,ratio_118,ll_816,ll_20,ll_21,ll_22,ll_49,ll_45,ll_46,ll_47,ll_48,ll_888,ll_887,ll_889,ll_52,ll_880,ll_53,ll_54,ll_882,ll_55,ll_881,ll_884,ll_883,ll_50,ll_886,ll_51,ll_885,ll_38,ll_39,ll_34,ll_35,ll_36,ll_37,ll_877,ll_876,ll_879,ll_878,effect,ll_41,ll_42,ll_43,ll_871,ll_44,ll_870,ll_873,ll_872,ll_875,ll_40,ll_874,ll_67,ll_68,ll_69,ll_866,ll_865,ll_868,ll_867,ll_869,ll_74,ll_75,ll_76,ll_860,ll_77,ll_70,ll_862,ll_71,ll_861,ll_72,ll_864,ll_73,ll_863,pns_599,ll_56,pns_598,ll_57,pns_597,ll_58,pns_596,ll_59,pns_595,pns_594,pns_593,pns_592,pns_591,pns_590,ll_855,ll_854,ll_857,ll_856,ll_859,ll_858,ll_63,ll_64,ll_65,ll_66,ll_851,ll_60,ll_850,ll_61,ll_853,ll_62,ll_852,ll_790,ll_799,ll_792,ll_791,ll_794,ll_793,ll_796,ll_795,ll_798,ll_797,ll_789,ll_788,ll_781,ll_780,ll_783,ll_782,ll_785,ll_784,ll_787,ll_786,ll_778,ll_777,ll_779,ll_770,ll_772,ll_771,ll_774,ll_773,ll_776,ll_775,pns_504,pns_503,pns_502,pns_501,pns_500,iter_515,iter_516,iter_513,iter_514,iter_519,iter_517,iter_518,iter_511,iter_512,iter_510,pns_509,pns_508,pns_507,pns_506,pns_505,iter_504,iter_505,iter_502,iter_503,iter_508,iter_509,iter_506,iter_507,iter_500,iter_501,iter_559,iter_557,iter_558,iter_551,iter_552,iter_550,iter_555,iter_556,iter_553,iter_554,iter_548,iter_549,iter_546,iter_547,iter_540,iter_541,iter_544,iter_545,iter_542,iter_543,iter_537,iter_538,iter_535,iter_536,iter_539,iter_530,iter_533,iter_534,iter_531,iter_532,iter_526,iter_527,iter_524,iter_525,iter_528,iter_529,iter_522,iter_523,iter_520,iter_521,pns_469,pns_468,pns_467,pns_466,pns_465,pns_464,pns_463,pns_462,pns_461,pns_460,ratio_850,iter_474,ratio_843,iter_475,ratio_842,iter_472,ratio_841,iter_473,ratio_840,iter_478,ratio_847,iter_479,ratio_846,iter_476,ratio_845,iter_477,ratio_844,ratio_849,ratio_848,iter_470,iter_471,pns_459,pns_458,pns_457,pns_456,pns_455,pns_454,pns_453,pns_452,pns_451,iter_469,pns_450,ratio_861,ratio_860,iter_463,ratio_854,iter_464,ratio_853,iter_461,ratio_852,iter_462,ratio_851,iter_467,ratio_858,iter_468,ratio_857,iter_465,ratio_856,iter_466,ratio_855,ratio_859,iter_460,pns_449,pns_448,pns_447,pns_446,pns_445,pns_444,pns_443,pns_442,pns_441,pns_440,iter_458,iter_459,ratio_872,ratio_871,ratio_870,iter_452,ratio_865,iter_453,ratio_864,iter_450,ratio_863,iter_451,ratio_862,iter_456,ratio_869,iter_457,ratio_868,iter_454,ratio_867,iter_455,ratio_866,pns_438,pns_437,pns_436,pns_435,pns_434,pns_433,pns_432,pns_431,iter_449,pns_430,iter_447,iter_448,ratio_883,ratio_882,ratio_881,ratio_880,iter_441,ratio_876,iter_442,ratio_875,ratio_874,iter_440,ratio_873,iter_445,iter_446,ratio_879,iter_443,ratio_878,iter_444,ratio_877,pns_439,pns_427,pns_426,pns_425,pns_424,pns_423,pns_422,pns_421,pns_420,ratio_803,ratio_802,ratio_801,ratio_800,ratio_807,ratio_806,ratio_805,ratio_804,pns_429,ratio_809,pns_428,ratio_808,pns_416,pns_415,pns_414,pns_413,pns_412,pns_411,pns_410,ratio_810,ratio_814,ratio_813,ratio_812,ratio_811,ratio_818,ratio_817,ratio_816,ratio_815,pns_419,pns_418,pns_417,ratio_819,pns_405,pns_404,pns_403,pns_402,pns_401,pns_400,iter_496,ratio_821,iter_497,ratio_820,iter_494,iter_495,ratio_825,ratio_824,iter_498,ratio_823,iter_499,ratio_822,ratio_829,ratio_828,ratio_827,ratio_826,iter_492,pns_409,iter_493,pns_408,iter_490,pns_407,iter_491,pns_406,iter_485,ratio_832,iter_486,ratio_831,iter_483,ratio_830,iter_484,iter_489,ratio_836,ratio_835,iter_487,ratio_834,iter_488,ratio_833,ratio_839,ratio_838,ratio_837,iter_481,iter_482,iter_480,ll_719,ll_723,ll_722,ll_725,ll_724,ll_727,ll_726,ll_729,ll_728,ll_721,ll_720,method,ll_709,ll_708,ll_712,ll_711,ll_714,ll_713,ll_716,ll_715,ll_718,ll_717,exact,ll_710,ll_701,ll_700,ll_703,ll_702,ll_705,ll_704,ll_707,ll_706,ratio_890,ratio_894,ratio_893,ratio_892,ratio_891,ratio_887,ll_767,ratio_886,ll_766,ratio_885,ll_769,ratio_884,ll_768,ratio_889,ratio_888,ll_761,ll_760,ll_763,ll_762,ll_765,ll_764,pns_499,pns_498,pns_497,pns_496,pns_495,pns_494,pns_493,pns_492,pns_491,pns_490,ratio_898,ll_756,ratio_897,ll_755,ratio_896,ll_758,ratio_895,ll_757,ll_759,ratio_899,ll_750,ll_752,ll_751,ll_754,ll_753,pns_489,pns_488,pns_487,pns_486,pns_485,pns_484,pns_483,pns_482,pns_481,pns_480,ll_745,ll_744,ll_747,ll_746,ll_749,ll_748,ll_741,ll_740,ll_743,ll_742,pns_479,pns_478,pns_477,pns_476,pns_475,pns_474,pns_473,pns_472,pns_471,pns_470,ll_734,ll_733,ll_736,ll_735,ll_738,ll_737,ll_739,ll_730,ll_732,ll_731,ratio_292,ratio_291,ratio_290,ll_680,ratio_296,ratio_295,ratio_294,ratio_293,ratio_299,ratio_298,ratio_297,ll_689,ll_682,ll_681,ll_684,ll_683,ll_686,ll_685,ll_688,ll_687,ll_679,ll_678,ll_671,ll_670,ll_673,ll_672,ll_675,ll_674,ll_677,ll_676,ll_668,ll_667,ll_669,ll_660,ll_662,ll_661,ll_664,ll_663,ll_666,ll_665,ll_657,ll_656,ll_659,ll_658,ll_651,ll_650,ll_653,ll_652,ll_655,ll_654,iter_834,ratio_252,iter_835,ratio_251,iter_832,ratio_250,iter_833,iter_838,ratio_256,iter_839,ratio_255,iter_836,ratio_254,iter_837,ratio_253,ratio_249,ratio_248,ratio_247,ratio_246,iter_830,iter_831,iter_829,iter_823,ratio_263,iter_824,ratio_262,iter_821,ratio_261,iter_822,ratio_260,iter_827,ratio_267,iter_828,ratio_266,iter_825,ratio_265,iter_826,ratio_264,ratio_259,ratio_258,ratio_257,iter_820,iter_818,iter_819,ratio_270,iter_812,ratio_274,iter_813,ratio_273,iter_810,ratio_272,iter_811,ratio_271,iter_816,ratio_278,iter_817,ratio_277,iter_814,ratio_276,iter_815,ratio_275,ratio_269,ratio_268,iter_809,iter_807,iter_808,ratio_281,ratio_280,ll_691,ll_690,iter_801,ratio_285,iter_802,ratio_284,ratio_283,iter_800,ratio_282,iter_805,ratio_289,iter_806,ratio_288,iter_803,ratio_287,iter_804,ratio_286,ratio_279,ll_693,ll_692,ll_695,ll_694,ll_697,ll_696,ll_699,ll_698,pns_867,pns_866,pns_865,pns_864,pns_863,pns_862,pns_861,pns_860,iter_878,iter_879,iter_876,iter_877,iter_870,iter_871,iter_874,iter_875,iter_872,iter_873,pns_869,pns_868,pns_856,pns_855,pns_854,pns_853,pns_852,pns_851,pns_850,iter_867,iter_868,iter_865,iter_866,iter_869,iter_860,iter_863,iter_864,iter_861,iter_862,pns_859,pns_858,pns_857,pns_845,pns_844,pns_843,pns_842,pns_841,pns_840,iter_856,iter_857,iter_854,iter_855,iter_858,iter_859,iter_852,iter_853,iter_850,iter_851,pns_849,pns_848,pns_847,pns_846,pns_834,pns_833,pns_832,pns_831,pns_830,iter_845,iter_846,iter_843,iter_844,iter_849,iter_847,iter_848,iter_841,iter_842,iter_840,pns_839,pns_838,pns_837,pns_836,pns_835,pns_823,pns_822,pns_821,pns_820,pns_829,pns_828,pns_827,pns_826,pns_825,pns_824,pns_812,pns_811,pns_810,pns_819,pns_818,pns_817,pns_816,pns_815,pns_814,pns_813,pns_801,pns_800,cause,iter_898,iter_899,iter_892,iter_893,iter_890,iter_891,iter_896,iter_897,iter_894,iter_895,pns_809,pns_808,pns_807,pns_806,pns_805,pns_804,pns_803,pns_802,iter_889,iter_887,iter_888,iter_881,iter_882,iter_880,iter_885,iter_886,iter_883,iter_884,pns_799,pns_798,pns_797,pns_796,pns_795,pns_794,pns_793,pns_792,pns_791,pns_790,pns_789,pns_788,pns_787,pns_786,pns_785,pns_784,pns_783,pns_782,pns_781,pns_780,pns_779,pns_778,pns_777,pns_776,pns_775,pns_774,pns_773,pns_772,pns_771,pns_770,pns_768,pns_767,pns_766,pns_765,pns_764,pns_763,pns_762,pns_761,pns_760,pns_769,pns_757,pns_756,pns_755,pns_754,pns_753,pns_752,pns_751,pns_750,pns_759,pns_758,ratio_333,ratio_332,ratio_331,ratio_330,ratio_326,ll_602,ratio_325,ll_601,ratio_324,ll_604,ratio_323,ll_603,ll_606,ratio_329,ll_605,ratio_328,ll_608,ratio_327,ll_607,ll_600,ratio_340,ratio_344,ratio_343,ratio_342,ratio_341,ratio_337,ratio_336,ratio_335,ratio_334,ratio_339,ratio_338,ratio_351,ratio_350,ratio_355,ratio_354,ratio_353,ratio_352,ratio_348,ratio_347,ratio_346,ratio_345,ratio_349,ratio_362,ratio_361,ratio_360,ratio_366,ratio_365,ratio_364,ratio_363,ratio_359,ratio_358,ratio_357,ratio_356,ll_646,ll_645,ll_648,ll_647,falseState,ll_649,ll_640,ll_642,ll_641,ll_644,ll_643,ratio_300,ll_635,ll_634,ll_637,ll_636,ll_639,ll_638,ll_631,ll_630,ll_633,ll_632,ratio_311,ratio_310,ratio_304,ll_624,ratio_303,ll_623,ratio_302,ll_626,ratio_301,ll_625,ratio_308,ll_628,ratio_307,ll_627,ratio_306,ratio_305,ll_629,ratio_309,ll_620,ll_622,ll_621,ll_609,ratio_322,ratio_321,ratio_320,ratio_315,ll_613,ratio_314,ll_612,ratio_313,ll_615,ratio_312,ll_614,ratio_319,ll_617,ratio_318,ll_616,ratio_317,ll_619,ratio_316,ll_618,ll_611,ll_610,pns_91,pns_92,pns_90,pns_95,ratio_171,pns_96,ratio_170,pns_93,pns_94,pns_99,ratio_175,ratio_174,pns_97,ratio_173,pns_98,ratio_172,ratio_179,ratio_178,ratio_177,ratio_176,ll_569,ll_568,ratio_169,ll_561,ll_560,ll_563,ll_562,ll_565,ll_564,ll_567,ll_566,pns_80,pns_81,pns_84,ratio_182,pns_85,ratio_181,pns_82,ratio_180,pns_83,pns_88,ratio_186,pns_89,ratio_185,pns_86,ratio_184,pns_87,ratio_183,ratio_189,ratio_188,ratio_187,ll_558,ll_557,ll_559,ll_550,ll_552,ll_551,ll_554,ll_553,ll_556,ll_555,pns_70,pns_73,ratio_193,pns_74,ratio_192,pns_71,ratio_191,pns_72,ratio_190,pns_77,ratio_197,pns_78,ratio_196,pns_75,ratio_195,pns_76,ratio_194,pns_79,ratio_199,ratio_198,ll_547,ll_546,ll_549,ll_548,ll_541,ll_540,ll_543,ll_542,ll_545,ll_544,pns_62,pns_63,pns_60,pns_61,pns_66,pns_67,pns_64,pns_65,pns_68,pns_69,ll_536,ll_535,ll_538,ll_537,ll_539,ll_530,ll_532,ll_531,ll_534,ll_533,iter_719,iter_713,ratio_131,iter_714,ratio_130,iter_711,iter_712,iter_717,ratio_135,iter_718,ratio_134,iter_715,ratio_133,iter_716,ratio_132,ratio_128,ratio_127,ratio_126,ratio_125,iter_710,ratio_129,iter_708,iter_709,ll_590,ll_592,ll_591,iter_702,ratio_142,iter_703,ratio_141,iter_700,ratio_140,iter_701,iter_706,ratio_146,iter_707,ratio_145,iter_704,ratio_144,iter_705,ratio_143,ratio_139,ratio_138,ratio_137,ratio_136,ll_594,ll_593,ll_596,ll_595,ll_598,ll_597,ll_599,ll_581,ll_580,ratio_153,ratio_152,ratio_151,ratio_150,ratio_157,ratio_156,ratio_155,ratio_154,ratio_149,ratio_148,ratio_147,ll_583,ll_582,ll_585,ll_584,ll_587,ll_586,ll_589,ll_588,ratio_160,ll_570,ratio_164,ratio_163,ratio_162,ratio_161,ratio_168,ratio_167,ratio_166,ratio_165,ll_579,ratio_159,ratio_158,ll_572,ll_571,ll_574,ll_573,ll_576,ll_575,ll_578,ll_577,pns_746,pns_745,pns_744,pns_743,pns_742,pns_741,pns_740,iter_757,pns_11,iter_758,pns_12,iter_755,iter_756,pns_10,pns_15,pns_16,iter_759,pns_13,pns_14,pns_19,iter_750,pns_17,pns_18,iter_753,iter_754,iter_751,iter_752,time_learn,pns_749,pns_748,pns_747,pns_735,pns_734,pns_733,pns_732,pns_731,pns_730,iter_746,iter_747,iter_744,iter_745,iter_748,iter_749,iter_742,iter_743,iter_740,iter_741,pns_739,pns_738,pns_737,pns_736,pns_724,pns_723,pns_722,pns_721,pns_720,iter_735,iter_736,iter_733,iter_734,iter_739,iter_737,iter_738,iter_731,iter_732,iter_730,pns_729,pns_728,pns_727,pns_726,pns_725,pns_713,pns_712,pns_711,pns_710,iter_724,iter_725,iter_722,iter_723,iter_728,iter_729,iter_726,iter_727,iter_720,iter_721,pns_719,pns_718,pns_717,pns_716,pns_715,pns_714,pns_702,pns_701,pns_700,pns_51,pns_52,pns_50,pns_55,pns_56,iter_799,pns_53,pns_54,pns_59,pns_57,pns_58,iter_793,iter_794,iter_791,iter_792,iter_797,iter_798,iter_795,iter_796,pns_709,pns_708,pns_707,pns_706,iter_790,pns_705,pns_704,pns_703,pns_40,pns_41,pns_44,pns_45,iter_788,pns_42,iter_789,pns_43,pns_48,pns_49,pns_46,pns_47,iter_782,iter_783,iter_780,iter_781,iter_786,iter_787,iter_784,iter_785,pns_30,iter_779,pns_33,pns_34,iter_777,pns_31,iter_778,pns_32,pns_37,pns_38,pns_35,pns_36,iter_771,iter_772,pns_39,iter_770,iter_775,iter_776,iter_773,iter_774,iter_768,pns_22,iter_769,pns_23,iter_766,pns_20,iter_767,pns_21,pns_26,pns_27,pns_24,pns_25,iter_760,iter_761,pns_28,pns_29,iter_764,iter_765,iter_762,iter_763,pns_699,pns_698,pns_697,pns_696,pns_695,pns_694,pns_693,pns_692,pns_691,pns_690,pns_689,pns_688,pns_687,pns_686,pns_685,pns_684,pns_683,pns_682,pns_681,pns_680,iter_694,iter_695,iter_692,iter_693,iter_698,iter_699,iter_696,iter_697,iter_690,iter_691,pns_679,pns_678,pns_677,pns_676,pns_675,pns_674,pns_673,pns_672,pns_671,iter_689,pns_670,iter_683,iter_684,iter_681,iter_682,iter_687,iter_688,iter_685,iter_686,iter_680,pns_669,pns_668,pns_667,pns_666,pns_665,pns_664,pns_663,pns_662,pns_661,pns_660,pns_658,pns_657,pns_656,pns_655,pns_654,pns_653,pns_652,pns_651,pns_650,pns_659,pns_647,pns_646,pns_645,pns_644,pns_643,pns_642,pns_641,pns_640,pns_649,pns_648,pns_636,pns_635,pns_634,pns_633,pns_632,pns_631,pns_630,pns_639,pns_638,pns_637,ratio_212,ratio_211,ratio_210,ratio_205,ratio_204,ratio_203,ratio_202,ratio_209,ratio_208,ratio_207,ratio_206,modelID,ratio_223,ratio_222,ratio_221,ratio_220,ratio_216,ratio_215,ratio_214,ratio_213,ratio_219,ratio_218,ratio_217,ratio_230,ratio_234,ratio_233,ratio_232,ratio_231,ratio_227,ratio_226,ratio_225,ratio_224,ratio_229,ratio_228,ratio_241,ratio_240,ratio_245,ratio_244,ratio_243,ratio_242,ratio_238,ratio_237,ratio_236,ratio_235,ratio_239,ll_525,ll_524,ll_527,ll_526,ll_529,ll_528,ll_521,ll_520,ll_523,ll_522,ll_514,ll_513,ll_516,ll_515,ll_518,ll_517,ll_519,ll_510,ll_512,ll_511,ll_503,ll_502,ll_505,ll_504,ll_507,ll_506,ll_509,ll_508,ll_501,ll_500,ratio_201,ratio_200,ll_448,ll_447,ll_449,ll_440,ll_442,ll_441,ll_444,ll_443,ll_446,ll_445,ll_437,ll_436,ll_439,ll_438,ll_431,ll_430,ll_433,ll_432,ll_435,ll_434,ll_426,ll_425,ll_428,ll_427,ll_429,ll_420,ll_422,ll_421,ll_424,ll_423,ll_415,ll_414,ll_417,ll_416,ll_419,ll_418,ll_411,ll_410,ll_413,ll_412,ratio_490,ll_480,ll_482,ll_481,ratio_494,ratio_493,ratio_492,ratio_491,ratio_498,ratio_497,ratio_496,ratio_495,ratio_489,ratio_488,ll_484,ll_483,ll_486,ll_485,ll_488,ll_487,ll_489,ll_471,ll_470,ratio_499,ll_473,ll_472,ll_475,ll_474,ll_477,ll_476,ll_479,ll_478,ll_460,ll_469,ll_462,ll_461,ll_464,ll_463,ll_466,ll_465,ll_468,ll_467,pns_199,pns_198,pns_197,pns_196,pns_195,pns_194,pns_193,pns_192,ll_459,ll_458,ll_451,ll_450,ll_453,ll_452,ll_455,ll_454,ll_457,ll_456,ll_1,ll_2,ll_0,ll_5,ll_6,ll_3,ll_4,ll_9,ll_7,ll_8,ll_491,ll_490,ll_493,ll_492,iter_9,iter_8,iter_7,iter_6,iter_5,iter_4,iter_3,iter_2,iter_1,iter_0,ll_495,ll_494,ll_497,ll_496,ll_499,ll_498,pns_108,pns_107,pns_106,pns_105,pns_104,pns_103,pns_102,pns_101,iter_119,pns_100,iter_117,iter_118,iter_111,iter_112,iter_110,iter_115,iter_116,iter_113,iter_114,pns_109,iter_108,iter_109,iter_106,iter_107,iter_100,iter_101,iter_104,iter_105,iter_102,iter_103,ratio_502,ratio_501,ratio_500,ratio_506,ratio_505,ratio_504,ratio_503,ratio_509,ratio_508,ratio_507,ratio_520,ratio_513,ratio_512,ratio_511,ratio_510,ratio_517,ratio_516,ratio_515,ratio_514,ratio_519,ratio_518,iter_155,iter_156,iter_153,iter_154,iter_159,iter_157,iter_158,iter_151,iter_152,iter_150,iter_144,iter_145,iter_142,iter_143,iter_148,iter_149,iter_146,iter_147,iter_140,iter_141,iter_139,iter_133,iter_134,iter_131,iter_132,iter_137,iter_138,iter_135,iter_136,iter_130,pns_999,pns_998,pns_997,pns_996,pns_995,pns_994,pns_993,pns_992,pns_991,pns_990,iter_128,iter_129,iter_122,iter_123,iter_120,iter_121,iter_126,iter_127,iter_124,iter_125,pns_189,pns_188,ratio_571,pns_187,ratio_570,pns_186,pns_185,pns_184,ratio_575,pns_183,ratio_574,pns_182,ratio_573,pns_181,ratio_572,iter_199,pns_191,ratio_568,pns_190,ratio_567,iter_197,ratio_566,iter_198,ratio_565,ratio_569,iter_191,iter_192,iter_190,iter_195,iter_196,iter_193,iter_194,pns_179,pns_178,pns_177,ratio_582,pns_176,ratio_581,pns_175,ratio_580,pns_174,pns_173,ratio_586,pns_172,ratio_585,pns_171,ratio_584,pns_170,ratio_583,iter_188,pns_180,ratio_579,iter_189,ratio_578,iter_186,ratio_577,iter_187,ratio_576,iter_180,iter_181,iter_184,iter_185,iter_182,iter_183,pns_169,pns_168,pns_167,pns_166,ratio_593,pns_165,ratio_592,pns_164,ratio_591,pns_163,ratio_590,pns_162,ratio_597,pns_161,ratio_596,pns_160,ratio_595,ratio_594,iter_177,iter_178,ratio_589,iter_175,ratio_588,iter_176,ratio_587,iter_179,iter_170,iter_173,iter_174,iter_171,iter_172,pns_159,pns_158,pns_157,pns_156,pns_155,pns_154,pns_153,pns_152,pns_151,pns_150,iter_166,iter_167,iter_164,ratio_599,iter_165,ratio_598,iter_168,iter_169,iter_162,iter_163,iter_160,iter_161,pns_149,pns_148,pns_147,pns_146,pns_145,pns_144,pns_143,pns_142,pns_141,pns_140,ratio_531,ratio_530,ratio_524,ll_404,ratio_523,ll_403,ratio_522,ll_406,ratio_521,ll_405,ratio_528,ll_408,ratio_527,ll_407,ratio_526,ratio_525,ll_409,ratio_529,ll_400,ll_402,ll_401,pns_139,pns_138,pns_137,pns_136,pns_135,pns_134,pns_133,pns_132,pns_131,pns_130,ratio_542,ratio_541,ratio_540,ratio_535,ratio_534,ratio_533,ratio_532,ratio_539,ratio_538,ratio_537,ratio_536,pns_129,pns_128,pns_127,pns_126,pns_125,pns_124,pns_123,pns_122,pns_121,pns_120,ratio_553,ratio_552,ratio_551,ratio_550,ratio_546,ratio_545,ratio_544,ratio_543,ratio_549,ratio_548,ratio_547,pns_119,pns_118,pns_117,pns_116,pns_115,pns_114,pns_113,pns_112,pns_111,ratio_560,pns_110,ratio_564,ratio_563,ratio_562,ratio_561,ratio_557,ratio_556,ratio_555,ratio_554,ratio_559,ratio_558,iter_919,pns_900,iter_917,iter_918,iter_911,iter_912,iter_910,iter_915,iter_916,iter_913,iter_914,ll_327,ll_326,ll_329,ll_328,pns_909,pns_908,pns_907,pns_906,ll_321,pns_905,ll_320,pns_904,ll_323,pns_903,ll_322,pns_902,ll_325,pns_901,ll_324,iter_908,iter_909,iter_906,iter_907,iter_900,iter_901,iter_904,iter_905,iter_902,iter_903,ll_316,ll_315,ll_318,ll_317,ll_319,ll_310,ll_312,ll_311,ll_314,ll_313,ll_max,ll_305,ll_304,ll_307,ll_306,ll_309,ll_308,ll_301,ll_300,ll_303,ll_302,ll_361,ll_360,iter_955,ratio_373,iter_956,ratio_372,iter_953,ratio_371,iter_954,ratio_370,iter_959,ratio_377,ratio_376,iter_957,ratio_375,iter_958,ratio_374,ratio_369,ratio_368,ratio_367,iter_951,iter_952,iter_950,ll_363,ll_362,ll_365,ll_364,ll_367,ll_366,ll_369,ll_368,ratio_380,ll_350,iter_944,ratio_384,iter_945,ratio_383,iter_942,ratio_382,iter_943,ratio_381,iter_948,ratio_388,iter_949,ratio_387,iter_946,ratio_386,iter_947,ratio_385,ll_359,ratio_379,ratio_378,iter_940,iter_941,ll_352,ll_351,ll_354,ll_353,ll_356,ll_355,ll_358,ll_357,iter_939,ratio_391,ratio_390,iter_933,ratio_395,iter_934,ratio_394,iter_931,ratio_393,iter_932,ratio_392,iter_937,ratio_399,iter_938,ratio_398,iter_935,ratio_397,iter_936,ratio_396,ll_349,ll_348,ratio_389,iter_930,ll_341,ll_340,ll_343,ll_342,ll_345,ll_344,ll_347,ll_346,iter_928,iter_929,iter_922,iter_923,iter_920,iter_921,iter_926,iter_927,iter_924,iter_925,ll_338,ll_337,ll_339,ll_330,ll_332,ll_331,ll_334,ll_333,ll_336,ll_335,pns_988,pns_987,pns_986,pns_985,pns_984,pns_983,pns_982,pns_981,iter_999,pns_980,iter_997,iter_998,iter_991,iter_992,iter_990,iter_995,iter_996,iter_993,iter_994,pns_989,pns_977,pns_976,pns_975,ll_390,pns_974,pns_973,ll_392,pns_972,ll_391,pns_971,ll_394,pns_970,ll_393,iter_988,iter_989,iter_986,iter_987,iter_980,iter_981,iter_984,iter_985,iter_982,iter_983,ll_396,ll_395,ll_398,ll_397,ll_399,pns_979,pns_978,pns_966,pns_965,pns_964,pns_963,pns_962,ll_381,pns_961,ll_380,pns_960,ll_383,ll_382,iter_977,iter_978,iter_975,iter_976,iter_979,iter_970,iter_973,iter_974,iter_971,iter_972,ll_385,ll_384,ll_387,ll_386,ll_389,pns_969,ll_388,pns_968,pns_967,pns_955,pns_954,pns_953,pns_952,pns_951,ll_370,pns_950,ll_372,ll_371,iter_966,iter_967,iter_964,iter_965,iter_968,iter_969,iter_962,iter_963,iter_960,iter_961,ll_374,ll_373,ll_376,ll_375,pns_959,ll_378,pns_958,ll_377,pns_957,pns_956,ll_379,pns_944,pns_943,pns_942,pns_941,pns_940,pns_949,pns_948,pns_947,pns_946,pns_945,pns_933,pns_932,pns_931,pns_930,pns_939,pns_938,pns_937,pns_936,pns_935,pns_934,pns_922,pns_921,pns_920,pns_929,pns_928,pns_927,pns_926,pns_925,pns_924,pns_923,pns_911,pns_910,pns_919,pns_918,pns_917,pns_916,pns_915,pns_914,pns_913,pns_912,ratio_0,ratio_1,ratio_2,ratio_3,pns_899,pns_898,pns_897,pns_896,pns_895,pns_894,pns_893,pns_892,pns_891,pns_890,pns_889,pns_888,pns_887,pns_886,pns_885,pns_884,pns_883,pns_882,modelPath,pns_881,pns_880,pns_878,pns_877,pns_876,pns_875,pns_874,pns_873,pns_872,pns_871,pns_870,pns_879,ratio_450,ratio_454,ratio_453,ratio_452,ratio_451,ratio_447,ratio_446,ratio_445,ratio_444,ratio_449,ratio_448,ratio_461,ratio_460,ratio_465,ratio_464,ratio_463,ratio_462,ratio_458,ratio_457,ratio_456,ratio_455,ratio_459,ratio_472,ratio_471,ratio_470,ratio_476,ratio_475,ratio_474,ratio_473,ratio_469,ratio_468,ratio_467,ratio_466,ratio_483,ratio_482,infoPath,ratio_481,ratio_480,ratio_487,ratio_486,ratio_485,ratio_484,ratio_479,ratio_478,ratio_477,ratio_410,ratio_403,ratio_402,ratio_401,ratio_400,ratio_407,ratio_406,ratio_405,ratio_404,ratio_409,ratio_408,ratio_4,ratio_5,ratio_6,ratio_7,ratio_8,ratio_9,ratio_421,ratio_420,ratio_414,ratio_413,ratio_412,ratio_411,ratio_418,ratio_417,ratio_416,ratio_415,ratio_419,ratio_432,ratio_431,ratio_430,ratio_425,ratio_424,ratio_423,ratio_422,ratio_429,ratio_428,ratio_427,ratio_426,ratio_443,ratio_442,ratio_441,ratio_440,ratio_436,ratio_435,ratio_434,ratio_433,ratio_439,ratio_438,ratio_437
-5379.444533130522,-4977.4081200975825,-4811.594111439596,-4805.60452315399,-4853.331750976244,-5372.066879049148,1000,-4856.526797597456,-4911.184256518888,-4819.2879421487405,-4894.231644207906,/mnt/beegfs/rcabanas/dev/credici/papers/journalEM/output/synthetic/s12/random_mc2_n6_mid3_d1000_05_mr098_r10_30_uai_ccve.csv,-5396.767479304674,-5392.2343252598685,-4901.361327268466,KL,-4889.9054135657225,-4822.301607096479,-4820.553365882925,-4869.205402996573,-4853.448736978644,-4870.898340462553,-5367.805413237722,-4872.703695180189,-4811.949009497134,-4979.017477262061,-5004.307575931123,-5350.5308205800075,-4885.760038734325,-4801.432084343904,-4837.40739745594,-4860.545610079543,-4811.226047844562,-4845.591850900271,-4843.00904007457,-5004.028671594809,-4868.87738697686,-4833.125583168932,-4837.069584797557,-4887.176792657951,-4895.516492198693,-4808.431277098927,-5237.284925411167,-4873.524726371971,-5053.711540170457,-5353.869714617438,-4896.995436881521,-4804.63840591964,-5119.180169625081,-4801.918593980992,-4914.957151196196,-4817.31347989342,-4851.71067135922,-4832.069831438318,-4877.841741666499,-4974.361149135651,-4873.052515948619,-5304.756394167671,-4884.7751403219345,-4815.583708994225,-4807.405191097985,-4813.481568356334,-4808.583336033372,-4898.478635004633,-4800.202032462865,-4801.855231312486,-4880.257141564823,-5273.415120299108,-4810.637846726687,-4814.407413668626,-4812.971360380205,-4860.470890559831,-5332.9730022786725,-4872.283015081363,-4851.737989772667,-4924.912049163452,-4843.610670261284,-4809.634958471846,-4818.019651082011,-4954.208565985906,-4880.867828709949,-4941.320668904683,-4818.039624528782,-4823.2734225659415,-4861.217545687524,-4905.708171467661,-4893.862197912101,-4831.286441336462,-4861.478894345556,-4813.18390046298,-4858.133206070584,-4930.225962992241,-5207.97074514191,30,22,23,39,26,7,16,35,13,26,23,21,30,34,11,45,15,14,24,28,18,30,17,33,15,19,6,13,25,25,-5087.2417158316275,-5209.533614731818,-4874.335822616752,-4892.7364268262945,-5468.489030027899,-4830.3554072424495,19,33,13,33,20,15,17,2479,29,45,17,-4865.313292808063,-4857.645581166874,-4970.185355150062,-5284.064629270555,0.982815394892336,0.6382532632336916,0.9852665672048219,0.5018715773924555,0.9819868578051543,0.5353629609028927,0.9816722879882506,0.45656611598551594,0.947778752394997,0.5799858535380223,0.9908371313203147,0.47488420250090146,0.9870533172406774,0.5460299328455543,0.8951060485673951,0.4242768237271708,0.5582424008850119,35,0.5099955121480125,30,0.9759746846290798,14,0.9852144939952674,16,0.8896220530529125,17,17,0.9375563243418499,17,0.8746137945648912,37,0.9956722062001162,19,0.9809445587747828,0.9702551236915813,0.9399299890632541,0.9877415625105398,17,0.9958385812224659,0.9912280178193763,0.4745994471945263,0.9784024590122413,0.4919315885318308,0.995620935107047,0.6040706986415514,0.9903077913082706,0.5242986479249243,0.9057479473179866,0.7350981166061088,0.9632872471721651,0.5961018267820474,0.9865226313976583,0.40206086378030564,0.9819232292107751,0.532008828569843,0.9893198119663361,0.6014215507770027,0.9954679620676918,0.6643856929066998,16,34,0.8740441546553073,17,0.9939671047070137,18,0.9949202484792854,12,0.8329582602513466,45,0.8595510859136088,20,0.9813848957384156,12,0.9854137124311131,24,0.9742519403175125,12,0.9305566547388635,0.9219383879973965,0.9869460588192616,0.9925227929491789,0.5653465412197894,0.8640921102781977,0.5636640352770673,0.9836123148881701,0.473148901411571,0.9924902042042807,0.605138501265303,0.9833840321732538,0.5233447145507469,0.9837657192429339,0.5014284713305387,0.9909734201590829,0.6281007207520675,0.9936135469950139,0.5284230323089751,0.9940307328788259,44,0.5921920275719232,0.9234549525651695,0.983495533265232,26,40,0.994844263293942,0.991676423282286,19,0.9940726225693054,25,0.9044624929042901,0.9862999564829819,21,0.965896394946147,18,0.995845803243177,32,0.9037906649662505,19,0.9920842005854896,16,0.9949422011109607,0.9802431858095578,0.4976622899546089,0.5833671547710638,0.5030726811083752,0.9946644811642023,0.1021959015874629,0.9906513046223098,0.5203075921010613,0.9926627023555793,0.5026359767060046,0.9837986709712568,0.5003571392234322,0.9941732998228848,0.5777399866659548,0.994641406187288,0.5421556030351558,0.8154177930043511,11,0.99535180367769,30,0.9351493575521992,31,0.9936760996296439,13,0.9949728939645547,0.969041949695506,0.9945354587438987,11,0.9890251994675353,18,0.9908585205849677,0.9796117929691773,0.9824940144463375,41,0.991922710265704,26,0.959781779398344,38,0.9811511564985446,32,0.9857806306945599,0.6248537471104175,0.5129144286467163,0.4913407420978949,0.4656394400754322,0.6188220865860131,0.4995844301477769,0.6016702262827603,0.5240695914706306,0.5778758674310019,18,29,18,19,40,35,17,19,0.6020699278792891,34,0.5717548691252514,21,0.49957592052127525,0.9898352799750213,0.9953636983288006,0.9736584325976011,0.9734474738212989,0.9888841016821026,21,29,27,15,0.77370513974745,18,20,0.9897541183024259,27,0.9799390328314951,0.0010770576420415384,24,0.991769311966737,39,0.9953328705648729,11,0.9802862229803946,0.995925522893521,0.9416459820006217,0.9776761741014068,0.9971802514470928,0.9555081680039429,0.9801705034183601,28,0.9927137816865452,13,13,38,24,0.9783392159934085,0.9566410371393465,39,0.9028613620340407,25,0.9949579963289167,0.9180055495512223,0.9971627698526452,0.995559409974562,0.9949922098726293,25,0.9856094287913305,16,0.9972230708915534,0.9214139590934683,30,0.9931505018765834,0.9875440042880923,0.99611915142351,0.9774332954514682,0.9848666590430709,0.9900941298830758,0.9595917536410395,0.9740539148531951,0.9914613823155354,8,0.48735948633738935,0.9814514066525862,14,0.5769561709916174,0.8889293780512731,34,0.6100433847046295,34,0.6224008488828882,38,0.5560772855972046,0.942908187463972,16,0.19831027033406196,0.9813998803086247,7,0.4808293721427562,0.9793384383673936,13,0.6013612938171872,0.9947942563667865,0.5067685680919185,0.9821424896639305,0.62727823089183,0.9860629277589816,0.9265957376256276,0.9934829768066396,12,19,0.7983879374296382,0.9969907077655638,0.9952763550643016,0.5693013000136689,0.5107856485502534,0.38545811117158063,0.5571770967468954,0.5393734300405427,0.6059616718884718,0.5290288504869843,0.5849005629327284,0.5581949508591219,0.46654817352734734,0.9762051513005028,0.9849930705874933,0.9950561009809903,0.586295364419341,0.9760733741662735,0.5709539065860837,0.9963877404747068,0.5650530140926483,0.9763790876399869,0.47573558881801425,0.990231162271372,0.5441877109010365,0.9951746755473537,0.5734768391907522,0.8904822248344668,0.48511847355251814,0.9098439407088681,0.50166350084137,0.9925489471380579,0.5222541795196195,0.9913934547503396,0.5465985183021126,0.9930305041912331,0.9912283832186325,0.9720847802388983,0.9947324028008374,0.9944891143253233,0.9881663558292978,0.9944233672360199,0.8351156187146346,0.990664647823274,0.9813426361977697,0.6125270905000133,0.993942427829232,0.6768320808585799,0.94449372187854,0.5954357523672241,0.9947933201599118,0.6855905462007742,0.989357376136391,0.6743549214779543,0.9857284558001274,0.9942199998709969,0.6098077491734866,0.9906641760134443,0.7432632149316364,0.985802148434422,0.5213734984134658,0.9879211080084516,0.6465335940543837,0.985422444721061,0.9952302934349003,0.40943315060985164,0.9509045646221295,0.9917954537434583,0.9959594796527795,0.9944405034687412,0.9857520104576614,0.9337993196414778,0.9786920808507497,0.9224711559012224,0.9902783560449585,0.6929794430644513,0.48973582135982835,0.5643565867503759,0.530159157727405,0.5687168841924908,0.6050523016175252,0.9410261214185255,0.5160221459769432,0.9941443290081631,0.5720384188379412,0.495840601307004,0.5168123703278175,0.865132699415936,0.9444889076924048,0.9853505045120695,0.9779180276400852,0.9133616761201956,0.9406315917278,0.8911072555858109,0.9932811413049232,0.9746835265625566,0.5383866666956993,0.63146902143962,0.6274444632134357,0.5903391759002181,0.5806509563300721,0.5509886964323927,0.6389541845495679,0.548383289750561,0.4276379634120215,0.5375710530992706,0.9798791960842619,0.9921957131988548,0.9816546682684674,0.9820881255618585,-5310.740226857098,-4855.659199808415,-5141.88039108544,-4813.992687762854,-4856.0275009470215,-4804.174113101729,-4854.53028628799,-4871.558902928255,-4852.303257632965,-4811.070950611303,-5352.1793469676395,-4806.209097648356,-4870.945484028556,-4880.318973254785,-4814.536720617004,-5179.569413125385,-4805.800599930598,-4864.684031936365,-4835.043058176717,-5656.9572335535995,-4886.139334699358,-4841.086504538649,-5271.749818519604,-4799.439780991291,-5206.595781559788,-4839.784624543368,-5090.874763315694,-4851.311730426157,-5104.940784843487,-4885.487273001591,-4836.162258454922,-5182.007483656365,-4861.13377447849,-4811.080030794467,-4973.567846721358,-5083.036334609565,-4885.836384780784,-4869.724206485983,-4868.155163009644,-4876.778799456994,-4878.0359403209,-5121.977509375862,-4857.576067021378,-4848.648233752228,-4807.474799500493,-4975.196734872676,-4912.890550243678,-5092.429349596594,-4822.344193526195,-4800.2252940626095,-4883.420806573216,-4816.892148140085,-4820.230597267286,-4899.85375426921,-4957.709964399686,-4866.579428435332,-4880.044195374751,-4901.391296933135,-4822.6202429710875,-4850.009033100911,-4890.643805105667,-5369.127295265339,-4878.899012629055,-4883.728797095908,-4823.796232589713,-4833.544465144352,-4844.358737758682,-4857.376589897458,-4815.621987277736,-4796.594044194708,43,31,17,29,42,16,25,40,16,24,-5267.790305497382,-4849.0977519950375,-4809.683893682391,-5341.679695423674,-4826.808634091031,-4811.321863957695,-4808.244385322981,31,21,27,8,15,16,28,25,12,52,-4815.110104010074,-5043.100111669375,-5458.684566519109,-5072.561587327605,-5710.630796625103,-4808.908595782439,-4872.5834521822235,-5065.403496328714,500,-4819.890643974008,-4865.481893499724,-5051.903082240868,-4822.739045804121,-4814.77349596276,-5265.5467607059945,-5405.618064529678,-4833.838796945759,-4858.719171191718,-4858.658046244426,-4806.8333703486305,-4844.0833973849285,-5272.478649066332,-5269.006520509201,-5325.384527960636,0.4854850098354849,0.47087236298260243,0.5200479057911352,0.5232096945982042,0.19405998688270087,0.5433967870375284,0.5681032135226524,0.5454570494778386,0.5422791593056627,0.5406993655176867,21,19,19,0.9874925021761896,15,0.9035102373767756,12,22,30,0.9313830016622038,20,0.9334303554900096,22,0.9783574315863192,53,0.9938432180663959,0.9715812529370775,0.9958189445911567,0.9947039440063814,0.9205604235275693,0.5880988478843046,0.6044537207203912,0.45500169064673485,0.5149514180660909,0.521549745106823,0.4979432769046351,0.5966488911246085,0.5738768249194994,32,0.6107563591009704,13,14,12,0.9888198081118341,6,0.8758918012828077,0.993561098271367,40,11,0.9822266448801904,15,0.9948994383575899,34,0.7939038302592216,20,0.9937263641003174,0.9780023055678371,0.9862914308368892,0.9367184617801623,0.2688277568657823,0.4950138946127446,0.6918119989431813,0.5120445122904086,0.5837144455927805,0.6079584304699565,0.4458404407512612,0.5327224571287478,0.22312154699035275,67,19,38,38,0.895170609208633,21,0.9849160897932314,21,0.9660905312173936,0.9092550864092022,0.9934659103466702,21,0.9742788341714039,20,0.956599030863293,44,0.9800998798142139,15,0.9831364533681521,0.9954779940607323,0.9939386099749534,0.5687074411938061,0.4979292170022652,10,17,27,21,0.9950500908642345,0.9816549855200145,21,0.9532040194109286,6,0.9436328153035571,0.9467011858365862,0.9933718658928031,47,0.9024569086418219,11,0.995547807654914,30,0.9888709639733326,24,0.9844279770774735,0.9858052776587347,13,23,16,-4876.164224486649,11,-5836.6155267146805,18,18,-5092.773335864752,26,16,12,14,20,-5683.9212301804955,30,-5571.020828942963,37,-4826.477200804626,16,-4849.582811359699,-4809.296558004508,-4804.5203465837485,7,-5570.261520132235,18,-4939.696224492492,50,16,35,42,-4849.271477453307,-4804.617640906967,-4809.646038331221,-4894.609953374087,17,-5344.260550233883,19,40,-4819.456341618108,42,-4891.0443361452435,23,-4808.426826772424,-4849.711952935254,35,-4808.931321362886,33,-4847.677233165192,31,25,13,13,9,27,18,25,13,17,19,16,25,16,23,23,-4846.388297974447,17,-5176.358199329881,19,-4851.911326680411,17,-4867.387119592239,19,-4852.979319406187,27,-4899.169990541166,10,27,40,17,19,18,17,31,15,26,14,24,23,37,17,25,9,16,23,35,29,21,24,20,19,13,14,34,0.9321521335858263,0.9863543915377705,0.9904888073856594,16,0.9780449710880315,53,0.982775521992294,16,0.9950711943652152,25,0.9852337796181949,0.9890605742190527,-4821.647185444386,0.9089057272399411,-4866.346290048373,0.9951712565022568,-4974.824247575984,0.9944447043223921,-4873.057634119231,-4831.667818958998,-4816.977927184412,-4804.619889889861,-4825.286583156897,-4869.667972443795,-5100.921583261166,17,19,42,16,8,0.4880118952131811,27,0.6439919976973751,0.6221039928219093,0.42582498050766887,0.6987089227635229,12,0.41715635544147034,23,0.4957372576259837,27,0.6082076626621786,20,0.5670800648572235,-4871.713362931023,0.9965149419604366,-4834.4127886149845,0.9739330448243956,-4882.109362108467,0.9973750419402556,-4812.368863893908,-5129.267858103285,-4867.872529912035,-4868.661209640388,-4808.208227979477,-5842.4390777242625,-4879.988832062033,15,29,25,42,18,19,13,0.5441889723030298,21,0.5005059227112654,0.5145092528660884,0.6401445486693024,-4826.881012601184,0.5331740401629393,0.5964887494992953,54,0.7054729010511058,30,0.453439660068055,0.5026365970714929,0.4649217668025042,14,0.49213599323403384,-4820.419561772708,13,-4874.929276815345,15,-4885.584843685303,29,-4866.050786656807,-4850.098245149686,-4873.999087728879,-4828.005673275493,-5104.994038396201,16,22,20,25,14,46,-4807.321806686396,13,-4856.061462732535,25,22,49,18,33,0.6077774002330995,11,0.19883831184126477,33,0.5293092679487652,0.4973188034490198,-4807.242736684724,0.2421882364888948,-4806.225685427609,0.488498898586087,0.5413799632154259,18,0.5827902833334723,17,0.6114373376525739,16,0.5566849077015401,23,-5141.810689593528,30,-4809.07613136264,35,-5013.405080929139,18,-4827.896966058724,-5013.381733621818,-4819.368551066175,34,-4848.937560209912,-5173.7050372345175,36,17,29,32,-5016.687085439896,17,21,19,19,18,14,0.5039090801703007,18,0.6260274720394912,16,0.5749044391314687,18,0.5351936927632158,0.40266942554630664,0.5351242834630654,0.496243825714376,0.001,0.5344551050461841,0.5494822957610178,0.9888201710766569,0.47441833536776934,0.9758994974286512,0.9910930789143426,0.9213705727843019,0.9950846809782298,0.995200211933765,0.8825926139380604,0.9961164172583269,0.9935195173935739,0.9874779907328499,0.9349226991560659,13,21,11,23,0.5260930182333781,8,0.6085902979029492,34,0.4737219617695222,15,0.565223610532266,24,0.4538988244863524,0.45164047082953046,0.6556492362579437,0.5952810861353512,0.48183803014491794,34,0.5155620454738357,0.9508936311883305,0.8096134203903839,0.9288276747454545,0.9946372893389439,0.9007193484763639,-5110.61703251504,0.9125230455295412,-4874.385394823183,0.9798146646176148,0.992605437674842,-4936.076576939548,0.9961209210657426,0.9832699293862297,0.9942084657798579,-4808.925589456253,25,-4821.76029611993,33,-5157.995827881446,-4809.088982483162,-4802.545523321552,-4823.3827747851865,-4880.532162639872,0.2140705582477015,0.6379910167445003,0.7083506281013083,0.6115032468996672,0.5175831630709565,0.48729259782182627,0.45131777984575844,0.9748948503185458,0.5335266212627218,0.6180651873243479,0.6785848461829441,0.9844361838590555,0.7572725216013354,0.9375331523554901,0.9952229560894061,0.9935127687360953,-4893.594962153263,0.9928209516323874,-4863.074791136153,0.9478244334280647,-4911.513594379453,0.9927708965107971,-4861.212194116307,0.9846285984715413,0.9947309618709522,-5144.495473266839,-4820.730454481618,-5264.395406467714,-4853.535114141641,-4873.60487468591,-4856.253557436936,0.5814258587056513,0.5222739152001342,0.5858366011956975,0.4434871646697443,0.5235981456538669,0.5126786326631455,0.6490160669339312,0.6032079083132739,0.9797914606314329,0.5042143863796718,0.970825073215722,0.5444582313932718,0.9591132959979792,0.9854203557607722,0.9137565259776189,0.9766490165208386,0.9813422581811581,-5038.438880788761,0.9851643769820954,-4868.397059540471,0.9952755162975716,-4880.937803095814,0.9808550856530658,-4808.876680908375,-4867.660468570039,0.9815713117424177,-4839.216454411273,-4998.026302386986,-5261.739168889877,-4909.175404721572,-4996.918324697421,0,-4883.051829612837,-4835.770098394374,-4884.205251238901,-4808.517105943836,-4915.7109000540395,-4916.776198782546,-4840.024591262151,-4825.944211318856,-4808.666036853856,-4882.475401416798,-4835.373588795845,-4913.715038834288,-4827.443060738728,-4856.105502073965,-5082.8267326970845,-4895.509880302268,-4799.757479255995,-5009.0868192660055,-4799.55138399526,-5194.433319371977,-4819.232695352686,-4805.804510505828,-4807.208587959065,-4801.18281833224,-4906.905704521665,-4854.03336273654,-4839.526421056944,-4948.347142414166,-4809.706819996858,-4824.981195376598,-4864.073680245962,-4804.82811350003,0.548857735646348,0.6231469624766359,0.5821916029214907,0.5582630231613444,0.4798872133039897,0.44944564021961886,24,13,21,18,19,30,37,16,24,31,0.5087618122747424,0.49806228885689824,0.5499011960159351,0.47308457894723693,0.162515539035796,0.48373123552599034,0.5372995560332497,0.7213820250443443,0.43845830459005325,29,31,21,17,26,47,26,20,31,31,0.6099355322764384,0.6005244505497548,0.5679089685217509,0.529899230144774,0.5433283246811362,0.6010088627884039,0.5768621530549989,0.608358595078827,0.17415154454131346,10,15,23,32,31,30,31,10,19,0.9833249857575576,20,0.9875856154674946,0.9246314079789091,0.9961715432460644,0.9862443367335846,0.5044273425625314,0.9769457641376654,0.494985226302892,0.9864614268052183,0.606199626595405,0.6137655344568947,0.9951300640223851,0.5809162188489934,0.9778559304302045,0.6248937260046576,0.9869984372504426,26,29,26,17,17,9,15,14,17,0.9869087930372297,13,0.9931044148524454,0.9785687965817342,0.8955819659354178,0.82003403310405,0.9952779630658374,0.9873230291209983,0.9953823864804929,0.9398068703241943,0.9815549989097098,21,23,29,16,19,20,43,16,36,20,18,20,20,17,13,18,32,15,24,40,13,10,25,17,15,48,19,17,10,17,20,11,21,15,22,23,25,27,30,20,0.6295408346629595,0.5609781271951291,0.4908620648986781,0.41723365120147393,0.6686044899044212,0.5060349020297934,0.5447959186363363,0.621973283082979,0.48973629268928204,0.5366515316824177,0.9096276376351351,0.989049242814215,36,0.9835353024172027,28,0.9828644164517114,41,0.9383056163332719,12,0.9961710769505383,16,0.9936153834209429,0.9620889365853833,31,0.9821807434696251,40,0.9926531714096036,0.9905944591780251,20,18,21,0.5520324400771106,0.6140413937154205,0.4959808802752346,0.47603967582607765,0.4644627198823284,0.011626318210549947,0.46349716801092633,0.7358853890548994,0.49290705232308607,0.42833387461911726,0.9861313985560839,0.9303581653285482,0.9928419386319391,19,0.9831209968114907,31,0.9749546462418597,44,0.9578350213157385,19,0.9576226855316321,9,0.9832697660310716,19,0.9805950338096541,28,0.9952892718275034,22,0.9499417345914655,7,17,0.5094885392574044,0.6029707066831553,0.41663445176271974,0.6127786822329296,0.6496967094595973,0.553354701151816,0.6442739885354573,0.5006583598395781,0.567217415727495,25,0.49871605096046207,0.9966013537627637,0.992629885376308,0.9279230789946981,0.9952791493683184,31,0.9841969485588273,22,0.9820704577241743,18,0.985579379956359,16,0.9091686699994677,36,26,0.9744905064554291,19,0.9845740483911585,21,0.9780587496647944,31,0.5199846253598932,0.560260143806033,0.4725241051718879,0.6508262128999031,0.5666003125615217,0.5226874024911575,0.6149968258186163,0.5272973822027466,0.6018132342805255,0.5727586385480975,39,24,25,0.9819132018434044,41,0.9922959867647485,17,0.9806765349663629,28,0.9952453338840495,45,22,7,0.9696412313394657,14,0.9365255388142751,0.5231436603003121,0.4895777943769652,0.5622259132055469,0.5228167664427137,0.5648567602696898,0.5378652036073955,0.6336194249353724,0.4592109463515285,0.5641230616622236,0.8591286080252709,-4824.828019784645,-4813.683449685049,-4813.663446373216,0.9961917162975072,-4806.358027552716,0.9916597905510964,-4896.449038523623,0.9869350738455838,-4955.535656867027,0.8420636346323135,-5397.301205587351,0.9958382488282443,0.8592457199273358,0.9689307100137112,0.9952023777954497,0.5484898408130797,0.9956275628699246,0.3831012235137829,0.43933788805415713,0.4359861030308325,0.20964405456918378,0.46048370365188,0.6722600096600578,0.6532654804700639,0.6158175481702522,0.9952479934422234,0.9540605759407996,0.9931225054350152,0.954685147676621,0.9913681678995759,0.9308439495324788,0.991576829334412,0.9870664059123009,0.9251055743618353,0.9546895936431807,0.502518946025331,0.48922626384758505,0.4377891761552796,0.5125941769231682,0.5740042451659123,0.19921114909596685,0.5128000022419278,0.5590383449633588,0.5813230479366704,0.9818036525806311,0.9956111869591314,0.9856183672264152,0.9819910270602407,0.9796623174471792,0.9835950301163846,0.99290597192113,0.9913458462865501,0.9375570929272253,0.9868301894370893,0.590002616696433,0.5490219678175604,0.6572514485069902,0.5992159378550009,0.37641372606277257,0.1693119467178877,0.5285335246322224,0.495206786279757,0.5625775510446175,0.9919044781208038,0.9900320016778641,0.8192166501655472,0.980785722008947,0.9954276402169967,0.9832269314036552,0.980359720574244,0.9945670220667178,0.9824517604972492,0.9830676574029027,0.933120184489531,0.5078641770747269,0.4774720518324502,0.48626757530660997,0.5998089404160828,-4806.804514523111,-4809.810821750035,-4885.769483922241,-5293.287845055679,-4902.988500779087,-4941.276206953342,-4831.163236831846,-4877.2194272470115,-4815.392960438021,-4820.66496421927,-4811.064279858021,-4909.63656168265,-4815.916319826483,0.9865833481760444,0.9192615618444853,0.9889331326393759,-4829.923735957757,-5321.45814513569,-4823.177339834922,-4845.374887975355,-4972.499275007945,-4889.285055807303,-4834.7745119874835,-4848.0266410676295,-5419.094442844837,-4806.743029858678,-4809.430432317923,-5374.866826723327,-5260.488261668882,-4903.548746156279,-4803.575130068611,-4902.0133989333735,-4833.440465629275,-5409.018275251302,-4833.629129299541,0.9838713755360643,0.9941191952184721,0.9240581577922171,0.9807193743439945,0.9886671856746093,-4829.716115395421,0.9375668733043492,-5336.525606291735,0.9796818828081717,-5796.537840756278,0.9401573585228571,-4890.682195736822,-4813.506371458602,0.9079003243354994,-5067.877028735111,0.9972462596584549,-5091.183235501189,0.9795511429769845,-5281.192122296894,-4811.897338937383,-4831.3905687272345,-4821.60089090876,-4865.043541199697,-5255.650872621603,-4831.327795974127,-4855.1561564870635,-4844.742491329189,-4857.026948888274,-5067.501518729054,-4811.274134088655,-4837.709290388652,-4855.519125867707,0.9942315413598599,-4845.895567192618,-5097.2989581596985,-4814.396255077199,0.982482910587943,0.9856252603833381,0.996263511140611,0.9308313313447567,0.9958416857875417,-4871.824082441434,0.9899029465632994,-5209.812353296617,0.8460773473167904,-4832.911130772746,0.9959263332978644,-4817.102539252818,-4800.470469825004,-4846.583079807261,0.9826066388431578,-5277.065012407845,0.8942569110209785,-4805.287972644521,-4902.886820125197,-4859.144204126069,-4810.003541841502,-4866.543068232519,-4829.820127043586,-4816.986830065408,-4814.965183408476,-5182.952732837056,-5175.140720477048,-4810.554577368545,-4893.419446024126,-4807.27473808589,-4926.355426648448,-4833.066458789141,-5284.277357980288,-5365.351064507806,-4968.635663038246,-4841.878170855201,-4808.532628587233,-4862.055251845442,-4822.28056025574,-5851.01696379177,-4891.875859430639,-4893.102570695778,-5118.137901070414,-4816.683597233995,-4814.2747053277735,-4812.008971551227,-5869.6577522732805,-4808.574568675227,-4829.259299669365,-4812.362317387091,-4819.100785938718,-4891.639983990856,1,-4865.965276770368,-4822.438901436681,-4867.094861680972,-5303.68246208096,-4865.206498283801,-5070.95200256944,-4825.524631878816,-5165.194991142008,-4811.571498430311,-5539.019871977092,-4879.009773067867,-4830.484464860333,-4849.001858815003,-5347.102030770369,-5150.927676635075,-4884.084603655375,-4876.430515898775,-4823.255492363839,-4855.940182231531,-4896.726346772179,-4859.767894569618,-4834.109430196078,-4844.730352748183,-4987.770426213949,-5994.859322973386,-4820.313279276174,-4800.66998896745,-4815.739749671893,-4808.93909083205,-4805.391353204844,-4804.870344285398,-5616.337021748576,0.5548354823891154,-4851.61031051935,0.5219145874178894,-4874.335617761589,0.7128164660927234,-4837.892976727752,0.48688869277143665,-4808.013469472255,0.655446228852621,0.5247445109931752,0.5778230477990086,0.5590473956200025,0.6125178141879186,0.5812139093587674,-5384.888231858082,-5262.534350678572,-4925.502322471479,-5262.120113641331,-4897.435961050283,-4881.868461993828,-4857.795371691097,-4874.019781433002,-4875.581625980302,-5049.937401482122,-4808.903483035961,-4806.22408119006,-4808.793208993394,-4828.579584119176,-5597.063914460366,-4869.91086517715,-5047.749363349331,-4814.4150003095365,-4884.503507346614,-4894.299148569423,-5086.1748267249895,-5067.5273484612535,-4857.381559285467,-4873.517198175399,-5532.357490684158,-4823.870236869597,-4875.669137795614,-4910.54094956264,-5240.227935094254,-4805.640658913327,-4814.048571413355,-5033.337253935159,-4825.817008924888,-4818.598854863647,-4809.161659991847,-5088.308124180669,-5371.096846140156,-4833.2101179764295,-4812.981121901784,-5188.480246163995,-4828.577804146549,-4827.7738239202545,-4819.815050845457,-4890.428219148384,-4822.153490616542,-4855.403102680387,-5125.537435481509,0.6424513287665862,0.6550752297005282,0.615017671161317,0.46453026931636543,0.5546902658267542,22,36,16,21,16,20,31,13,19,29,0.4513732331400941,0.6262020938707623,0.48897480034923285,0.5199112891218035,0.4790480625328197,50,39,24,26,19,19,16,21,25,21,38,22,18,35,15,17,8,11,23,25,26,10,16,13,24,40,22,24,18,12,23,27,29,16,45,18,18,20,30,22,22,33,30,18,11,22,19,6,16,12,0.5517298030717798,0.5153619900042983,0.424956520104582,0.6294040709581453,0.4551587030042825,0.48510139099438093,0.5701155009352861,0.4923777847700821,0.6206684624815227,0.5791835294060257,0.9953065482413288,19,0.9950959710112061,24,0.9948367121361356,26,0.9748630697847838,43,0.9928554267045419,15,0.9686208925771861,14,0.9796252946029764,14,0.9042061399551972,24,0.9957183312923652,0.9906979200289333,0.9761849062646231,13,16,0.598280099495619,0.579148164551533,0.5617217520529593,0.5366362056867646,0.55883449519856,0.5065757629852115,0.5596857524263859,0.6182301990831287,0.5352240102943742,13,0.45191712948570023,0.993870852422134,0.9879235832670366,22,0.9094901906782621,26,0.8551310907284891,41,0.9481895842137765,19,0.9952837246440048,26,0.9804080972912561,15,0.9717228937673034,38,0.9095617862545412,25,0.8888250162247191,0.9772916701953415,14,0.420874003692389,0.5521533350078984,0.5134565086900943,0.4741537347154375,0.5043341503705199,0.5284602321742232,0.5222343719757125,0.4975960494328447,0.7433777973126898,0.6251444147255201,30,15,0.926629755170451,0.902433998315131,0.9438510495907653,41,0.9799632394712053,19,0.9960111504461544,18,0.8521966099106048,12,0.9929278643831767,18,0.9856429837342159,22,0.9815013982963331,18,0.9923221727787569,18,0.9291963837427113,0.5349789830778123,0.6589013272622813,0.5058495353354441,0.596980430300013,0.5468764501447451,0.4985184984330643,0.43201285457477173,0.6038711818991259,17,0.43332794280389886,17,18,0.9844033278381399,0.8920615468595858,0.9885055346620147,0.9715546190920644,23,0.994568375027979,39,0.9947318400258581,0.9809825338882309,40,0.9918555463234772,8,36,0.99317768659558,17,0.9784496376907743,14,0.9910885030292838,0.4849744422384773,0.6236542925537659,0.48562218606465296,0.5145087274188721,0.7707521685876383,0.547829442057074,0.6167750872310426,0.6559668920114096,0.5791685948153869,0.9774886519584203,0.9942954122508227,0.9942995440729594,0.9919987511312764,0.9389724654834746,0.9658337062749517,0.886780853567113,0.9958108286174826,0.5988833669360145,0.9941481997876825,0.5921800013234861,0.987686033197445,0.5548856640324635,0.5161486416356729,0.5970132728645418,0.5659809926269721,0.7532651875135268,0.6258259895283346,0.5410428952851054,0.9186940038293271,0.9875459248786665,0.9903396194426356,0.9935896799057864,0.9824294328072333,0.990192512089389,0.9069858640732718,0.996032578546074,0.9970321451064014,0.6768895535452645,0.5800712869297521,0.6266919917368915,0.884859899983827,0.5182821932352386,0.41960379871854975,0.5434179841984799,0.5250452248030056,0.5648695869159871,0.42822161051438024,31,0.8968800532703575,30,0.9106813763034669,11,34,0.9444237385618154,0.8257038082969019,27,0.9786412566781951,25,0.9909947615332457,0.9938344132653048,0.9401003948698755,0.9062770789652576,0.9943319901743941,35,0.5361144279744816,16,0.5276623316937415,22,0.6523504668595236,17,0.5729643747052958,18,0.8994195274136684,18,0.8832146072613851,15,0.9957310678599511,24,29,0.9789209087665419,0.9923382519070658,16,0.9877921689666178,24,0.9909521623327384,0.9899579304437993,0.9872518705869857,0.9625387768491754,32,10,21,-4873.247436517393,-4879.198653211999,-4904.044587866097,-5472.384954127829,-4807.02719252926,-4845.623138388982,-5104.998223343448,-4932.953460569382,-5092.1062480616965,-4858.052128973804,-5380.063762610981,EMCC,-4846.592505515625,-5213.719429462448,-4811.269606169549,-4876.678903924362,-4876.934943729986,-4887.200565749705,-4817.619910744677,-5076.022706858124,-4853.872136666952,-5165.384617799024,false,-5384.256036786638,-4810.47781686184,-4821.35279911006,-5003.154981059407,-5301.171997511068,-4810.312405020991,-4892.19208614633,-4799.841625411705,-4807.571825544649,0.9860301758105857,0.9919672587814066,0.9889858952364715,0.9672367827683344,0.9754056136923726,0.9949421200970353,-4831.325495026021,0.8180156372248547,-4923.668662802541,0.9781571714260995,-4813.064060786074,0.995360485149868,-5731.210460913494,0.9780938304682495,0.9248489323413724,-4939.129179653671,-4812.521592839508,-4843.5401001209175,-4810.405790029557,-4811.568776258958,-4812.745862277845,0.6166494927462143,0.5504529042827735,0.4852524474575978,0.5044770671176787,0.6106442610074632,0.5068258825407694,0.7040975864695771,0.6177464767583699,0.5130507090828474,0.5018173498019877,0.9968842160674319,-4855.262135427927,0.9839948332788274,-4839.334096468253,0.9961279065533692,-4986.782905016062,0.9951174882739912,-4878.17125663925,-4825.197891444066,0.9956346354593246,-4826.396249502378,-4871.503846002286,-4811.027762478432,-4830.380191133586,-4885.836822709783,0.5819341893828649,0.5311301952704434,0.45138526925746714,0.5755372549342569,0.4433867259518952,0.5173698072797083,0.5122864717141336,0.5863090935995655,0.5960333152300845,0.6453571353958499,-4810.55418566548,-4814.762283341999,-5295.7211836529505,-4824.412451306971,-4882.689764475883,-4806.189225743822,-4955.214032366703,-5475.951466018419,-5291.7875617823265,-4852.705648610806,0.5118045538793027,0.48067179198419396,0.6217307750592046,0.4273799234410369,0.6156801373862858,0.6103915890539341,0.6054845772635884,0.6509392813384729,0.5008835604598567,0.5431909599133946,-5143.39814311756,-4815.273410341249,-4857.069989660963,-4912.716282083779,-4849.528834205573,-4877.009408676805,-5191.478554706928,-5568.282616922444,-4810.660329172313,-5746.054272401726,0.9782303710061433,0.9408287707569916,0.9187431589873615,-4930.057434750696,0.9852969489181713,0.8752368970236629,0.9908636045441458,0.9819231879431953,0.9629868964726068,0.9057844114049525,0.9837441254039248,-4839.161012791041,-4900.65856729139,-4884.940890345224,-4857.037245140384,-5237.963542781624,-4812.960790324544,-4990.258596164475,-5265.918374817379,-4809.44695576495,-4876.0831870212105,-4877.221305969697,-4809.197115846659,-4909.476512759981,-6320.344702232913,-5105.124398027407,-4879.643731329415,-4861.89297846331,-4858.299266475146,-4808.943143557198,-4811.5757461166495,-4817.475447384927,-4860.942874784775,-4812.02888867215,-5911.739170210038,-5152.972397556117,-4821.075423213219,-5033.395127558297,-4820.832358724997,-5049.694016368497,-4814.104420540456,-5313.778790414377,-4804.861808272044,-4867.659659883206,-4904.422415075054,-4829.237002938669,-4821.879055247964,-4840.337515403003,-5245.043830396735,-4884.825205098807,24,0.9780053414850003,34,0.9923184838862664,12,0.9845729645025877,15,19,0.985198051809043,13,0.990672655858004,39,0.9845200347607129,16,0.9756437200824454,0.8876141282711961,0.9826161491177923,0.891653665061348,0.9829577875486734,28,15,21,19,0.9951323564835102,20,0.9864966698817598,23,0.9718393592150641,17,0.9823368952982778,18,0.9686121769365954,34,0.9934005497413628,9,0.9660924255208625,19,0.9881519585039996,0.9707918878315905,0.9190188663241312,0.9943986078714281,17,34,24,0.9970879012344124,19,0.994924898224517,23,0.9967446204623178,18,0.9807317998237459,32,0.9770836471240487,26,0.8974775173256083,35,0.9941458956009728,17,0.9944425203626117,19,0.9076136167672089,0.9933964315450531,0.9806090920750449,24,16,11,0.9621785042449552,0.9905120449438719,-4852.4378368586395,-4832.183195166568,15,0.9939030570915361,17,0.9821817750547766,0.9022513032477392,21,0.9812174366309722,26,0.9953499888800391,26,0.9955939180896066,25,0.9943371138084397,12,0.9798247068818237,0.9847242124925636,-4857.957034222225,-5134.594662823754,-4870.1084458706,-4809.930583010021,-4798.820071473435,-4893.663902514725,-4802.96197128129,-4914.324855783629,0.5135840318719375,0.6022262512886398,0.43421459850359473,0.5191438113467439,0.3819704624967309,0.525284734739262,0.526730535565834,0.4709780859975801,30,36,14,17,16,20,36,22,24,33,0.4691525310036517,0.5665966978649656,0.13418139935887274,0.338809116135632,0.16774336381894475,0.7640087021054959,0.5844763428998507,0.4907959519411852,0.4908115721656622,17,43,17,18,14,15,16,33,23,12,0.5530408541284378,0.5066831517644629,0.6102084438783777,0.22354901037117572,0.4838469558850834,0.5186422456623792,0.5308877928459876,0.5841290872128945,0.5722108889147108,23,46,7,12,18,22,28,13,12,17,0.6098615488458702,0.433633822091786,0.5425975336968336,0.49057720741769756,0.6090186808073281,0.555282671913132,0.22584511084833625,0.6466926953258005,0.46205226372780595,15,43,17,23,19,37,14,50,14,19,0.5284903245678104,0.5836401637560956,0.44905079164103523,0.5155219683300482,0.42874028790374785,0.5436411493593805,0.5711635602286781,0.6480948135776133,0.5878280133185717,0.48851064877163647,0.6049304585266118,0.19224497625524942,0.5622475798938825,0.4792089651125384,0.6690518630245506,0.49218682596794044,0.6081245462743057,0.5166068051231009,0.21697601491551152,0.43549459917049216,0.5975173036923485,0.4989355401888455,0.5597656991253591,0.4464269027819093,0.4176843219266931,0.5321338290488774,0.5399936793030528,3,15,16,22,9,22,41,22,20,14,14,0.4586739377317194,0.6165315378794245,0.5809218226260264,0.6347380790895817,0.6821423742960173,0.5210747809191443,0.6783257223302499,0.4747263156524066,31,17,18,32,13,34,34,17,20,15,0.47978221001438953,0.5188046985440746,0.49738918540211724,0.5881386352077181,0.772199379567729,0.4777562725488982,0.6154640415989968,0.5957142209730798,0.5088228202080464,0.551182654136221,0.6794582696305151,0.5538388670245921,0.6109450305615651,0.6949656827277283,0.4616118322981499,0.5019297574724035,0.4934634726203746,0.5128589114500998,0.4706231149134804,0.5081092946248023,0.5585431798131684,0.6070345460194614,0.5221217354440155,0.6094497854458086,0.5564832684733473,0.6112024419581547,0.5711563176101544,0.54501905780785,0.4684878079024654,0.47486516076303187,0.39209986978622946,0.5455189195956136,0.6367229199742916,0.48199747676190685,0.4980291678749478,0.5172093207895764,0.6021340708519359,0.5755841961901194,0.5207821469437496,0.513191560583098,0.5058412516044803,0.6242209793491321,0.4414102242054434,0.5833382299985522,0.5923411001564031,0.5735651785126908,0.4814525395334627,0.4986970174798015,0.5813589679175192,0.5883227598322401,0.9796825379169297,0.9626118359588534,0.9811638879221097,0.9754047693819968,0.9930364742565895,-4815.873653956759,0.9191818217882481,-4846.845276801499,0.9757707401109422,-5127.563445841659,0.9407209860703433,-4892.101000642602,-5199.249552472445,0.9615540808199642,-5138.834788167454,0.9826042334028036,-4806.318855496959,0.9920160622555317,-4811.706436763513,-5297.364846629447,0.9835314651316426,0.9946957916885204,0.9950155008508439,0.9580165924785601,0.9669597830033277,0.9828361625866245,0.969711531275187,0.8392641920421684,0.9920285163516994,0.993092732615417,0.9953241065832468,0.9853848426790236,0.9820671573583046,0.9430045372297213,0.9951410890459308,0.9815752132922173,0.9802262306998022,0.9911445575951633,0.9956868484884321,0.9908172132596993,0.9156356834669729,0.9781058328542821,0.9203180421964982,0.9940977076015134,0.9965481965628401,0.980165126093577,0.9915124313337498,0.8930119681859007,0.9889956619684417,0.9585499087084477,0.982663417928937,0.9791904662517973,0.9843212779396233,-5119.378719085521,-5194.677919423893,-4817.442723828785,-4846.916503422517,1,-4804.883532813343,-4875.667562075428,-5422.913464790736,-4810.03259433157,-4809.865392907472,-4809.307024512675,0.9870749455960046,-4861.933510116898,-5021.195119390497,-4807.627853979066,-4840.088893720041,-4855.140744850473,-5303.547819532703,-4818.158772543746,-5346.7163921755355,-5072.124763391021,-5055.685407027394,0.932820223131928,0.9887696911090323,0.9827283671069558,-4868.3205201600595,0.9899481701875072,-4859.523993616914,0.927295415146372,-5003.374680120866,0.9768148771370303,-4883.403690404315,0.9268352385668873,-4815.411457021644,0.9935274600670221,-4912.580672164662,0.9479321697665587,0.9713004301827505,-4807.965016409555,0.9005895694054352,-4817.702671226439,-4954.218280162962,-5263.895073659847,-4926.220381034388,0.9839769732411546,0.9808509983371093,0.9887530337956404,0.8633519750278627,-4816.439960695644,0.9902281177343539,-4840.339292139507,0.9369659448843415,-4810.760952836401,0.9889124608475273,-6028.71933302902,0.9799937270212175,-5109.564469300311,0.9702921320258528,-4872.829906414696,0.9893909324939391,-4893.877389451177,0.995226423966091,-4852.74759610184,-5464.40024103409,-4817.241112173977,0.6542586801394172,0.4962251789991815,0.5672350171427486,0.5299591729257389,0.9901495625120378,0.5303200746688838,0.9089698729420896,0.5290087012129739,0.5629328819892487,0.5519072492353378,0.988055526177232,0.9850792361962386,0.579402946674983,0.9850916291071651,0.5158676734340253,0.8854164894585443,0.8987563893123133,0.9077748225489959,0.9083730208758622,0.9957123539113698,-4814.250925170051,-4908.837901536127,0.9831698476698856,-4923.089576365061,-5071.701743172036,-4878.513219522808,-4824.724423522883,-5310.208821184474,-4871.230265674489,-4843.893762642109,-4892.638299634128,0.4356798775937001,0.5048945062987913,0.501565447188477,0.982276325694537,0.5013438478669987,0.9435515543086982,0.5918737519899191,0.8381251634894948,0.5511960578431072,0.5591494635452096,0.9474099744460137,0.5857342512308387,0.944884918549628,0.7168450494052454,0.9930149299203415,0.5476557060705519,0.99528266647597,0.9924284363288676,0.9940703075778871,0.9837100362954684,-4819.480418631655,-4878.128853925975,-4977.140257211519,-4810.08851259002,-4834.021657322001,-4887.605812301249,-4808.402354247379,-4861.801774168822,-4886.612531923877,-4844.0763127959235,0.15110982579470605,0.5259175110748551,0.9915916981347003,0.5521449224238477,0.9870337977988564,0.4887689668972499,0.9951222316993329,0.5188970154182074,0.9085827438982775,0.5299088566292985,0.9490637235169253,0.5217117502505804,0.9947834514884248,0.5966260090772484,0.9954201547365935,0.546528766645643,0.8960146700952535,0.4786532510503653,0.8768089292804907,0.9940008154878,-4808.990974612582,-5186.959628478134,-4824.912281205096,-4812.516402862292,-4811.082567669011,-4811.409436399126,-4849.982685732969,-4885.303936102324,-4818.146957119752,-4859.097366089925,0.5857421841732136,0.5686850288203357,0.500745222944647,0.5149145835190878,0.5869418362326855,0.5656693784381318,0.6268267634872658,0.6178165876878442,0.6369464618840412,0.6560302569741508,-4852.411031357924,-4825.76781249965,-4968.2633013916875,-4941.589824564615,-4807.915746144049,-5319.7016966553165,-5390.818225246939,-4886.002501930183,-5264.853716568157,-4856.853101569107,36,38,0.9800346351942533,23,0.9786489388274205,18,42,21,0.9853515125848208,16,0.9922109349714421,30,0.9902098562584795,18,0.9810048040880527,0.9857000199351723,0.9863817481977328,0.9948353327529733,0.9859292429524296,14,0.9012346990434611,24,14,-4883.553576949364,-4882.64557878554,-5182.941411163135,21,0.9768094335222463,34,0.9800964446084951,23,0.9936330776884076,15,30,0.9765030131433012,11,0.9654101196759112,12,0.9834881851683637,18,0.9929448961970809,0.8914341394494777,0.9938951567822715,0.9978379087223983,0.9879993677478929,-4865.1283405419235,-4878.933144652906,-4865.4689097146575,-4879.284442057188,-4903.629300102205,-5404.705697867682,-5071.360691604945,-4806.996349136098,-4813.118302909071,0.995579502683375,0.9344483378320776,0.9853110489702382,0.9811783735514458,0.9925096961089739,0.9620169060856338,0.9742173820282161,0.987125305715494,0.992452884306083,0.9868483413915273,0.9807745951534385,-5175.406180026311,-4889.092073651017,-5173.471383042874,-5043.594330307811,-4810.170108938705,-4935.488598172644,-4881.407300309664,-4830.513685274809,0.9236233998397188,-4873.528054776554,0.9416071526896129,0.984589931504823,0.9948334551523134,0.9896738600285675,0.981431302683337,0.9796118807740847,0.9828530666428275,0.9623319752649399,-4812.321397276761,0.9970830694071026,0.939870352924721,-5654.063316268551,-5158.139638542728,-5736.821711707348,-4818.742461476446,-4852.675076992802,-4872.169882846922,-4850.385549539156,-4818.2713024156255,0.6058391545937466,0.5150211045573178,0.4821512278787822,0.19845370302899407,0.6261554203367186,0.3354909076926712,0.6994238278617583,15,0.46138527284271025,41,0.5784599320841031,26,17,0.5683015339348044,0.6004860393258518,0.5398873693450288,14,0.511770386783803,0.47683884674872107,0.48457336443056676,42,0.5802967682534977,0.49011852339978434,27,14,25,45,162180,0.6385772498530486,0.5901418069360981,0.6560493516898193,0.620320571185676,0.6018024350835904,0.49705315884246914,0.5639231136606205,0.0010770576420415384,0.6812521904372751,21,16,12,15,17,40,29,15,19,14,0.571961674559613,0.5630989331166754,0.5841104767523233,0.47732259968454677,0.5197147502198939,0.6096496089635215,0.6928098947359943,0.5362009132833734,0.20001551175176985,43,19,44,33,11,28,17,12,9,17,0.43173850457655205,0.5119941361610119,0.41500377092130425,0.5205618824414571,0.695317043844527,0.6189603252596785,0.4951371650898653,0.6395688437276286,0.7153895009309666,15,18,19,31,36,15,9,25,18,15,0.6490875813280349,0.5894883088747306,0.6088183797935987,0.5464098577995992,0.4845883293187954,0.6158519471104803,0.2733484277647467,0.5991920864435463,0.46404166720875795,0.5320857699501537,0.5237099089236426,0.5408555275408693,0.5217702003057884,0.48820267546955026,17,0.525680037026275,0.21863086447529592,0.5325526608527752,0.6114660387350683,0.47088890234477543,27,29,31,25,18,15,17,38,0.4760432791156568,0.6127593620144288,0.5376468114145742,0.5511552583276575,19,0.5032964297850392,0.5204816642543675,0.48722342902542515,0.06987634492980212,0.6811709918566223,0.52559634755538,0.5191602035424172,14,0.5601639930291674,19,0.49562038270313724,0.5855802570423518,0.6386034779374432,0.524859029574177,0.479268907127277,13,31,16,17,18,50,10,23,0.5144582429518156,21,0.40520193413377575,0.5177740596974606,29,0.5283512853293167,13,0.5599987912428275,0.5033796777064133,0.4849882630429468,0.4720427314754895,0.2677898309118767,26,27,0.5075307778999939,25,16,18,16,17,19,0.47846846552082917,15,0.5962205606607158,17,0.6517605950059103,47,0.45699688259432447,0.5417360991560526,0.4644836404383186,0.5142045011924363,0.6144203572975675,23,39,0.7017320897380411,0.6194601409733851,18,18,20,32,0.5751030675462766,0.5723949607556067,0.5421804785088938,0.5798671925790017,0.5311856522901688,0.4903992629299459,0.5022956412418338,0.5132827194762012,0.5348222861791562,0.4909668424438467,0.5295675083891663,0.12530288690536578,0.5130419867508584,0.5063116760493532,0.510546787701987,0.47162316936270676,0.5133755679300339,0.5563754987637207,0.6135859389106352,0.5077542247192403,31,19,22,29,46,16,18,19,18,18,0.600959949511121,0.4634321701034682,0.5328358964714285,0.4863015260762557,0.4304515040823773,0.5826619584595665,0.27415080234484773,0.6030478861796815,0.5743053533930679,26,0.5774290508819826,13,22,42,34,52,17,15,20,17,0.40333239891875167,0.5289749669522846,0.5468841479204702,0.5333659879848155,0.5734109226055768,0.5697558712136156,0.5766658007568031,0.3351304356531325,0.5902471728004843,0.5169471306965354,0.6267687474293987,0.5227057934641587,0.6057400445577881,0.6255090341179854,0.6685880471113501,0.5669946633939055,0.4938630768201099,0.5346148763225189,0.5939877930274902,0.5460093015183929,0.49427807821524944,0.5748402498149827,0.47216692570051133,0.5121472694510759,0.5380255816681306,0.37715822061938725,0.5134324204949313,0.6322168788872615,0.5034768795212975,0.5343613389056813,0.5044810440238445,0.5279103984872118,0.5086169405189717,0.4761623331700159,0.5689552178336321,0.45382961370175917,0.6320247301816657,0.5471458974634589,0.25781771399238873,0.4850590891298057,0.9738077510776861,0.9961672379242125,0.9349589605087276,0.9615894968957709,0.993139116712657,0.9779315157086668,0.9855239288327049,0.986172719201982,0.994727165092808,0.9959669687734288,0.8897244577153873,random_mc2_n6_mid3_d1000_05_mr098_r10_30_uai,0.9776748536495996,0.9902956767184556,0.9894882192913239,0.9830240093643798,0.9470709461759513,0.9935461725765563,0.9865022245254134,0.9967314681362762,0.8939745688958289,0.9773795854499502,0.9820866085176501,0.9564207030498147,0.9894191199539446,0.8945324362285841,0.9796271884219365,0.9612786843804132,0.9882747131886137,0.9953814652285584,0.9138749253123369,0.9793432022430504,0.9564740100747993,0.9877479402563212,0.9787967179838436,0.8868685538896373,0.9861489488048175,0.9925184611029247,0.992878411827917,0.976508984028918,0.9946538004877437,0.9847090746611122,0.9948032627138348,0.9968324628929075,0.9822520862050009,-5094.556534963146,-4899.90615910956,-4876.426681834664,-4847.93508221592,-4880.685226285899,-4818.748363126955,-4820.67881843531,-4838.670480281418,-5367.0688972002135,-4810.139236352403,-4934.177489087077,-5284.326131496555,-4896.565137763196,-5039.14107677663,-4822.071500072418,-4968.884228211467,-4841.196339485343,-4812.699531503093,-4807.282316555908,-4854.593306505156,-5270.4461857336355,-4896.0750628042615,-4813.656838987587,-4885.684041176175,-4810.6857691294035,-4801.235087109388,-4819.6496788094755,-4863.317082739803,-4862.80176752622,-4810.662806003064,0.9745558545673659,0.8909463485489438,-4825.836126116303,-4797.662736708121,-4854.969089015865,-4920.370694049371,-4946.726141437119,-5520.171445219912,-4806.512239564691,-4871.751690162019,-4823.481048706083,-4845.075346250615,-4885.907047761276,-4805.595297495664,-5067.859243028524,-4923.930062161092,-4808.2101876747,-4827.653876244872,-4812.865290976627,-4950.519503177291,-4911.43014989969,-4805.822744401939,-4811.814319555763,-5012.545620630591,-4853.3823580028775,-4880.079417828403,-4814.922447773494,-4939.106050462141,-4854.712862397675,-5384.760184409168,-5625.755603385775,-4876.64058934103,-5084.714609755172,-4855.600675258052,-4882.782862031266,-5071.887908533459,-5399.376104368577,-4877.738762758776,-4887.051082186493,-5036.498171711087,-4813.119784422134,-5623.476815895946,0.9936163940276348,-4867.984667647537,-4864.4564924254955,-5312.2546615174915,0.9955955433785257,0.8934657344157418,0.9822764066948658,0.9885856894572272,0.993833657246901,0.9955788094070176,0.9658116473257402,0.9848663517644128,0.9455107787100672,0.9959219308459653,-4805.280425717783,-4834.687283570942,-4858.245122507358,-4907.332255846057,-4805.821843870834,-4879.0317691001965,-5062.050563378308,-5119.101115578617,-4821.4669983978965,0.9788685187793065,-4871.59853054726,-4874.886379999322,-4910.355571962095,-4822.068884755664,-4812.851484118094,-4877.759252850895,-4808.905915953435,-4839.31541177648,-5246.633143747107,-4851.592722856825,-5264.460234373322,-4875.7725212798805,-4837.284160285861,-4926.677831393195,-4897.39948020086,-4813.10449018229,-4822.478994953552,-4863.187570163602,0.7053211967474909,0.5106681500842943,0.4851792676615135,0.5063143532464314,0.571543166349993,0.18843537580600786,0.5241481629752174,0.6079925350523546,-5176.665487136882,-5169.226154352298,-4837.901347993657,-4852.174753201912,-4857.681690622247,-4874.395854858103,-5084.882918287811,-4902.794882993333,-5146.300021494121,-4803.963620230934,-4845.13905302688,-4846.877029285049,-4867.510328338095,-5341.177194871222,-4880.053087598087,-4877.666979791393,-4845.374065386536,-5287.340019013594,-4824.537548395843,-5151.784582063724,-4841.485590062896,-4816.973027838792,-5356.918777841415,-4872.5830503799825,18,37,11,27,17,26,27,28,16,30,-4859.769410818959,-4807.3973431094755,-4807.478147209971,-4955.6488403326375,-4889.546735059164,-4815.919983338322,0.534493378146526,0.5268909916099489,0.5931221664071056,0.5965679744956193,0.5496733881286126,0.5468082305281231,0.49683556388896516,0.4694525437979732,14,0.537644974285308,22,20,21,22,42,18,16,23,28,0.22330691947341966,13,23,15,25,21,25,9,23,20,11,0.9775633152381072,0.9842522066212833,0.9949197362319783,0.9968733634601368,0.9943009088816148,0.9796424266718091,0.9081248914001246,0.9930645770984388,0.9841479156348134,0.9949149871237024,0.9891608427468676,0.905739587403942,0.9956193655542498,0.985916444048159,0.9944986880481057,0.9632390593596788,0.9774654753670771,0.9498093617793978,0.9700144311053363,0.9886447552256002,0.9925658236253196,18,34,6,22,16,18,23,14,16,23,13,38,44,20,12,15,18,17,31,40,11,18,14,24,16,17,15,17,15,45,0.5378154735858739,0.5943518171867308,0.5537891013424631,0.56224561525721,0.661955961378711,0.5227769311952517,0.5347439347259935,0.4246741789298459,0.5820226832029269,0.5705744870120323,18,20,13,20,15,35,30,11,8,14,0.5362878508587746,0.5514680663427837,0.9278972081883686,0.5408612460505781,0.9820859377958382,0.4753797590968992,0.4847470339132984,0.4855372526191044,0.9823597052516685,0.4897105572951069,0.8342987825963167,0.5490311484058552,0.993251539859857,0.4804487741370354,0.8465103947948479,16,0.4982297350722795,0.9750216784611692,0.5094175986464737,0.9880942077967676,39,0.9782499904821234,18,0.9013248878189998,0.9941782105760298,36,18,29,11,18,16,20,0.6262253960109545,0.6328373146174354,0.606481242293689,0.9789595487154245,0.4960884492879079,0.9956785947860617,0.5577806270333597,0.994412160440092,0.5529917025761879,0.5277909128971142,0.969756747451843,0.7127975856422244,0.9251473557459694,0.40596648212708736,0.9489707253591615,0.2184037491956302,0.9248014945225471,19,0.7399757645119643,0.9945768320374505,10,0.9867717362188467,10,0.9933486658690225,17,0.9863061701249483,22,11,18,43,33,31,0.6451170618890133,0.4471617589190618,0.6122807836294778,0.43469240308530055,0.9809979411779902,0.49019257696755997,0.9802520565582472,0.5727408656187082,0.9234569697702706,0.5072073982879142,0.9800697984846098,0.4795473375219738,0.8855659563365063,0.5286809935128634,0.9837126613825704,0.4924484339517351,0.9809273115530044,0.9837815233290277,14,24,0.9805007194843037,19,0.990831137615806,21,0.9950216440693757,15,19,12,29,36,18,0.5036724215201343,0.5867725889976557,0.44201367167294253,0.569308096830591,0.6336071286559416,0.650818545736439,0.5291419688840642,0.5504871342724583,0.44639177667165897,0.6073902607820442,32,31,22,0.943774986853647,32,0.9760573398053967,18,37,39,32,12,22,0.5631474095143627,0.5238587293557825,0.5303881740737002,0.5131950074876112,0.5224141810585634,0.5127607084057366,0.4905333025870759,0.6554297866917226,0.6067114021392773,0.4923145152111916,0.9795785753606948,0.8997164959566859,0.9767989864767816,-4926.940580481459,0.8917760255595641,-4811.6008724808125,0.9950280303484563,-4850.7724420810755,0.992852573323494,-4819.606204309311,0.9932503233980263,-4809.6779934004135,0.9815021699965009,-5530.691621948953,0.9872705159784948,0.9394779186770146,-5149.643033868268,0.9806457798737771,-4837.987260995801,-4873.277763993284,-4842.621318031747,0.3702841132796844,0.4699420816524318,0.5165280381831225,0.5328769798673098,0.5663700397951401,0.4567232426376804,0.48152142382712926,0.5454160131234506,0.5913067194476836,0.5833912000613712,0.9797186485531512,0.9948329305785544,0.9947653454393155,0.991805564630013,0.9090895260750779,0.9854577171591355,0.8878472933170205,0.9954881954593552,0.9633594436729758,0.9685594191280847,0.9863598403184235,0.6313615554337356,0.560240866548042,0.6293270268309519,0.5284510275536163,0.6767590040078132,0.5613956742234429,0.5920277437629954,0.5158463801505081,0.6322756252889911,0.5239261916523685,0.9844546512527892,0.9901121073381942,0.979257238381105,0.9950385232043034,0.9227415890749563,0.9933743019143447,0.9850025651782713,0.9868537024119757,0.9919814270393587,0.9945365312839048,0.9952656171152706,0.6351899154499239,0.188733976843965,0.5146977530016504,0.5159835620723621,0.77370513974745,0.5195292036347378,0.6415034770979648,0.4799313269705945,0.5962058562231568,0.9437115217773179,0.5795511912915342,0.9825491937377836,0.9810823820044343,0.9920200512830096,0.9721991232959534,0.9811596850701371,0.9794562877210986,0.9880569712344244,0.9953874525125317,0.961641248328227,0.9930994535316444,15,0.5651137537603703,14,21,17,14,13,17,34,8,43,-4824.743824376386,-4819.786074456771,-4977.591448593418,-4870.957408227977,0.5466545157494984,0.5852012750906627,0.45148268278061643,0.4966841441088909,-4879.664065351319,0.4561364087973571,-4840.6661789710315,0.575507033658959,-5087.824595093773,0.6017367453728204,-4864.1619674127705,0.6055531665200538,-5207.047459596259,0.4950447316340646,-4905.0695755699535,41,14,47,25,16,9,21,15,21,21,-4809.180358149971,-5543.7683685093725,-4932.765310645673,-4837.5452137862385,-4883.932660056645,-4840.584630664795,-4839.885793276003,-5130.917245747411,-4833.455326435749,-5108.214867553555,-4786.223370049557,-4927.644651767558,-4870.342131406742,-4817.404211179715,-5049.120098148195,-5314.544530211913,-5164.049844986714,-4899.826448259688,-4848.895609602972,-4834.822179774315,-5161.48715055823,-4814.640787772672,-4802.801697456838,33,0.8516644727270627,19,0.9943219261425844,15,0.9817348983869425,23,0.9857356732730846,24,0.972872433661185,0.8992377031993554,8,0.9810663558239064,19,0.9787365757118617,0.8550635627665945,0.9958596824022465,0.9886194433980664,21,10,13,-4839.478628777124,-5200.618862829646,-4827.194514960634,-5359.640789330606,-4841.320289633826,-4883.078618727162,-5597.505938112401,-4806.122242547331,0.9633253772786056,-4873.621253076195,43,0.9906388931680823,37,0.9942535011295955,25,0.9964583038335306,24,0.9902574245558601,26,0.9866473076898553,16,0.981771755158688,21,0.9875333632444495,14,0.9962565628408468,-4993.191618471412,0.9210619850019148,0.8711709935791865,8,16,-4882.7742210413835,-4857.212291836124,-4809.592752961535,-4876.063805642054,-4862.460537344127,-5075.504073511798,-4870.664036865248,-4887.9391037890155,32,0.9868702722628314,0.9935642699111583,38,0.9400887111664074,21,0.932362497575398,17,0.9845610180060214,26,0.9471923739800475,24,0.9776406919471018,18,0.9946124571681031,18,0.8488782039735473,10,0.991912260163394,-4893.359398627172,-4828.986179031727,0.9751425304944062,22,-4949.764668788801,-4866.365276284208,-4810.199806894295,-4995.971267748864,-5227.213679491991,-4811.745872499197,-4806.956501751128,-4830.5815704425595,20,17,20,25,17,21,42,13,26,12,-4808.708377896852,-4869.807962146197,-4819.513035247495,-4906.909951939279,-4972.121878474539,-4878.107958279765,-4824.683253714776,-4885.484006100962,-4935.718732513776,-5702.880470097641,0.40991837107494605,0.6109019275357673,0.4767116052596802,0.46895410430021434,0.6604567358518231,0.6292963294959723,0.5192101343382882,0.5367084966897516,20,0.5867948093390595,10,24,21,33,16,30,27,21,18,0.5995843791895583,0.4991165305180452,0.5153865683799549,0.6274260669428384,-4817.225734654819,0.5218238966032344,0.4926986549968284,-5053.063666399809,0.49487614767796934,-4849.901253054315,0.21255144511763707,-5133.4361715492605,0.50048735248948,-4861.276530877528,19,43,24,37,14,19,19,15,19,19,-4825.248726395561,-5091.24651024805,-4812.149029057075,-5638.292216298566,-4895.687556250504,0.639379443662694,0.47654561121412486,0.41676650409040855,0.5615211996624633,0.5144464968557471,0.6305342640216697,0.509127291366283,-4833.312279578439,0.5333814380775215,-4968.438995732305,0.5170483048371407,-4813.886362594462,-4803.234968925654,23,11,19,19,34,33,22,53,15,28,-4804.207619372202,-4831.4510999493705,-4875.08766156747,-4846.644729373866,-4908.229536068844,0.562685266640536,-4850.99724364126,0.46621608471787845,0.528666481012545,0.4517352889160475,0.689966678956434,0.5306328622477057,0.25201757149765236,0.5526772762445452,-4855.483574168671,0.5777406018742176,-4813.555091375125,-4875.2706844929835,15,40,17,21,27,17,26,36,51,14,-4890.205892804618,-5619.846222684252,-5322.534134212657,-4878.592912331659,0.5669601834037769,-5494.011399972659,0.5911066037479578,-4919.682380183896,0.5708939653673731,0.6045562123037361,-5196.418317101218,0.5591673218259263,0.49941496926938106,0.6436097512997975,0.5017150590835832,0.5989864930151223,0.5295977205000126,0.5891439216709295,0.489928833922781,0.604123319540635,0.5822219755585298,0.5144688088482177,0.5618053384965493,0.5410180408999672,0.5490910903220222,0.44333346633294424,0.494828306116383,0.5842220158169035,0.5421108895720536,0.5282228831101007,0.4934282314977274,0.5149064851436844,0.7179213458692001,0.6876743973186368,0.5113916370835792,0.5253136378104812,0.6826519907113613,0.5659039028145381,0.5037394067512357,0.5209144071287912,0.4527604416109008,0.4921436009137715,0.6895304581098213,0.5081142817202599,0.602733873657669,0.7367782110675994,0.478593639644735,0.41329482925059025,0.4916322437506665,0.4962433075609709,0.5383505924716996,0.9833000953659427,0.9878402493029554,0.9874860329921684,0.9812525926594224,0.5566771869903926,0.52141830466638,0.6465057105805059,0.6124432751741621,0.52376583551562,0.5278736291296018,0.53793127474885,0.5967018069722215,0.5892703593033551,0.5575421196480508,0.5291002038963155,0.5786392858036775,0.4909486257842691,0.47529908694374357,0.6140717306896086,0.5368092227576656,0.6121168256015528,0.19804579232990294,/mnt/beegfs/rcabanas/dev/credici/papers/journalEM/models/synthetic/s12/random_mc2_n6_mid3_d1000_05_mr098_r10_30.uai,0.4376328275061328,0.5637152735797635,0.6029746892268223,0.5048057894615319,0.4773641406299743,0.4790932071432566,0.621429303657094,0.5004674702040605,0.5559496626302094,0.6547352692984816,0.5908366914465333,0.48382311720545,0.986407871417073,0.9762234570840127,0.9852896247379407,0.981911094741994,0.9893181000961232,0.9976156375955657,0.9922757696608928,0.9878532381861513,0.9957788790491107,0.985840132510454,0.9917915248194256,0.9816338537453311,0.9122466234853374,0.9944150142205382,0.9894443269106431,0.9714910399765436,0.9091574742646543,0.9259071333181534,0.9300319355768881,0.9963071639205038,0.9412652064880155,0.9245765216899751,0.9818122920128907,0.9349733990375705,0.992690268675478,0.9812340302060139,0.9747203231836556,0.9925663619573278,0.982474918661224,0.9865262076721117,0.992481952758751,0.984174124685992,0.9772989500650778,0.9899757914672018,0.9839173970416317,/mnt/beegfs/rcabanas/dev/credici/papers/journalEM/models/synthetic/s12/random_mc2_n6_mid3_d1000_05_mr098_r10_30_info.csv,0.9009777721541558,0.9832042820222172,0.9809781113461056,0.9851753564009903,0.9753208302429037,0.9960341428637066,0.9952832211109335,0.9890290181132393,0.9944672894735261,0.950307774741731,0.9947257673477455,0.9821363775759026,0.9883538389070009,0.9893005317803197,0.8653932812046656,0.9866930323361398,0.9930735348813552,0.9714392312768365,0.9294281833850301,0.9951234524674959,0.9877923366619871,0.8960989675919107,0.9807728080280556,0.9920584764939752,0.929041828867051,0.9052232980738917,0.8888461521290049,0.9690464875929772,0.9857119005765838,0.9944118543528406,0.8511146265456785,0.9793683940598746,0.9812381521109881,0.9802244960076847,0.9436768825266685,0.9412963631954978,0.886440077063177,0.9668123450433264,0.9954272345078629,0.9914180868684108,0.9548488397493008,0.850769871191888,0.981459117678449,0.9858921641115781,0.9940395555618541,0.986162436214699,0.9807675163162386,0.9946816423480432,0.9824440313152297,0.9675537382101912,0.8670425216945206,0.9727363379019288,0.9959688808052144,0.9745070629065775,0.9959217442267899,0.9944644366055666,0.9444270530270957,0.9720331746444232,0.9795977130270228
