cause,effect,exact,exactPath,falseState,infoPath,method,modelID,modelPath,pns_l,pns_u,time_learn,time_pns,trueState
7,4,false,/mnt/beegfs/rcabanas/dev/credici/papers/journalEM/output/synthetic/s123b/random_mc2_n10_mid3_d1000_05_mr098_r10_59_uai_ccve.csv,1,/mnt/beegfs/rcabanas/dev/credici/papers/journalEM/models/synthetic/s123/random_mc2_n10_mid3_d1000_05_mr098_r10_59_info.csv,CCALP,random_mc2_n10_mid3_d1000_05_mr098_r10_59_uai,/mnt/beegfs/rcabanas/dev/credici/papers/journalEM/models/synthetic/s123/random_mc2_n10_mid3_d1000_05_mr098_r10_59.uai,5.211698522744612E-7,0.0013824768837479295,76,1259,0
