CAUSAL 
30 
2 2 2 2 2 2 2 2 2 2 2 2 2 2 2 3 5 5 5 5 5 5 5 5 5 5 5 5 5 5 
30 
2	15 0 
3	16 0 1 
3	17 1 2 
3	18 2 3 
3	19 3 4 
3	20 4 5 
3	21 5 6 
3	22 6 7 
3	23 7 8 
3	24 8 9 
3	25 9 10 
3	26 10 11 
3	27 11 12 
3	28 12 13 
3	29 13 14 
1	15 
1	16 
1	17 
1	18 
1	19 
1	20 
1	21 
1	22 
1	23 
1	24 
1	25 
1	26 
1	27 
1	28 
1	29 

3	1 0 1 
10	0 1 1 1 0 1 0 0 0 1 
10	0 1 0 1 1 0 0 0 0 0 
10	1 1 0 0 0 0 1 1 0 0 
10	1 0 1 0 0 1 0 0 0 1 
10	1 0 1 1 0 0 0 1 0 1 
10	1 1 0 1 1 1 0 1 1 0 
10	1 1 1 1 1 0 0 1 1 1 
10	1 1 0 0 0 1 0 0 1 0 
10	1 0 1 1 1 1 1 0 1 0 
10	0 0 1 1 0 1 0 1 0 0 
10	1 1 1 0 0 1 1 1 1 1 
10	0 0 1 0 1 0 1 1 1 1 
10	0 1 1 1 1 0 1 1 1 0 
10	0 1 0 1 0 0 0 1 1 0 
3	0.008 0.266 0.726 
5	0.574 0.044 0.01 0.008 0.364 
5	0.001 0.011 0.774 0.21 0.004 
5	0.037 0.218 0.12 0.503 0.122 
5	0.375 0.017 0.21 0.154 0.244 
5	0.04 0.443 0.271 0.094 0.152 
5	0.018 0.073 0.029 0.013 0.867 
5	0.338 0.402 0.095 0.007 0.158 
5	0.621 0.165 0.087 0.117 0.01 
5	0.008 0.002 0.236 0.035 0.719 
5	0.411 0.002 0.416 0.168 0.003 
5	0.08 0.67 0.002 0.009 0.239 
5	0.312 0.011 0.068 0.535 0.074 
5	0.003 0.002 0.636 0.007 0.352 
5	0.105 0.004 0.16 0.366 0.365 
