CAUSAL 
30 
2 2 2 2 2 3 5 5 5 5 2 2 2 2 2 4 4 4 4 4 2 2 2 2 2 4 4 4 4 4 
30 
2	5 0 
3	6 0 1 
3	7 1 2 
3	8 2 3 
3	9 3 4 
1	5 
1	6 
1	7 
1	8 
1	9 
3	15 4 10 
3	16 10 11 
3	17 11 12 
3	18 12 13 
3	19 13 14 
1	15 
1	16 
1	17 
1	18 
1	19 
3	25 14 20 
3	26 20 21 
3	27 21 22 
3	28 22 23 
3	29 23 24 
1	25 
1	26 
1	27 
1	28 
1	29 

3	1 1 0 
10	0 1 1 1 0 0 1 0 1 0 
10	1 1 0 1 0 0 1 1 0 1 
10	1 0 1 1 1 1 0 0 1 0 
10	0 0 0 1 1 1 0 1 0 1 
3	0.413 0.163 0.424 
5	0.019 0.758 0.085 0.13 0.008 
5	0.003 0.027 0.306 0.648 0.016 
5	0.131 0.147 0.281 0.031 0.41 
5	0.164 0.093 0.156 0.009 0.578 
8	0 1 0 0 1 0 0 1 
8	1 0 0 0 1 0 1 0 
8	0 1 0 1 0 0 0 0 
8	1 1 1 0 1 0 0 1 
8	1 1 0 0 1 0 1 0 
4	0.4476 0.20773 0.16346 0.18121 
4	0.00331 0.82852 0.12014 0.04803 
4	0.74257 0.16946 0.06867 0.0193 
4	0.25283 0.17583 0.01725 0.55409 
4	0.10526 0.0599 0.29966 0.53518 
8	1 1 1 0 0 0 0 1 
8	1 0 0 1 0 1 0 0 
8	1 0 1 1 0 0 0 1 
8	1 0 1 0 0 1 1 1 
8	1 1 0 1 1 1 0 0 
4	0.19592 0.0503 0.70792 0.04586 
4	0.33894 0.17682 0.20751 0.27673 
4	0.14093 0.64118 0.17431 0.04358 
4	0.33924 0.00639 0.35148 0.30289 
4	0.01794 0.05339 0.03065 0.89802 
