CAUSAL 
30 
2 2 2 2 2 3 5 5 5 5 2 2 2 2 2 4 4 4 4 4 2 2 2 2 2 4 4 4 4 4 
30 
2	5 0 
3	6 0 1 
3	7 1 2 
3	8 2 3 
3	9 3 4 
1	5 
1	6 
1	7 
1	8 
1	9 
3	15 4 10 
3	16 10 11 
3	17 11 12 
3	18 12 13 
3	19 13 14 
1	15 
1	16 
1	17 
1	18 
1	19 
3	25 14 20 
3	26 20 21 
3	27 21 22 
3	28 22 23 
3	29 23 24 
1	25 
1	26 
1	27 
1	28 
1	29 

3	0 1 0 
10	1 1 1 0 0 1 0 1 0 0 
10	0 0 0 1 1 0 1 0 1 1 
10	0 1 1 0 0 0 0 0 0 1 
10	0 1 1 1 0 1 1 0 0 1 
3	0.607 0.283 0.11 
5	0.002 0.008 0.042 0.926 0.022 
5	0.019 0.137 0.029 0.133 0.682 
5	0.051 0.845 0.002 0.004 0.098 
5	0.099 0.291 0.322 0.209 0.079 
8	0 0 0 0 0 1 1 0 
8	0 0 1 0 0 0 0 1 
8	0 1 0 1 1 0 0 0 
8	0 1 1 1 0 1 1 0 
8	0 1 0 0 1 1 1 0 
4	0.01925 0.01767 0.92648 0.0366 
4	0.00566 0.84307 0.02349 0.12778 
4	0.02063 0.40575 0.39425 0.17937 
4	0.01585 0.02716 0.70757 0.24942 
4	0.02327 0.25815 0.10493 0.61365 
8	1 1 1 0 0 1 1 0 
8	1 1 1 0 1 0 1 0 
8	0 0 1 0 1 1 1 0 
8	1 0 1 0 0 0 1 1 
8	0 0 1 0 0 1 1 0 
4	0.60568 0.03868 0.24495 0.11069 
4	0.25006 0.08145 0.14743 0.52106 
4	0.00956 0.00385 0.0081 0.97849 
4	0.04045 0.7995 0.11782 0.04223 
4	0.0191 0.07283 0.86347 0.0446 
