CAUSAL 
30 
2 2 2 2 2 3 5 5 5 5 2 2 2 2 2 4 4 4 4 4 2 2 2 2 2 4 4 4 4 4 
30 
2	5 0 
3	6 0 1 
3	7 1 2 
3	8 2 3 
3	9 3 4 
1	5 
1	6 
1	7 
1	8 
1	9 
3	15 4 10 
3	16 10 11 
3	17 11 12 
3	18 12 13 
3	19 13 14 
1	15 
1	16 
1	17 
1	18 
1	19 
3	25 14 20 
3	26 20 21 
3	27 21 22 
3	28 22 23 
3	29 23 24 
1	25 
1	26 
1	27 
1	28 
1	29 

3	0 1 0 
10	1 1 0 0 1 1 1 1 0 1 
10	0 1 1 1 1 0 0 0 0 1 
10	1 0 0 0 1 0 0 1 0 1 
10	0 1 1 0 0 1 1 1 0 0 
3	0.367 0.327 0.306 
5	0.002 0.493 0.009 0.011 0.485 
5	0.121 0.358 0.039 0.453 0.029 
5	0.006 0.419 0.48 0.089 0.006 
5	0.946 0.032 0.001 0.003 0.018 
8	0 1 1 1 0 0 0 1 
8	0 1 1 0 0 0 0 0 
8	1 0 1 0 1 0 1 0 
8	1 1 1 1 0 0 0 1 
8	0 1 1 1 0 1 0 0 
4	0.2468 0.47104 0.05661 0.22555 
4	0.09114 0.14131 0.56252 0.20503 
4	0.257 0.30044 0.29392 0.14864 
4	0.15627 0.0745 0.40139 0.36784 
4	0.04432 0.28918 0.40897 0.25753 
8	1 1 0 1 1 0 0 0 
8	0 0 1 1 0 1 1 1 
8	1 0 1 1 0 1 1 0 
8	1 0 0 0 0 0 0 1 
8	1 0 1 0 0 0 1 1 
4	0.01564 0.84939 0.08444 0.05053 
4	0.16846 0.29622 0.49024 0.04508 
4	0.02331 0.14514 0.72613 0.10542 
4	0.97745 0.00335 0.01403 0.00517 
4	0.0244 0.01556 0.93041 0.02963 
