CAUSAL 
30 
2 2 2 2 2 3 5 5 5 5 2 2 2 2 2 4 4 4 4 4 2 2 2 2 2 4 4 4 4 4 
30 
2	5 0 
3	6 0 1 
3	7 1 2 
3	8 2 3 
3	9 3 4 
1	5 
1	6 
1	7 
1	8 
1	9 
3	15 4 10 
3	16 10 11 
3	17 11 12 
3	18 12 13 
3	19 13 14 
1	15 
1	16 
1	17 
1	18 
1	19 
3	25 14 20 
3	26 20 21 
3	27 21 22 
3	28 22 23 
3	29 23 24 
1	25 
1	26 
1	27 
1	28 
1	29 

3	1 0 0 
10	1 1 1 1 0 1 0 0 1 1 
10	1 0 0 1 1 1 0 0 0 0 
10	1 1 1 0 1 0 1 0 0 0 
10	1 0 0 0 1 1 0 1 1 0 
3	0.002 0.6 0.398 
5	0.186 0.128 0.29 0.382 0.014 
5	0.909 0.032 0.005 0.006 0.048 
5	0.018 0.015 0.73 0.236 0.001 
5	0.016 0.722 0.015 0.017 0.23 
8	0 0 0 0 0 0 1 0 
8	0 1 1 0 0 0 0 0 
8	0 0 1 1 1 1 1 0 
8	0 1 0 0 0 1 0 1 
8	0 1 0 1 0 0 0 1 
4	0.04163 0.03917 0.14735 0.77185 
4	0.51729 0.10803 0.02672 0.34796 
4	0.1263 0.05683 0.03755 0.77932 
4	0.0775 0.05571 0.70451 0.16228 
4	0.25683 0.06324 0.371 0.30893 
8	0 0 0 0 1 1 1 0 
8	1 1 0 1 1 0 0 0 
8	0 0 1 0 1 1 1 0 
8	0 1 1 1 1 0 0 1 
8	1 1 1 0 1 1 0 1 
4	0.02481 0.5379 0.00318 0.43411 
4	0.00524 0.02275 0.56133 0.41068 
4	0.04798 0.75297 0.19543 0.00362 
4	0.27538 0.23235 0.1131 0.37917 
4	0.09913 0.45107 0.20484 0.24496 
