CAUSAL 
30 
2 2 2 2 2 3 5 5 5 5 2 2 2 2 2 4 4 4 4 4 2 2 2 2 2 4 4 4 4 4 
30 
2	5 0 
3	6 0 1 
3	7 1 2 
3	8 2 3 
3	9 3 4 
1	5 
1	6 
1	7 
1	8 
1	9 
3	15 4 10 
3	16 10 11 
3	17 11 12 
3	18 12 13 
3	19 13 14 
1	15 
1	16 
1	17 
1	18 
1	19 
3	25 14 20 
3	26 20 21 
3	27 21 22 
3	28 22 23 
3	29 23 24 
1	25 
1	26 
1	27 
1	28 
1	29 

3	0 1 1 
10	0 0 1 0 1 1 1 0 0 1 
10	0 1 0 0 1 0 1 1 0 1 
10	1 1 1 1 0 0 1 0 1 0 
10	0 1 0 1 1 1 0 1 0 0 
3	0.281 0.556 0.163 
5	0.909 0.003 0.015 0.063 0.01 
5	0.003 0.729 0.074 0.178 0.016 
5	0.441 0.167 0.017 0.143 0.232 
5	0.461 0.47 0.041 0.027 0.001 
8	1 1 0 1 0 1 0 0 
8	0 0 1 0 1 1 0 0 
8	1 0 0 0 1 0 1 1 
8	1 1 0 1 0 0 1 0 
8	0 1 1 0 1 1 1 1 
4	0.02928 0.15946 0.05979 0.75147 
4	0.27499 0.01875 0.69457 0.01169 
4	0.00298 0.01008 0.02571 0.96123 
4	0.0116 0.35983 0.49439 0.13418 
4	0.84169 0.00938 0.10982 0.03911 
8	0 0 1 1 1 0 0 1 
8	0 1 1 1 1 0 0 1 
8	0 0 0 1 0 0 1 0 
8	1 1 0 0 0 1 1 1 
8	1 1 0 1 0 1 0 0 
4	0.73729 0.02065 0.18442 0.05764 
4	0.00195 0.01934 0.97336 0.00535 
4	0.06866 0.61519 0.11623 0.19992 
4	0.31794 0.02624 0.17227 0.48355 
4	0.62141 0.29018 0.06807 0.02034 
