CAUSAL 
30 
2 2 2 2 2 3 5 5 5 5 2 2 2 2 2 4 4 4 4 4 2 2 2 2 2 4 4 4 4 4 
30 
2	5 0 
3	6 0 1 
3	7 1 2 
3	8 2 3 
3	9 3 4 
1	5 
1	6 
1	7 
1	8 
1	9 
3	15 4 10 
3	16 10 11 
3	17 11 12 
3	18 12 13 
3	19 13 14 
1	15 
1	16 
1	17 
1	18 
1	19 
3	25 14 20 
3	26 20 21 
3	27 21 22 
3	28 22 23 
3	29 23 24 
1	25 
1	26 
1	27 
1	28 
1	29 

3	0 1 1 
10	0 1 1 0 0 0 1 1 0 1 
10	0 0 0 0 0 1 1 0 1 0 
10	0 1 0 0 0 1 0 0 1 0 
10	0 1 0 0 0 0 1 1 1 0 
3	0.192 0.722 0.086 
5	0.112 0.282 0.132 0.443 0.031 
5	0.028 0.004 0.13 0.579 0.259 
5	0.094 0.057 0.271 0.543 0.035 
5	0.331 0.179 0.029 0.162 0.299 
8	0 1 0 0 1 0 0 1 
8	0 0 1 0 0 1 0 0 
8	0 1 1 1 1 0 1 0 
8	1 0 0 1 1 1 0 0 
8	0 0 1 0 1 1 0 1 
4	0.95142 0.0076 0.02865 0.01233 
4	9.6E-4 0.00525 0.98073 0.01306 
4	0.01883 0.90034 0.07712 0.00371 
4	0.95353 0.04264 0.00206 0.00177 
4	0.07808 0.00681 0.12374 0.79137 
8	1 1 1 1 1 0 0 0 
8	0 0 0 0 0 1 1 1 
8	1 0 0 0 0 1 1 1 
8	1 1 1 1 0 0 1 0 
8	1 1 1 0 0 1 1 1 
4	0.14462 0.12563 0.64429 0.08546 
4	0.31082 0.12329 0.22397 0.34192 
4	0.00601 0.01138 0.08049 0.90212 
4	0.03454 0.8898 0.05884 0.01682 
4	0.22837 0.02621 0.14877 0.59665 
