CAUSAL 
30 
2 2 2 2 2 2 2 2 2 2 2 2 2 2 2 3 5 5 5 5 5 5 5 5 5 5 5 5 5 5 
30 
2	15 0 
3	16 0 1 
3	17 1 2 
3	18 2 3 
3	19 3 4 
3	20 4 5 
3	21 5 6 
3	22 6 7 
3	23 7 8 
3	24 8 9 
3	25 9 10 
3	26 10 11 
3	27 11 12 
3	28 12 13 
3	29 13 14 
1	15 
1	16 
1	17 
1	18 
1	19 
1	20 
1	21 
1	22 
1	23 
1	24 
1	25 
1	26 
1	27 
1	28 
1	29 

3	0 1 1 
10	0 0 0 1 1 1 0 1 0 1 
10	0 1 0 0 0 0 1 1 1 0 
10	0 1 1 1 1 1 0 0 0 1 
10	1 0 0 1 0 1 0 1 1 0 
10	1 0 1 1 1 0 1 0 1 0 
10	0 0 1 1 1 0 0 0 0 0 
10	0 0 0 0 0 0 0 1 0 1 
10	1 1 1 1 0 0 0 1 0 0 
10	0 0 1 1 1 1 0 0 1 0 
10	1 0 0 1 1 0 0 1 1 1 
10	1 0 0 1 1 1 0 1 0 1 
10	0 1 1 1 0 1 1 1 0 0 
10	0 0 0 1 1 0 1 1 0 1 
10	0 1 1 0 0 1 0 1 1 0 
3	0.345 0.158 0.497 
5	0.009 0.151 0.447 0.392 0.001 
5	0.239 0.195 0.009 0.079 0.478 
5	0.053 0.043 0.496 0.015 0.393 
5	0.001 0.43 0.02 0.5 0.049 
5	0.064 0.008 0.557 0.1 0.271 
5	0.16 0.083 0.01 0.741 0.006 
5	0.008 0.961 0.023 0.006 0.002 
5	0.018 0.003 0.369 0.607 0.003 
5	0.031 0.037 0.094 0.179 0.659 
5	0.01 0.001 0.83 0.113 0.046 
5	0.705 0.018 0.02 0.211 0.046 
5	0.06 0.154 0.337 0.431 0.018 
5	0.003 0.002 0.004 0.962 0.029 
5	0.932 0.004 0.003 0.004 0.057 
