CAUSAL 
30 
2 2 2 2 2 2 2 2 2 2 2 2 2 2 2 3 5 5 5 5 5 5 5 5 5 5 5 5 5 5 
30 
2	15 0 
3	16 0 1 
3	17 1 2 
3	18 2 3 
3	19 3 4 
3	20 4 5 
3	21 5 6 
3	22 6 7 
3	23 7 8 
3	24 8 9 
3	25 9 10 
3	26 10 11 
3	27 11 12 
3	28 12 13 
3	29 13 14 
1	15 
1	16 
1	17 
1	18 
1	19 
1	20 
1	21 
1	22 
1	23 
1	24 
1	25 
1	26 
1	27 
1	28 
1	29 

3	0 0 1 
10	0 1 0 1 0 0 1 1 1 1 
10	1 0 1 1 1 0 1 0 1 0 
10	1 0 1 0 1 1 0 1 0 1 
10	0 1 0 0 1 1 0 1 1 1 
10	1 0 0 0 1 1 0 1 0 1 
10	0 1 1 1 1 0 0 1 1 0 
10	1 1 0 0 0 0 1 0 1 1 
10	1 1 0 0 1 1 0 1 0 0 
10	1 1 0 1 0 0 1 1 0 1 
10	1 1 0 1 0 0 1 0 0 1 
10	0 0 0 0 1 0 1 1 0 1 
10	0 1 1 0 1 0 0 1 1 0 
10	0 1 0 1 1 0 1 0 0 0 
10	1 0 1 0 1 0 1 0 0 0 
3	0.349 0.539 0.112 
5	0.044 0.127 0.366 0.027 0.436 
5	0.102 0.165 0.389 0.028 0.316 
5	0.477 0.106 0.002 0.414 0.001 
5	0.036 0.821 0.039 0.084 0.02 
5	0.236 0.322 0.035 0.239 0.168 
5	0.017 0.023 0.01 0.481 0.469 
5	0.007 0.114 0.275 0.585 0.019 
5	0.106 0.546 0.075 0.171 0.102 
5	0.013 0.004 0.591 0.033 0.359 
5	0.007 0.069 0.018 0.001 0.905 
5	0.016 0.943 0.016 0.018 0.007 
5	0.021 0.002 0.191 0.027 0.759 
5	0.211 0.159 0.052 0.117 0.461 
5	0.009 0.43 0.039 0.432 0.09 
