CAUSAL 
30 
2 2 2 2 2 2 2 2 2 2 2 2 2 2 2 3 5 5 5 5 5 5 5 5 5 5 5 5 5 5 
30 
2	15 0 
3	16 0 1 
3	17 1 2 
3	18 2 3 
3	19 3 4 
3	20 4 5 
3	21 5 6 
3	22 6 7 
3	23 7 8 
3	24 8 9 
3	25 9 10 
3	26 10 11 
3	27 11 12 
3	28 12 13 
3	29 13 14 
1	15 
1	16 
1	17 
1	18 
1	19 
1	20 
1	21 
1	22 
1	23 
1	24 
1	25 
1	26 
1	27 
1	28 
1	29 

3	1 1 0 
10	0 0 0 1 0 0 1 1 0 0 
10	0 1 0 1 0 0 0 0 0 1 
10	1 0 1 0 0 0 0 1 0 1 
10	0 1 1 1 0 1 1 1 1 0 
10	0 0 0 0 1 0 1 0 1 1 
10	0 0 0 1 1 1 0 1 0 1 
10	1 0 1 0 0 0 1 1 1 0 
10	1 0 1 0 1 1 0 0 0 0 
10	1 0 1 1 0 0 0 1 1 0 
10	1 1 0 0 0 0 1 0 0 1 
10	1 0 0 1 0 1 0 1 0 0 
10	1 1 0 1 1 0 0 1 1 0 
10	0 1 1 1 1 1 0 1 0 0 
10	1 0 0 1 0 1 1 0 1 0 
3	0.391 0.184 0.425 
5	0.079 0.042 0.187 0.654 0.038 
5	0.98 0.01 0.003 0.005 0.002 
5	0.038 0.029 0.237 0.659 0.037 
5	0.125 0.058 0.192 0.537 0.088 
5	0.215 0.005 0.607 0.038 0.135 
5	0.086 0.021 0.588 0.15 0.155 
5	0.871 0.006 0.091 0.003 0.029 
5	0.938 0.017 0.009 0.004 0.032 
5	0.015 0.272 0.023 0.149 0.541 
5	0.043 0.526 0.125 0.023 0.283 
5	0.059 0.44 0.101 0.386 0.014 
5	0.044 0.049 0.057 0.137 0.713 
5	0.005 0.007 0.013 0.004 0.971 
5	0.009 0.494 0.003 0.003 0.491 
