CAUSAL 
30 
2 2 2 2 2 2 2 2 2 2 2 2 2 2 2 3 5 5 5 5 5 5 5 5 5 5 5 5 5 5 
30 
2	15 0 
3	16 0 1 
3	17 1 2 
3	18 2 3 
3	19 3 4 
3	20 4 5 
3	21 5 6 
3	22 6 7 
3	23 7 8 
3	24 8 9 
3	25 9 10 
3	26 10 11 
3	27 11 12 
3	28 12 13 
3	29 13 14 
1	15 
1	16 
1	17 
1	18 
1	19 
1	20 
1	21 
1	22 
1	23 
1	24 
1	25 
1	26 
1	27 
1	28 
1	29 

3	0 1 0 
10	0 0 1 0 1 0 1 1 0 0 
10	0 1 1 0 0 0 1 1 0 1 
10	0 1 0 0 1 1 0 0 0 1 
10	1 0 1 1 0 0 1 1 0 0 
10	1 0 0 0 0 0 0 1 1 1 
10	0 0 0 0 0 1 0 1 1 1 
10	1 1 0 0 1 0 1 0 1 0 
10	0 0 0 0 0 0 1 0 1 1 
10	0 0 1 1 1 0 0 0 1 1 
10	1 0 0 1 1 1 0 0 1 1 
10	0 1 0 0 0 1 1 1 0 0 
10	1 1 0 1 0 0 1 0 1 0 
10	1 1 1 1 0 1 0 0 0 0 
10	0 0 1 0 1 1 0 0 0 0 
3	0.133 0.401 0.466 
5	0.176 0.038 0.055 0.724 0.007 
5	0.623 0.18 0.17 0.005 0.022 
5	0.058 0.337 0.022 0.498 0.085 
5	0.347 0.004 0.411 0.164 0.074 
5	0.04 0.021 0.629 0.076 0.234 
5	0.031 0.063 0.107 0.484 0.315 
5	0.018 0.004 0.035 0.888 0.055 
5	0.007 0.008 0.837 0.14 0.008 
5	0.058 0.611 0.022 0.141 0.168 
5	0.889 0.009 0.098 0.003 0.001 
5	0.007 0.382 0.003 0.606 0.002 
5	0.004 0.011 0.797 0.14 0.048 
5	0.102 0.069 0.614 0.004 0.211 
5	0.021 0.003 0.876 0.002 0.098 
