CAUSAL 
30 
2 2 2 2 2 2 2 2 2 2 2 2 2 2 2 3 5 5 5 5 5 5 5 5 5 5 5 5 5 5 
30 
2	15 0 
3	16 0 1 
3	17 1 2 
3	18 2 3 
3	19 3 4 
3	20 4 5 
3	21 5 6 
3	22 6 7 
3	23 7 8 
3	24 8 9 
3	25 9 10 
3	26 10 11 
3	27 11 12 
3	28 12 13 
3	29 13 14 
1	15 
1	16 
1	17 
1	18 
1	19 
1	20 
1	21 
1	22 
1	23 
1	24 
1	25 
1	26 
1	27 
1	28 
1	29 

3	1 1 0 
10	0 0 0 1 1 0 0 1 1 0 
10	0 1 1 0 0 1 0 1 0 1 
10	0 1 1 0 1 0 0 0 0 1 
10	0 1 0 1 0 0 1 0 1 1 
10	1 1 0 0 0 0 1 1 1 1 
10	0 0 0 0 1 0 1 0 1 1 
10	1 0 1 1 1 0 1 0 0 1 
10	1 0 1 1 0 0 1 1 1 0 
10	0 1 1 0 0 1 1 1 1 0 
10	0 0 0 1 1 1 0 0 0 0 
10	0 1 1 1 1 0 1 0 0 0 
10	1 1 0 1 1 1 0 0 1 0 
10	0 0 0 1 0 1 0 0 1 1 
10	1 0 0 0 0 0 0 0 1 1 
3	0.244 0.337 0.419 
5	0.048 0.354 0.459 0.045 0.094 
5	0.204 0.01 0.333 0.418 0.035 
5	0.295 0.063 0.392 0.199 0.051 
5	0.125 0.045 0.026 0.003 0.801 
5	0.003 0.71 0.113 0.004 0.17 
5	0.043 0.809 0.083 0.014 0.051 
5	0.081 0.655 0.022 0.033 0.209 
5	0.027 0.776 0.04 0.062 0.095 
5	0.311 0.496 0.136 0.047 0.01 
5	0.069 0.25 0.47 0.173 0.038 
5	0.241 0.048 0.249 0.319 0.143 
5	0.001 0.002 0.153 0.001 0.843 
5	0.019 0.56 0.071 0.154 0.196 
5	0.006 0.005 0.007 0.978 0.004 
